PRO 0 0 (0.52706,0.15914) (0.26771,-0.11397)
PRO 0 1 (0.28271,0.31252) (0.078428,0.052204)
PRO 0 2 (0.19322,0.38529) (-0.045701,0.1295)
PRO 0 3 (0.27996,0.3489) (-0.083833,0.10993)
PRO 0 4 (0.46795,0.25492) (0.011641,0.011806)
PRO 0 5 (0.6641,0.17414) (0.2322,-0.069545)
PRO 0 6 (0.83293,0.12336) (0.48007,-0.13935)
PRO 0 7 (0.98223,0.082923) (0.62462,-0.17511)
PRO 0 8 (1.1107,0.045041) (0.71129,-0.19935)
PRO 0 9 (1.2131,0.016582) (0.78887,-0.18197)
PRO 0 10 (1.2772,0.010948) (0.89338,-0.14161)
PRO 0 11 (1.3079,0.024694) (1.003,-0.033686)
PRO 0 12 (1.3114,0.043267) (1.1064,0.089434)
PRO 0 13 (1.3036,0.047567) (1.2191,0.18879)
PRO 0 14 (1.2971,0.03459) (1.2602,0.18477)
PRO 0 15 (1.3056,0.014557) (1.2882,0.11706)
PRO 0 16 (1.3195,0.0024386) (1.2932,0.036139)
PRO 0 17 (1.3249,0.00091377) (1.3323,-0.003069)
PRO 0 18 (1.317,-0.00083658) (1.3384,-0.0053016)
PRO 0 19 (1.3117,-0.0095087) (1.3583,0.020173)
PRO 0 20 (1.3176,-0.018917) (1.3859,0.033905)
PRO 0 21 (1.3208,-0.020293) (1.4279,0.013416)
PRO 0 22 (1.3023,-0.012327) (1.4215,-0.039308)
PRO 0 23 (1.2571,-0.0076313) (1.3594,-0.078763)
PRO 0 24 (1.1948,-0.010124) (1.241,-0.10211)
PRO 0 25 (1.1148,-0.022293) (1.0642,-0.13874)
PRO 0 26 (0.99627,-0.024061) (0.81691,-0.20561)
PRO 0 27 (0.79495,0.030685) (0.53086,-0.20907)