0 0  24.78  0.4543940513173 
0 1  24.785  0.4541737739037 
0 2  24.79  0.4539660550047 
0 3  24.795  0.4537886474335 
0 4  24.8  0.4535930080096 
0 5  24.805  0.4533884038703 
0 6  24.81  0.4531938777073 
0 7  24.815  0.4529871645795 
0 8  24.82  0.4527859860473 
0 9  24.825  0.4525946356996 
0 10  24.83  0.4523978799951 
0 11  24.835  0.4522015138864 
0 12  24.84  0.4520070030871 
0 13  24.845  0.4518111919994 
0 14  24.85  0.4516141120116 
0 15  24.855  0.4514223708446 
0 16  24.86  0.450931914288 
0 17  24.865  0.4505575447863 
0 18  24.87  0.4503337169054 
0 19  24.875  0.4501217943893 
0 20  24.88  0.4499190348749 
0 21  24.885  0.4497189843339 
0 22  24.89  0.449522198628 
0 23  24.895  0.4493270316678 
0 24  24.9  0.4491309860728 
0 25  24.905  0.4489383166654 
0 26  24.91  0.4487491892391 
0 27  24.915  0.4485587854732 
0 28  24.92  0.4483689490827 
0 29  24.925  0.4481807447459 
0 30  24.93  0.4479935615142 
0 31  24.935  0.4478079820051 
0 32  24.94  0.4476227644608 
0 33  24.945  0.4474352147276 
0 34  24.95  0.4472516887372 
0 35  24.955  0.4470707349035 
0 36  24.96  0.4468875891169 
0 37  24.965  0.4467062593692 
0 38  24.97  0.4465260300514 
0 39  24.975  0.446346152846 
0 40  24.98  0.4461656221882 
0 41  24.985  0.4459870360962 
0 42  24.99  0.4458108506011 
0 43  24.995  0.445632805149 
0 44  25  0.4454556845272 
0 45  25.005  0.4452810775196 
0 46  25.01  0.4451082218793 
0 47  25.015  0.4449337812373 
0 48  25.02  0.444760582427 
0 49  25.025  0.4445828884398 
0 50  25.03  0.44440628556 
0 51  25.035  0.4442280069461 
0 52  25.04  0.444053356762 
0 53  25.045  0.4438824204639 
0 54  25.05  0.4437221243002 
0 55  25.055  0.4435531880296 
0 56  25.06  0.4433712602899 
0 57  25.065  0.4431935668313 
0 58  25.07  0.4430257246249 
0 59  25.075  0.4428662278778 
0 60  25.08  0.4426999724193 
0 61  25.085  0.442526593329 
0 62  25.09  0.4423556191536 
0 63  25.095  0.4421894843821 
0 64  25.1  0.4420106533318 
0 65  25.105  0.4418376760053 
0 66  25.11  0.4416806138556 
0 67  25.115  0.4415183097548 
0 68  25.12  0.4413499734054 
0 69  25.125  0.441182695294 
0 70  25.13  0.4410112055477 
0 71  25.135  0.4408331606157 
0 72  25.14  0.4406698588054 
0 73  25.145  0.4405110822266 
0 74  25.15  0.4403453328147 
0 75  25.155  0.4401757653996 
0 76  25.16  0.440014935577 
0 77  25.165  0.4398488343845 
0 78  25.17  0.439684374527 
0 79  25.175  0.4395198832938 
0 80  25.18  0.4393578274314 
0 81  25.185  0.4392002772789 
0 82  25.19  0.4390431414217 
0 83  25.195  0.4388832641875 
0 84  25.2  0.4387233276932 
0 85  25.205  0.4385552256803 
0 86  25.21  0.4383864305921 
0 87  25.215  0.4382288947886 
0 88  25.22  0.4380739778194 
0 89  25.225  0.4379162169214 
0 90  25.23  0.4377597911139 
0 91  25.235  0.4375999894639 
0 92  25.24  0.4374417723286 
0 93  25.245  0.4372821390846 
0 94  25.25  0.4371223404942 
0 95  25.255  0.4369645764952 
0 96  25.26  0.4368062964868 
0 97  25.265  0.4366563791378 
0 98  25.27  0.4365072052648 
0 99  25.275  0.4363419266888 
0 100  25.28  0.4361837041966 
0 101  25.285  0.4360311609117 
0 102  25.29  0.435873333288 
0 103  25.295  0.4357128202361 
0 104  25.3  0.4355577612774 
0 105  25.305  0.4354031905674 
0 106  25.31  0.4352511621749 
0 107  25.315  0.4350986153586 
0 108  25.32  0.434938827565 
0 109  25.325  0.4347844107768 
0 110  25.33  0.4346317275058 
0 111  25.335  0.4344812905669 
0 112  25.34  0.4343320156162 
0 113  25.345  0.4341726875389 
0 114  25.35  0.4340176234115 
0 115  25.355  0.4338700558754 
0 116  25.36  0.4337193933792 
0 117  25.365  0.4335640233656 
0 118  25.37  0.4334159526677 
0 119  25.375  0.4332661114699 
0 120  25.38  0.4331154170644 
0 121  25.385  0.4329617453416 
0 122  25.39  0.4328043158728 
0 123  25.395  0.4326530619821 
0 124  25.4  0.4325002646034 
0 125  25.405  0.4323479555166 
0 126  25.41  0.4322025556048 
0 127  25.415  0.432056538313 
0 128  25.42  0.4319061040088 
0 129  25.425  0.4317562508691 
0 130  25.43  0.4316066762126 
0 131  25.435  0.431459429756 
0 132  25.44  0.431311753707 
0 133  25.445  0.431168805012 
0 134  25.45  0.4310192719999 
0 135  25.455  0.4308621263156 
0 136  25.46  0.4307124042011 
0 137  25.465  0.4305671263785 
0 138  25.47  0.4304186518487 
0 139  25.475  0.4302690440203 
0 140  25.48  0.4301288834874 
0 141  25.485  0.4299876248459 
0 142  25.49  0.4298421407018 
0 143  25.495  0.4296936060208 
0 144  25.5  0.429544122159 
1 0  24.78  0.4543863020599 
1 1  24.785  0.4541795400549 
1 2  24.79  0.4539750136203 
1 3  24.795  0.4537912156263 
1 4  24.8  0.4535953630024 
1 5  24.805  0.4533926598775 
1 6  24.81  0.4531957745723 
1 7  24.815  0.4529867627489 
1 8  24.82  0.4527841531676 
1 9  24.825  0.4525932593178 
1 10  24.83  0.4523964420928 
1 11  24.835  0.4522002406818 
1 12  24.84  0.452003011443 
1 13  24.845  0.4517858260232 
1 14  24.85  0.4515640171268 
1 15  24.855  0.4513918815071 
1 16  24.86  0.4509085807733 
1 17  24.865  0.4505590248087 
1 18  24.87  0.4503356864837 
1 19  24.875  0.4501224859738 
1 20  24.88  0.4499210086885 
1 21  24.885  0.4497218900155 
1 22  24.89  0.4495239644568 
1 23  24.895  0.4493280159992 
1 24  24.9  0.4491324205286 
1 25  24.905  0.4489397998202 
1 26  24.91  0.4487496306298 
1 27  24.915  0.4485589248802 
1 28  24.92  0.448368956232 
1 29  24.925  0.4481806139282 
1 30  24.93  0.4479930881831 
1 31  24.935  0.4478076688211 
1 32  24.94  0.4476231678928 
1 33  24.945  0.4474359708279 
1 34  24.95  0.4472517988183 
1 35  24.955  0.4470698295235 
1 36  24.96  0.4468869846733 
1 37  24.965  0.4467057874061 
1 38  24.97  0.4465257781912 
1 39  24.975  0.4463464469678 
1 40  24.98  0.446166818664 
1 41  24.985  0.4459883109631 
1 42  24.99  0.4458110502493 
1 43  24.995  0.4456322762241 
1 44  25  0.4454545581478 
1 45  25.005  0.4452800508147 
1 46  25.01  0.4451098999417 
1 47  25.015  0.444941420588 
1 48  25.02  0.4447643779846 
1 49  25.025  0.4445842687809 
1 50  25.03  0.4444086304302 
1 51  25.035  0.4442310425536 
1 52  25.04  0.4440529471699 
1 53  25.045  0.4438804486464 
1 54  25.05  0.4437180933206 
1 55  25.055  0.4435488603389 
1 56  25.06  0.4433701607654 
1 57  25.065  0.4431953467905 
1 58  25.07  0.4430288024705 
1 59  25.075  0.4428673269827 
1 60  25.08  0.4426993401956 
1 61  25.085  0.442525955429 
1 62  25.09  0.442353057389 
1 63  25.095  0.4421857785336 
1 64  25.1  0.4420136637401 
1 65  25.105  0.4418431277954 
1 66  25.11  0.4416808248201 
1 67  25.115  0.4415133261314 
1 68  25.12  0.4413443718856 
1 69  25.125  0.4411774661541 
1 70  25.13  0.4410091785742 
1 71  25.135  0.4408357330891 
1 72  25.14  0.4406719918476 
1 73  25.145  0.4405089635862 
1 74  25.15  0.4403457794389 
1 75  25.155  0.440181100936 
1 76  25.16  0.4400187499823 
1 77  25.165  0.439848982612 
1 78  25.17  0.4396836586835 
1 79  25.175  0.4395191022838 
1 80  25.18  0.439354863054 
1 81  25.185  0.439198018266 
1 82  25.19  0.4390439043857 
1 83  25.195  0.4388835518064 
1 84  25.2  0.4387234587492 
1 85  25.205  0.4385558394437 
1 86  25.21  0.4383875288806 
1 87  25.215  0.4382335276867 
1 88  25.22  0.4380792370876 
1 89  25.225  0.4379194595681 
1 90  25.23  0.437760882487 
1 91  25.235  0.4375983730044 
1 92  25.24  0.4374413080132 
1 93  25.245  0.4372852538507 
1 94  25.25  0.4371265738673 
1 95  25.255  0.4369686210972 
1 96  25.26  0.4368081436305 
1 97  25.265  0.43665476463 
1 98  25.27  0.4365059646144 
1 99  25.275  0.4363464141845 
1 100  25.28  0.4361864081802 
1 101  25.285  0.4360310731389 
1 102  25.29  0.435870713949 
1 103  25.295  0.4357089057622 
1 104  25.3  0.4355542287076 
1 105  25.305  0.4353998446176 
1 106  25.31  0.4352486142134 
1 107  25.315  0.4350963797104 
1 108  25.32  0.4349400200285 
1 109  25.325  0.4347846782802 
1 110  25.33  0.4346286914461 
1 111  25.335  0.4344799338217 
1 112  25.34  0.4343331451068 
1 113  25.345  0.4341750257646 
1 114  25.35  0.4340183118193 
1 115  25.355  0.4338706885965 
1 116  25.36  0.4337196326623 
1 117  25.365  0.4335646139195 
1 118  25.37  0.4334161016993 
1 119  25.375  0.4332643579499 
1 120  25.38  0.4331145317649 
1 121  25.385  0.4329629503485 
1 122  25.39  0.4328053894747 
1 123  25.395  0.4326527185037 
1 124  25.4  0.4324992110244 
1 125  25.405  0.4323473014685 
1 126  25.41  0.4322026679494 
1 127  25.415  0.4320562322913 
1 128  25.42  0.4319046319084 
1 129  25.425  0.4317558509995 
1 130  25.43  0.4316078139494 
1 131  25.435  0.4314618030539 
1 132  25.44  0.4313147384765 
1 133  25.445  0.4311711187446 
1 134  25.45  0.4310187680989 
1 135  25.455  0.4308619131915 
1 136  25.46  0.4307138114026 
1 137  25.465  0.4305687125765 
1 138  25.47  0.4304205405078 
1 139  25.475  0.4302695969435 
1 140  25.48  0.4301288491889 
1 141  25.485  0.4299883164158 
1 142  25.49  0.4298407649152 
1 143  25.495  0.4296900776676 
1 144  25.5  0.4295434595667 
2 0  24.78  0.4543904324968 
2 1  24.785  0.4541697131779 
2 2  24.79  0.4539545626625 
2 3  24.795  0.4537778120796 
2 4  24.8  0.4535913749154 
2 5  24.805  0.4533908747298 
2 6  24.81  0.4531958869836 
2 7  24.815  0.452989022396 
2 8  24.82  0.4527866283232 
2 9  24.825  0.4525945129082 
2 10  24.83  0.4523973216445 
2 11  24.835  0.4522005345534 
2 12  24.84  0.4520020138904 
2 13  24.845  0.4517843073022 
2 14  24.85  0.4515649042602 
2 15  24.855  0.4513922220019 
2 16  24.86  0.4509106343834 
2 17  24.865  0.4505615202031 
2 18  24.87  0.4503363913477 
2 19  24.875  0.4501224558793 
2 20  24.88  0.4499206046067 
2 21  24.885  0.449720863333 
2 22  24.89  0.4495241914355 
2 23  24.895  0.4493288838848 
2 24  24.9  0.4491326488797 
2 25  24.905  0.4489400155308 
2 26  24.91  0.4487498441391 
2 27  24.915  0.4485590045735 
2 28  24.92  0.4483686953768 
2 29  24.925  0.4481802358296 
2 30  24.93  0.4479926701114 
2 31  24.935  0.4478074679247 
2 32  24.94  0.4476218127436 
2 33  24.945  0.4474343162528 
2 34  24.95  0.4472513358068 
2 35  24.955  0.447070655038 
2 36  24.96  0.4468876525213 
2 37  24.965  0.4467057932042 
2 38  24.97  0.4465257392173 
2 39  24.975  0.4463462776629 
2 40  24.98  0.4461660820684 
2 41  24.985  0.4459874234152 
2 42  24.99  0.4458106526165 
2 43  24.995  0.4456323070921 
2 44  25  0.4454545847891 
2 45  25.005  0.4452802786049 
2 46  25.01  0.4451099772822 
2 47  25.015  0.4449422186796 
2 48  25.02  0.4447645124043 
2 49  25.025  0.4445813478554 
2 50  25.03  0.4444029345424 
2 51  25.035  0.444225434064 
2 52  25.04  0.4440499529082 
2 53  25.045  0.4438783526438 
2 54  25.05  0.4437175556872 
2 55  25.055  0.4435467833742 
2 56  25.06  0.443366261367 
2 57  25.065  0.4431916541432 
2 58  25.07  0.4430276342365 
2 59  25.075  0.4428671357641 
2 60  25.08  0.4426978845172 
2 61  25.085  0.4425237633819 
2 62  25.09  0.4423547225048 
2 63  25.095  0.4421916095757 
2 64  25.1  0.4420162706151 
2 65  25.105  0.4418439773204 
2 66  25.11  0.4416830817143 
2 67  25.115  0.4415164869068 
2 68  25.12  0.4413491376753 
2 69  25.125  0.4411838673225 
2 70  25.13  0.4410141910195 
2 71  25.135  0.4408344427675 
2 72  25.14  0.4406696055664 
2 73  25.145  0.4405095032145 
2 74  25.15  0.4403459233779 
2 75  25.155  0.4401786841275 
2 76  25.16  0.4400151953605 
2 77  25.165  0.4398474189531 
2 78  25.17  0.4396834497721 
2 79  25.175  0.4395172322341 
2 80  25.18  0.4393524208829 
2 81  25.185  0.4391980808023 
2 82  25.19  0.439045469348 
2 83  25.195  0.4388848387625 
2 84  25.2  0.4387246338392 
2 85  25.205  0.4385590874913 
2 86  25.21  0.4383884606628 
2 87  25.215  0.4382300419718 
2 88  25.22  0.4380748022185 
2 89  25.225  0.4379182207721 
2 90  25.23  0.437761263147 
2 91  25.235  0.4375991500085 
2 92  25.24  0.4374411940715 
2 93  25.245  0.4372835282116 
2 94  25.25  0.4371264708903 
2 95  25.255  0.4369709094474 
2 96  25.26  0.4368117117673 
2 97  25.265  0.4366564884562 
2 98  25.27  0.4365066397482 
2 99  25.275  0.4363458571917 
2 100  25.28  0.4361861667524 
2 101  25.285  0.4360314699958 
2 102  25.29  0.4358757719047 
2 103  25.295  0.4357141141177 
2 104  25.3  0.4355571379071 
2 105  25.305  0.4354019707785 
2 106  25.31  0.4352495764826 
2 107  25.315  0.4350987238312 
2 108  25.32  0.4349446068599 
2 109  25.325  0.4347894111616 
2 110  25.33  0.4346313096019 
2 111  25.335  0.4344791260395 
2 112  25.34  0.4343311492828 
2 113  25.345  0.4341742238183 
2 114  25.35  0.4340221833858 
2 115  25.355  0.4338739843407 
2 116  25.36  0.4337175239836 
2 117  25.365  0.4335634593673 
2 118  25.37  0.4334193290617 
2 119  25.375  0.4332678097767 
2 120  25.38  0.4331171200383 
2 121  25.385  0.4329667414993 
2 122  25.39  0.4328104924506 
2 123  25.395  0.4326584514158 
2 124  25.4  0.4325033556077 
2 125  25.405  0.4323475962517 
2 126  25.41  0.4322016295141 
2 127  25.415  0.4320547934557 
2 128  25.42  0.4319029902074 
2 129  25.425  0.4317523766728 
2 130  25.43  0.431603255268 
2 131  25.435  0.4314579386049 
2 132  25.44  0.4313118307604 
2 133  25.445  0.4311684535997 
2 134  25.45  0.4310196221817 
2 135  25.455  0.4308637518501 
2 136  25.46  0.4307128330933 
2 137  25.465  0.4305692809878 
2 138  25.47  0.4304226865422 
2 139  25.475  0.4302723454292 
2 140  25.48  0.4301293357347 
2 141  25.485  0.4299867149826 
2 142  25.49  0.4298405275706 
2 143  25.495  0.4296910488794 
2 144  25.5  0.4295434139594 
3 0  24.78  0.4543839270731 
3 1  24.785  0.4541720337134 
3 2  24.79  0.4539691967154 
3 3  24.795  0.453791035991 
3 4  24.8  0.4535980246917 
3 5  24.805  0.4533893932291 
3 6  24.81  0.4531921257437 
3 7  24.815  0.4529849943214 
3 8  24.82  0.452784125437 
3 9  24.825  0.4525946836808 
3 10  24.83  0.4523978801649 
3 11  24.835  0.4522004485237 
3 12  24.84  0.4520019625312 
3 13  24.845  0.45178464624 
3 14  24.85  0.45156500618 
3 15  24.855  0.4513928009268 
3 16  24.86  0.4509127930904 
3 17  24.865  0.4505603630364 
3 18  24.87  0.4503353239905 
3 19  24.875  0.4501221066678 
3 20  24.88  0.4499195325553 
3 21  24.885  0.4497200804952 
3 22  24.89  0.4495243212589 
3 23  24.895  0.4493300413945 
3 24  24.9  0.449134169358 
3 25  24.905  0.4489409814885 
3 26  24.91  0.4487498538413 
3 27  24.915  0.4485585696396 
3 28  24.92  0.4483693916598 
3 29  24.925  0.448181027069 
3 30  24.93  0.4479933064089 
3 31  24.935  0.447808237031 
3 32  24.94  0.4476231188701 
3 33  24.945  0.4474362439575 
3 34  24.95  0.4472527256883 
3 35  24.955  0.4470710802397 
3 36  24.96  0.4468876038868 
3 37  24.965  0.4467058373903 
3 38  24.97  0.4465257296746 
3 39  24.975  0.4463469366031 
3 40  24.98  0.4461673804955 
3 41  24.985  0.4459882988861 
3 42  24.99  0.4458106504202 
3 43  24.995  0.4456317638066 
3 44  25  0.4454538134742 
3 45  25.005  0.4452796122003 
3 46  25.01  0.4451127031598 
3 47  25.015  0.4449465848737 
3 48  25.02  0.4447652976134 
3 49  25.025  0.4445817055201 
3 50  25.03  0.4444047283995 
3 51  25.035  0.4442302447495 
3 52  25.04  0.4440534787934 
3 53  25.045  0.4438793119107 
3 54  25.05  0.4437190694275 
3 55  25.055  0.4435533960947 
3 56  25.06  0.4433742509091 
3 57  25.065  0.4431971177084 
3 58  25.07  0.4430275875996 
3 59  25.075  0.4428657678479 
3 60  25.08  0.4426964835651 
3 61  25.085  0.4425226719346 
3 62  25.09  0.4423552284982 
3 63  25.095  0.4421886917454 
3 64  25.1  0.4420112791318 
3 65  25.105  0.4418401873826 
3 66  25.11  0.4416814236812 
3 67  25.115  0.4415176492396 
3 68  25.12  0.4413478561973 
3 69  25.125  0.4411807207547 
3 70  25.13  0.4410090816379 
3 71  25.135  0.4408337098257 
3 72  25.14  0.4406732951857 
3 73  25.145  0.4405131368844 
3 74  25.15  0.4403494411392 
3 75  25.155  0.4401818377831 
3 76  25.16  0.4400179746946 
3 77  25.165  0.4398471892327 
3 78  25.17  0.4396812456585 
3 79  25.175  0.4395165591481 
3 80  25.18  0.4393519146635 
3 81  25.185  0.4391966901171 
3 82  25.19  0.4390436956851 
3 83  25.195  0.4388836481321 
3 84  25.2  0.4387235403881 
3 85  25.205  0.4385581075494 
3 86  25.21  0.4383912591431 
3 87  25.215  0.4382328690139 
3 88  25.22  0.4380727178255 
3 89  25.225  0.4379150108758 
3 90  25.23  0.4377597135497 
3 91  25.235  0.4375987042683 
3 92  25.24  0.4374396836451 
3 93  25.245  0.4372830973509 
3 94  25.25  0.4371273246101 
3 95  25.255  0.436970194081 
3 96  25.26  0.4368103131297 
3 97  25.265  0.4366572244649 
3 98  25.27  0.4365072897737 
3 99  25.275  0.4363460540927 
3 100  25.28  0.4361854357138 
3 101  25.285  0.436029311682 
3 102  25.29  0.4358718598048 
3 103  25.295  0.4357114408379 
3 104  25.3  0.4355550977716 
3 105  25.305  0.4353976211833 
3 106  25.31  0.4352442854453 
3 107  25.315  0.4350953278797 
3 108  25.32  0.434944335683 
3 109  25.325  0.4347901827461 
3 110  25.33  0.4346314065721 
3 111  25.335  0.4344789153657 
3 112  25.34  0.4343294567589 
3 113  25.345  0.4341714262281 
3 114  25.35  0.434018244555 
3 115  25.355  0.4338705338501 
3 116  25.36  0.433718504568 
3 117  25.365  0.4335653856254 
3 118  25.37  0.433417415438 
3 119  25.375  0.4332634469479 
3 120  25.38  0.4331153126744 
3 121  25.385  0.4329674089481 
3 122  25.39  0.432808396694 
3 123  25.395  0.4326549267176 
3 124  25.4  0.4325015750981 
3 125  25.405  0.4323471919804 
3 126  25.41  0.4322010275719 
3 127  25.415  0.4320544617216 
3 128  25.42  0.4319042707089 
3 129  25.425  0.4317568564797 
3 130  25.43  0.4316113122578 
3 131  25.435  0.4314637621513 
3 132  25.44  0.4313134895769 
3 133  25.445  0.4311687708805 
3 134  25.45  0.431018045553 
3 135  25.455  0.430861205094 
3 136  25.46  0.4307125141238 
3 137  25.465  0.4305682091566 
3 138  25.47  0.4304182201065 
3 139  25.475  0.4302674461385 
3 140  25.48  0.4301262412839 
3 141  25.485  0.4299853989462 
3 142  25.49  0.4298399287337 
3 143  25.495  0.4296916519186 
3 144  25.5  0.4295467548914 
4 0  24.78  0.4543870248821 
4 1  24.785  0.4541725343917 
4 2  24.79  0.4539697808308 
4 3  24.795  0.4537892865249 
4 4  24.8  0.453594927678 
4 5  24.805  0.4533897253298 
4 6  24.81  0.4531961386316 
4 7  24.815  0.4529889867985 
4 8  24.82  0.4527863752574 
4 9  24.825  0.4525950154514 
4 10  24.83  0.4523980587729 
4 11  24.835  0.4522010486102 
4 12  24.84  0.4520021967905 
4 13  24.845  0.4517840563158 
4 14  24.85  0.4515647790741 
4 15  24.855  0.4513921126605 
4 16  24.86  0.4509026530785 
4 17  24.865  0.4505565466242 
4 18  24.87  0.4503347010825 
4 19  24.875  0.4501236536276 
4 20  24.88  0.449923408239 
4 21  24.885  0.4497240649539 
4 22  24.89  0.449524650411 
4 23  24.895  0.4493280506165 
4 24  24.9  0.4491316506926 
4 25  24.905  0.4489389300649 
4 26  24.91  0.4487491321107 
4 27  24.915  0.4485590459756 
4 28  24.92  0.4483694482157 
4 29  24.925  0.4481802046348 
4 30  24.93  0.4479926267134 
4 31  24.935  0.4478074632041 
4 32  24.94  0.4476225027269 
4 33  24.945  0.4474358240029 
4 34  24.95  0.4472524445909 
4 35  24.955  0.4470707900349 
4 36  24.96  0.4468870830078 
4 37  24.965  0.4467056027686 
4 38  24.97  0.4465258544224 
4 39  24.975  0.4463465064311 
4 40  24.98  0.4461668547054 
4 41  24.985  0.4459878860211 
4 42  24.99  0.4458104617741 
4 43  24.995  0.4456323626226 
4 44  25  0.4454550010373 
4 45  25.005  0.4452801806717 
4 46  25.01  0.4451113298149 
4 47  25.015  0.4449471099465 
4 48  25.02  0.4447658962863 
4 49  25.025  0.4445770349326 
4 50  25.03  0.4444006192112 
4 51  25.035  0.4442252367203 
4 52  25.04  0.4440526392306 
4 53  25.045  0.4438814744471 
4 54  25.05  0.4437191377988 
4 55  25.055  0.4435500606002 
4 56  25.06  0.4433723894187 
4 57  25.065  0.4431940094761 
4 58  25.07  0.4430245506969 
4 59  25.075  0.442864718324 
4 60  25.08  0.4426982676828 
4 61  25.085  0.4425263490766 
4 62  25.09  0.4423540388709 
4 63  25.095  0.4421861577233 
4 64  25.1  0.4420089242852 
4 65  25.105  0.4418360217046 
4 66  25.11  0.4416750079385 
4 67  25.115  0.4415133415727 
4 68  25.12  0.4413475960252 
4 69  25.125  0.441179735167 
4 70  25.13  0.4410101972212 
4 71  25.135  0.440835727245 
4 72  25.14  0.4406734109551 
4 73  25.145  0.4405125444675 
4 74  25.15  0.4403465225662 
4 75  25.155  0.4401812459665 
4 76  25.16  0.4400195306641 
4 77  25.165  0.4398501910094 
4 78  25.17  0.4396845086813 
4 79  25.175  0.4395167191628 
4 80  25.18  0.4393512339757 
4 81  25.185  0.4391974395961 
4 82  25.19  0.4390439831315 
4 83  25.195  0.4388821488004 
4 84  25.2  0.4387235258661 
4 85  25.205  0.4385588273936 
4 86  25.21  0.4383915884016 
4 87  25.215  0.4382347811636 
4 88  25.22  0.43807818676 
4 89  25.225  0.4379180524745 
4 90  25.23  0.437760569485 
4 91  25.235  0.4376007918974 
4 92  25.24  0.4374415199089 
4 93  25.245  0.4372821931857 
4 94  25.25  0.4371249954777 
4 95  25.255  0.4369692595249 
4 96  25.26  0.4368081498563 
4 97  25.265  0.4366540794401 
4 98  25.27  0.4365045341643 
4 99  25.275  0.4363440400914 
4 100  25.28  0.4361853427025 
4 101  25.285  0.4360314669732 
4 102  25.29  0.4358739894454 
4 103  25.295  0.4357120759362 
4 104  25.3  0.4355540067257 
4 105  25.305  0.4353986627892 
4 106  25.31  0.4352475385687 
4 107  25.315  0.4350955473644 
4 108  25.32  0.43494042181 
4 109  25.325  0.4347869060333 
4 110  25.33  0.4346303925141 
4 111  25.335  0.4344805465271 
4 112  25.34  0.4343334369436 
4 113  25.345  0.4341753037396 
4 114  25.35  0.4340205086899 
4 115  25.355  0.4338720741496 
4 116  25.36  0.4337188883846 
4 117  25.365  0.4335656169424 
4 118  25.37  0.4334196679276 
4 119  25.375  0.43326754113 
4 120  25.38  0.433114643826 
4 121  25.385  0.4329643812818 
4 122  25.39  0.4328073938305 
4 123  25.395  0.43265404205 
4 124  25.4  0.4325025165036 
4 125  25.405  0.4323495522419 
4 126  25.41  0.432203443852 
4 127  25.415  0.4320571108856 
4 128  25.42  0.4319077261025 
4 129  25.425  0.4317563636655 
4 130  25.43  0.4316064217989 
4 131  25.435  0.4314600464867 
4 132  25.44  0.4313131821643 
4 133  25.445  0.4311693949031 
4 134  25.45  0.4310179158903 
4 135  25.455  0.4308632793467 
4 136  25.46  0.4307148618462 
4 137  25.465  0.4305687934639 
4 138  25.47  0.4304205059149 
4 139  25.475  0.4302704927552 
4 140  25.48  0.4301269426859 
4 141  25.485  0.4299832995618 
4 142  25.49  0.429838243745 
4 143  25.495  0.4296911920838 
4 144  25.5  0.4295442683177 
5 0  24.78  0.4543951715162 
5 1  24.785  0.4541839622101 
5 2  24.79  0.4539743722566 
5 3  24.795  0.4537889019461 
5 4  24.8  0.4535953474477 
5 5  24.805  0.4533939053 
5 6  24.81  0.4531960769019 
5 7  24.815  0.4529864726269 
5 8  24.82  0.452786202159 
5 9  24.825  0.4525954595362 
5 10  24.83  0.4523974481909 
5 11  24.835  0.4522007430647 
5 12  24.84  0.4520021553296 
5 13  24.845  0.4517835086522 
5 14  24.85  0.4515647702228 
5 15  24.855  0.451391127726 
5 16  24.86  0.4509082944059 
5 17  24.865  0.4505581185676 
5 18  24.87  0.4503342936554 
5 19  24.875  0.4501214303218 
5 20  24.88  0.4499189592099 
5 21  24.885  0.4497204742992 
5 22  24.89  0.4495244585704 
5 23  24.895  0.4493285341679 
5 24  24.9  0.4491315488339 
5 25  24.905  0.4489394076905 
5 26  24.91  0.448749650504 
5 27  24.915  0.4485590824075 
5 28  24.92  0.4483692973206 
5 29  24.925  0.4481810349926 
5 30  24.93  0.4479934576914 
5 31  24.935  0.4478072538706 
5 32  24.94  0.4476216364682 
5 33  24.945  0.4474353380412 
5 34  24.95  0.4472525383884 
5 35  24.955  0.4470708228013 
5 36  24.96  0.4468868263258 
5 37  24.965  0.4467049372845 
5 38  24.97  0.4465245779725 
5 39  24.975  0.4463455785706 
5 40  24.98  0.4461666263237 
5 41  24.985  0.4459879897325 
5 42  24.99  0.4458109202767 
5 43  24.995  0.445632403626 
5 44  25  0.4454544358388 
5 45  25.005  0.4452792314595 
5 46  25.01  0.445107605338 
5 47  25.015  0.4449383643241 
5 48  25.02  0.4447602771978 
5 49  25.025  0.4445783695808 
5 50  25.03  0.4444013308263 
5 51  25.035  0.4442238102895 
5 52  25.04  0.4440519554628 
5 53  25.045  0.4438825150388 
5 54  25.05  0.443720349227 
5 55  25.055  0.4435512000535 
5 56  25.06  0.4433704810336 
5 57  25.065  0.4431941932633 
5 58  25.07  0.4430293544619 
5 59  25.075  0.4428693479925 
5 60  25.08  0.4426997496566 
5 61  25.085  0.4425265270853 
5 62  25.09  0.4423555630122 
5 63  25.095  0.4421914887156 
5 64  25.1  0.4420151613873 
5 65  25.105  0.4418377151199 
5 66  25.11  0.4416764925231 
5 67  25.115  0.4415126779222 
5 68  25.12  0.4413444178193 
5 69  25.125  0.4411807336889 
5 70  25.13  0.4410131292482 
5 71  25.135  0.4408354018015 
5 72  25.14  0.4406706660135 
5 73  25.145  0.4405100799471 
5 74  25.15  0.4403461535154 
5 75  25.155  0.4401797742187 
5 76  25.16  0.4400189262177 
5 77  25.165  0.4398503113557 
5 78  25.17  0.4396821631987 
5 79  25.175  0.4395155329381 
5 80  25.18  0.4393547117845 
5 81  25.185  0.4392011049565 
5 82  25.19  0.4390483938496 
5 83  25.195  0.4388869599094 
5 84  25.2  0.4387225754701 
5 85  25.205  0.4385526181964 
5 86  25.21  0.4383844080039 
5 87  25.215  0.4382305051616 
5 88  25.22  0.4380749137412 
5 89  25.225  0.4379149996161 
5 90  25.23  0.4377584132622 
5 91  25.235  0.4375992843887 
5 92  25.24  0.4374412227379 
5 93  25.245  0.4372832526563 
5 94  25.25  0.437125521088 
5 95  25.255  0.4369693354144 
5 96  25.26  0.4368115373745 
5 97  25.265  0.4366588761826 
5 98  25.27  0.4365072511052 
5 99  25.275  0.4363451142683 
5 100  25.28  0.4361875562258 
5 101  25.285  0.4360326598398 
5 102  25.29  0.4358712284901 
5 103  25.295  0.4357119958782 
5 104  25.3  0.4355573752417 
5 105  25.305  0.4354014744187 
5 106  25.31  0.435249549844 
5 107  25.315  0.4350965070422 
5 108  25.32  0.434941030384 
5 109  25.325  0.4347872650046 
5 110  25.33  0.4346304032753 
5 111  25.335  0.4344793327761 
5 112  25.34  0.4343316091161 
5 113  25.345  0.4341724178718 
5 114  25.35  0.4340176390247 
5 115  25.355  0.4338678129607 
5 116  25.36  0.4337134606427 
5 117  25.365  0.4335615783427 
5 118  25.37  0.433419550947 
5 119  25.375  0.4332662921332 
5 120  25.38  0.4331131348508 
5 121  25.385  0.4329636150373 
5 122  25.39  0.432808437957 
5 123  25.395  0.4326562546624 
5 124  25.4  0.4325020520431 
5 125  25.405  0.4323473544212 
5 126  25.41  0.4321998019413 
5 127  25.415  0.4320523893618 
5 128  25.42  0.431903118588 
5 129  25.425  0.4317545031059 
5 130  25.43  0.4316047577403 
5 131  25.435  0.4314587619201 
5 132  25.44  0.4313128382741 
5 133  25.445  0.4311689066052 
5 134  25.45  0.4310186051232 
5 135  25.455  0.4308631725875 
5 136  25.46  0.4307159284937 
5 137  25.465  0.4305732696474 
5 138  25.47  0.4304244835324 
5 139  25.475  0.4302710298163 
5 140  25.48  0.4301279675337 
5 141  25.485  0.42998512033 
5 142  25.49  0.4298390049704 
5 143  25.495  0.4296916094661 
5 144  25.5  0.4295450049191 
6 0  24.78  0.4543909644939 
6 1  24.785  0.4541729143918 
6 2  24.79  0.4539569784937 
6 3  24.795  0.453783056428 
6 4  24.8  0.4535958819273 
6 5  24.805  0.4533917596077 
6 6  24.81  0.4531923607871 
6 7  24.815  0.4529841656196 
6 8  24.82  0.4527841787851 
6 9  24.825  0.4525944192097 
6 10  24.83  0.4523980047769 
6 11  24.835  0.4522009912327 
6 12  24.84  0.4520027401256 
6 13  24.845  0.4517844079235 
6 14  24.85  0.4515647648845 
6 15  24.855  0.4513922211667 
6 16  24.86  0.4509055133437 
6 17  24.865  0.4505580222514 
6 18  24.87  0.4503351560865 
6 19  24.875  0.4501235977488 
6 20  24.88  0.4499216729806 
6 21  24.885  0.4497205771016 
6 22  24.89  0.4495222113976 
6 23  24.895  0.4493262364776 
6 24  24.9  0.4491312645096 
6 25  24.905  0.4489391532642 
6 26  24.91  0.448749030679 
6 27  24.915  0.4485588649657 
6 28  24.92  0.4483695472782 
6 29  24.925  0.4481804980199 
6 30  24.93  0.4479920994188 
6 31  24.935  0.4478073536805 
6 32  24.94  0.4476226789601 
6 33  24.945  0.4474354782568 
6 34  24.95  0.4472518401753 
6 35  24.955  0.4470705235075 
6 36  24.96  0.4468872887863 
6 37  24.965  0.4467055758003 
6 38  24.97  0.4465257438616 
6 39  24.975  0.4463461461576 
6 40  24.98  0.446165614742 
6 41  24.985  0.4459864298312 
6 42  24.99  0.445809514365 
6 43  24.995  0.4456316353073 
6 44  25  0.4454544922493 
6 45  25.005  0.4452805151019 
6 46  25.01  0.4451129168198 
6 47  25.015  0.4449413074252 
6 48  25.02  0.4447585083257 
6 49  25.025  0.4445803482781 
6 50  25.03  0.4444053375119 
6 51  25.035  0.4442303778671 
6 52  25.04  0.4440566396591 
6 53  25.045  0.4438804620511 
6 54  25.05  0.4437171230792 
6 55  25.055  0.4435494939763 
6 56  25.06  0.443372899116 
6 57  25.065  0.4431969023431 
6 58  25.07  0.4430273068406 
6 59  25.075  0.4428649762426 
6 60  25.08  0.4426950695691 
6 61  25.085  0.4425216080308 
6 62  25.09  0.4423515102548 
6 63  25.095  0.4421866923901 
6 64  25.1  0.4420107024895 
6 65  25.105  0.4418362970253 
6 66  25.11  0.4416782896071 
6 67  25.115  0.4415163981041 
6 68  25.12  0.4413470659395 
6 69  25.125  0.4411801918505 
6 70  25.13  0.4410124479454 
6 71  25.135  0.4408343112133 
6 72  25.14  0.4406677861309 
6 73  25.145  0.4405104890868 
6 74  25.15  0.4403491748255 
6 75  25.155  0.4401806737432 
6 76  25.16  0.4400170932014 
6 77  25.165  0.4398481262664 
6 78  25.17  0.4396838995332 
6 79  25.175  0.4395190789802 
6 80  25.18  0.4393582570646 
6 81  25.185  0.4392023488985 
6 82  25.19  0.4390457468336 
6 83  25.195  0.4388847228833 
6 84  25.2  0.4387242312319 
6 85  25.205  0.4385565984232 
6 86  25.21  0.43838832361 
6 87  25.215  0.4382338043505 
6 88  25.22  0.4380782688162 
6 89  25.225  0.4379184500116 
6 90  25.23  0.4377593425713 
6 91  25.235  0.4375982804897 
6 92  25.24  0.4374403475012 
6 93  25.245  0.4372838525949 
6 94  25.25  0.4371295893795 
6 95  25.255  0.4369738447279 
6 96  25.26  0.4368120330361 
6 97  25.265  0.4366550143291 
6 98  25.27  0.4365040377838 
6 99  25.275  0.4363435871522 
6 100  25.28  0.4361846052835 
6 101  25.285  0.4360275744236 
6 102  25.29  0.4358685067349 
6 103  25.295  0.435709537825 
6 104  25.3  0.4355556985606 
6 105  25.305  0.435401250614 
6 106  25.31  0.4352490279069 
6 107  25.315  0.4350965085487 
6 108  25.32  0.4349419643878 
6 109  25.325  0.434786782929 
6 110  25.33  0.4346285318847 
6 111  25.335  0.4344803050335 
6 112  25.34  0.4343350558184 
6 113  25.345  0.4341757946422 
6 114  25.35  0.434019683719 
6 115  25.355  0.4338720015762 
6 116  25.36  0.433720872374 
6 117  25.365  0.4335669271669 
6 118  25.37  0.4334197709547 
6 119  25.375  0.4332661564813 
6 120  25.38  0.4331143314354 
6 121  25.385  0.4329624268089 
6 122  25.39  0.432805628683 
6 123  25.395  0.4326522514124 
6 124  25.4  0.4325001856075 
6 125  25.405  0.4323494232035 
6 126  25.41  0.4322046943904 
6 127  25.415  0.432058128556 
6 128  25.42  0.4319055347455 
6 129  25.425  0.4317556398225 
6 130  25.43  0.4316073824652 
6 131  25.435  0.4314598969397 
6 132  25.44  0.4313140770394 
6 133  25.445  0.4311701875272 
6 134  25.45  0.4310187536194 
6 135  25.455  0.4308641749975 
6 136  25.46  0.4307145888463 
6 137  25.465  0.4305686168454 
6 138  25.47  0.4304197754725 
6 139  25.475  0.4302687028217 
6 140  25.48  0.4301276320564 
6 141  25.485  0.4299855140622 
6 142  25.49  0.4298389872292 
6 143  25.495  0.4296906389146 
6 144  25.5  0.4295424897041 
7 0  24.78  0.454385014514 
7 1  24.785  0.4541703815591 
7 2  24.79  0.4539612646833 
7 3  24.795  0.4537811658185 
7 4  24.8  0.4535940416894 
7 5  24.805  0.453390118042 
7 6  24.81  0.45319467056 
7 7  24.815  0.4529882160856 
7 8  24.82  0.452782390684 
7 9  24.825  0.4525921486673 
7 10  24.83  0.4523969358086 
7 11  24.835  0.4522008061684 
7 12  24.84  0.4520029254316 
7 13  24.845  0.4517839323734 
7 14  24.85  0.4515636099457 
7 15  24.855  0.4513925354207 
7 16  24.86  0.4509086733112 
7 17  24.865  0.4505571133903 
7 18  24.87  0.450333441459 
7 19  24.875  0.4501211387202 
7 20  24.88  0.4499196492587 
7 21  24.885  0.4497208053157 
7 22  24.89  0.4495242460915 
7 23  24.895  0.4493288240485 
7 24  24.9  0.4491328500993 
7 25  24.905  0.4489394008458 
7 26  24.91  0.4487485709572 
7 27  24.915  0.4485581473212 
7 28  24.92  0.4483688143133 
7 29  24.925  0.4481805768102 
7 30  24.93  0.4479930698362 
7 31  24.935  0.44780718167 
7 32  24.94  0.4476221482864 
7 33  24.945  0.4474352013123 
7 34  24.95  0.4472518578035 
7 35  24.955  0.4470710728165 
7 36  24.96  0.4468879189187 
7 37  24.965  0.4467065522346 
7 38  24.97  0.4465264413205 
7 39  24.975  0.4463464797491 
7 40  24.98  0.4461660179008 
7 41  24.985  0.4459874275004 
7 42  24.99  0.4458105778313 
7 43  24.995  0.4456321738682 
7 44  25  0.445454912872 
7 45  25.005  0.4452812950954 
7 46  25.01  0.4451112457387 
7 47  25.015  0.4449399245256 
7 48  25.02  0.4447629182877 
7 49  25.025  0.4445834756509 
7 50  25.03  0.4444087384328 
7 51  25.035  0.444231204772 
7 52  25.04  0.444051478908 
7 53  25.045  0.4438764440217 
7 54  25.05  0.4437172035745 
7 55  25.055  0.4435498380657 
7 56  25.06  0.4433694256198 
7 57  25.065  0.443194331635 
7 58  25.07  0.4430264058047 
7 59  25.075  0.4428645486361 
7 60  25.08  0.4426978371212 
7 61  25.085  0.4425228097875 
7 62  25.09  0.4423524860439 
7 63  25.095  0.442188124156 
7 64  25.1  0.4420133301419 
7 65  25.105  0.4418407814379 
7 66  25.11  0.441679716305 
7 67  25.115  0.4415155127421 
7 68  25.12  0.4413481215965 
7 69  25.125  0.441181948201 
7 70  25.13  0.4410136265106 
7 71  25.135  0.4408366557182 
7 72  25.14  0.440672265517 
7 73  25.145  0.4405104575366 
7 74  25.15  0.440344569775 
7 75  25.155  0.4401777373385 
7 76  25.16  0.4400166455752 
7 77  25.165  0.4398482310253 
7 78  25.17  0.4396791275668 
7 79  25.175  0.4395114871215 
7 80  25.18  0.4393501078911 
7 81  25.185  0.439196438097 
7 82  25.19  0.4390450696213 
7 83  25.195  0.4388856711297 
7 84  25.2  0.438724546127 
7 85  25.205  0.4385611659542 
7 86  25.21  0.4383937065127 
7 87  25.215  0.4382345394531 
7 88  25.22  0.438076290323 
7 89  25.225  0.4379155010033 
7 90  25.23  0.437759143263 
7 91  25.235  0.4376002776504 
7 92  25.24  0.4374426777264 
7 93  25.245  0.4372877144545 
7 94  25.25  0.4371301617611 
7 95  25.255  0.4369715822721 
7 96  25.26  0.4368094940076 
7 97  25.265  0.4366541884634 
7 98  25.27  0.4365049896814 
7 99  25.275  0.4363442712089 
7 100  25.28  0.4361852126467 
7 101  25.285  0.4360320994333 
7 102  25.29  0.4358748783008 
7 103  25.295  0.4357135065731 
7 104  25.3  0.4355573846912 
7 105  25.305  0.4354003402929 
7 106  25.31  0.435247670417 
7 107  25.315  0.4350964354088 
7 108  25.32  0.4349416695581 
7 109  25.325  0.4347879416006 
7 110  25.33  0.434631514843 
7 111  25.335  0.4344802958286 
7 112  25.34  0.4343318885796 
7 113  25.345  0.4341712236572 
7 114  25.35  0.4340173942199 
7 115  25.355  0.4338720229373 
7 116  25.36  0.4337205810925 
7 117  25.365  0.4335651606962 
7 118  25.37  0.4334185704996 
7 119  25.375  0.4332668920976 
7 120  25.38  0.4331164602719 
7 121  25.385  0.4329660027008 
7 122  25.39  0.4328076564119 
7 123  25.395  0.4326532192093 
7 124  25.4  0.4324999236357 
7 125  25.405  0.4323475738134 
7 126  25.41  0.4322006645889 
7 127  25.415  0.4320522284536 
7 128  25.42  0.4319033207281 
7 129  25.425  0.4317538365913 
7 130  25.43  0.431603132413 
7 131  25.435  0.4314580230665 
7 132  25.44  0.4313123314752 
7 133  25.445  0.4311679317066 
7 134  25.45  0.4310184601245 
7 135  25.455  0.4308627121428 
7 136  25.46  0.4307131759841 
7 137  25.465  0.4305703674577 
7 138  25.47  0.4304249561381 
7 139  25.475  0.4302735629416 
7 140  25.48  0.4301294735462 
7 141  25.485  0.429985729906 
7 142  25.49  0.429840677141 
7 143  25.495  0.4296924732659 
7 144  25.5  0.4295431265432 
8 0  24.78  0.4543905687404 
8 1  24.785  0.4541749182933 
8 2  24.79  0.4539700020584 
8 3  24.795  0.4537905835807 
8 4  24.8  0.4535942802321 
8 5  24.805  0.453389961719 
8 6  24.81  0.4531952269081 
8 7  24.815  0.4529892165797 
8 8  24.82  0.4527866582198 
8 9  24.825  0.4525946024869 
8 10  24.83  0.4523973093387 
8 11  24.835  0.4522008399953 
8 12  24.84  0.4520025734354 
8 13  24.845  0.4517858634994 
8 14  24.85  0.4515663008768 
8 15  24.855  0.4513923652935 
8 16  24.86  0.4509111941164 
8 17  24.865  0.4505585759443 
8 18  24.87  0.4503360325655 
8 19  24.875  0.4501244541791 
8 20  24.88  0.44992173237 
8 21  24.885  0.4497212306656 
8 22  24.89  0.4495226746592 
8 23  24.895  0.4493276255076 
8 24  24.9  0.4491329869925 
8 25  24.905  0.4489400918151 
8 26  24.91  0.4487496818797 
8 27  24.915  0.4485594288509 
8 28  24.92  0.4483698610183 
8 29  24.925  0.4481810780316 
8 30  24.93  0.4479934915166 
8 31  24.935  0.4478079099444 
8 32  24.94  0.4476224943097 
8 33  24.945  0.447434899704 
8 34  24.95  0.4472517375999 
8 35  24.955  0.4470706460072 
8 36  24.96  0.4468877576965 
8 37  24.965  0.4467067796186 
8 38  24.97  0.4465264602341 
8 39  24.975  0.4463468900333 
8 40  24.98  0.4461671806409 
8 41  24.985  0.4459878259597 
8 42  24.99  0.4458104183543 
8 43  24.995  0.4456326044702 
8 44  25  0.4454552115837 
8 45  25.005  0.4452795952487 
8 46  25.01  0.4451009337553 
8 47  25.015  0.4449228894865 
8 48  25.02  0.4447539314378 
8 49  25.025  0.4445792906995 
8 50  25.03  0.4444041178325 
8 51  25.035  0.4442281382996 
8 52  25.04  0.4440552267877 
8 53  25.045  0.4438832735631 
8 54  25.05  0.4437181317655 
8 55  25.055  0.4435478922467 
8 56  25.06  0.4433698517038 
8 57  25.065  0.443194488756 
8 58  25.07  0.443026322944 
8 59  25.075  0.4428643350622 
8 60  25.08  0.4426998933381 
8 61  25.085  0.4425274614066 
8 62  25.09  0.4423522001393 
8 63  25.095  0.4421849860559 
8 64  25.1  0.4420120421259 
8 65  25.105  0.4418405783123 
8 66  25.11  0.4416830098973 
8 67  25.115  0.4415182933604 
8 68  25.12  0.4413437337776 
8 69  25.125  0.4411761892498 
8 70  25.13  0.441010717154 
8 71  25.135  0.4408359864142 
8 72  25.14  0.4406707515677 
8 73  25.145  0.4405100492322 
8 74  25.15  0.4403467116944 
8 75  25.155  0.4401813594285 
8 76  25.16  0.4400179324451 
8 77  25.165  0.4398476858895 
8 78  25.17  0.4396812420497 
8 79  25.175  0.439515499038 
8 80  25.18  0.4393536679018 
8 81  25.185  0.4392001237871 
8 82  25.19  0.4390455884593 
8 83  25.195  0.4388832752447 
8 84  25.2  0.4387227090056 
8 85  25.205  0.4385569694306 
8 86  25.21  0.4383891538705 
8 87  25.215  0.4382349973939 
8 88  25.22  0.4380781705321 
8 89  25.225  0.4379168611902 
8 90  25.23  0.4377613503197 
8 91  25.235  0.4376017251412 
8 92  25.24  0.4374428116415 
8 93  25.245  0.4372817099172 
8 94  25.25  0.4371231515508 
8 95  25.255  0.4369675064581 
8 96  25.26  0.4368089682432 
8 97  25.265  0.436654765683 
8 98  25.27  0.436504205367 
8 99  25.275  0.4363448171985 
8 100  25.28  0.4361870809924 
8 101  25.285  0.4360318710793 
8 102  25.29  0.4358730610689 
8 103  25.295  0.4357112556614 
8 104  25.3  0.4355539676544 
8 105  25.305  0.4353993016258 
8 106  25.31  0.4352486967654 
8 107  25.315  0.4350979213568 
8 108  25.32  0.4349420988284 
8 109  25.325  0.4347851972793 
8 110  25.33  0.4346267358853 
8 111  25.335  0.4344770541241 
8 112  25.34  0.4343312631206 
8 113  25.345  0.4341739780998 
8 114  25.35  0.4340186674815 
8 115  25.355  0.4338698673979 
8 116  25.36  0.4337173477702 
8 117  25.365  0.433562856949 
8 118  25.37  0.4334166288839 
8 119  25.375  0.4332640265363 
8 120  25.38  0.4331121017873 
8 121  25.385  0.4329627473269 
8 122  25.39  0.4328089627238 
8 123  25.395  0.4326565417754 
8 124  25.4  0.432502131017 
8 125  25.405  0.4323492406619 
8 126  25.41  0.4322031075075 
8 127  25.415  0.432056083869 
8 128  25.42  0.4319054305505 
8 129  25.425  0.4317536318674 
8 130  25.43  0.4316028973949 
8 131  25.435  0.4314591506646 
8 132  25.44  0.4313154530156 
8 133  25.445  0.4311702955644 
8 134  25.45  0.431019949084 
8 135  25.455  0.4308660019049 
8 136  25.46  0.430717267881 
8 137  25.465  0.4305720969189 
8 138  25.47  0.4304208359719 
8 139  25.475  0.4302687760277 
8 140  25.48  0.4301287104704 
8 141  25.485  0.4299855743744 
8 142  25.49  0.4298379263833 
8 143  25.495  0.4296904538488 
8 144  25.5  0.4295461983417 
9 0  24.78  0.4543899789797 
9 1  24.785  0.4541767867236 
9 2  24.79  0.4539658085439 
9 3  24.795  0.4537899862815 
9 4  24.8  0.4535964943687 
9 5  24.805  0.4533897483439 
9 6  24.81  0.4531923531235 
9 7  24.815  0.4529846622584 
9 8  24.82  0.4527826971966 
9 9  24.825  0.452593523714 
9 10  24.83  0.4523969153013 
9 11  24.835  0.4521995893009 
9 12  24.84  0.4520016464851 
9 13  24.845  0.4517852084873 
9 14  24.85  0.4515649648416 
9 15  24.855  0.451392648232 
9 16  24.86  0.4509112761189 
9 17  24.865  0.4505585755329 
9 18  24.87  0.4503356579724 
9 19  24.875  0.4501234477521 
9 20  24.88  0.4499212564333 
9 21  24.885  0.4497213293618 
9 22  24.89  0.4495243545836 
9 23  24.895  0.4493289243154 
9 24  24.9  0.4491328386708 
9 25  24.905  0.4489403821856 
9 26  24.91  0.4487501292725 
9 27  24.915  0.448558629145 
9 28  24.92  0.4483682450526 
9 29  24.925  0.4481802854432 
9 30  24.93  0.4479931085159 
9 31  24.935  0.4478079660993 
9 32  24.94  0.4476230633744 
9 33  24.945  0.4474357479677 
9 34  24.95  0.447252090368 
9 35  24.955  0.4470707138334 
9 36  24.96  0.4468880078063 
9 37  24.965  0.4467072475827 
9 38  24.97  0.4465266923292 
9 39  24.975  0.4463462502836 
9 40  24.98  0.4461659434282 
9 41  24.985  0.445987577048 
9 42  24.99  0.445811174073 
9 43  24.995  0.44563259061 
9 44  25  0.4454541545954 
9 45  25.005  0.4452799557933 
9 46  25.01  0.4451137089499 
9 47  25.015  0.4449496274102 
9 48  25.02  0.4447689612374 
9 49  25.025  0.4445827469178 
9 50  25.03  0.4444045158657 
9 51  25.035  0.4442280233512 
9 52  25.04  0.4440521807755 
9 53  25.045  0.443879777502 
9 54  25.05  0.4437176448639 
9 55  25.055  0.443550851203 
9 56  25.06  0.4433739060955 
9 57  25.065  0.4431988943946 
9 58  25.07  0.4430303191005 
9 59  25.075  0.4428659715648 
9 60  25.08  0.442696360681 
9 61  25.085  0.4425251376583 
9 62  25.09  0.4423551435259 
9 63  25.095  0.4421886454658 
9 64  25.1  0.4420124688951 
9 65  25.105  0.4418404107125 
9 66  25.11  0.4416790348433 
9 67  25.115  0.4415132717257 
9 68  25.12  0.44134573298 
9 69  25.125  0.4411810007059 
9 70  25.13  0.4410124789757 
9 71  25.135  0.4408352711562 
9 72  25.14  0.4406732219549 
9 73  25.145  0.4405122645446 
9 74  25.15  0.4403456303971 
9 75  25.155  0.4401800454909 
9 76  25.16  0.4400185617334 
9 77  25.165  0.4398529179175 
9 78  25.17  0.4396844779291 
9 79  25.175  0.4395167649611 
9 80  25.18  0.4393544362034 
9 81  25.185  0.4392004775051 
9 82  25.19  0.4390447679613 
9 83  25.195  0.4388817711702 
9 84  25.2  0.4387214138429 
9 85  25.205  0.4385566918408 
9 86  25.21  0.4383888179675 
9 87  25.215  0.4382324474169 
9 88  25.22  0.4380770639533 
9 89  25.225  0.4379185949859 
9 90  25.23  0.4377610303413 
9 91  25.235  0.4375994633947 
9 92  25.24  0.4374405893315 
9 93  25.245  0.4372836394167 
9 94  25.25  0.4371260177463 
9 95  25.255  0.4369670076155 
9 96  25.26  0.4368072458344 
9 97  25.265  0.4366549774124 
9 98  25.27  0.4365045674747 
9 99  25.275  0.4363416216867 
9 100  25.28  0.436184761518 
9 101  25.285  0.4360309933573 
9 102  25.29  0.4358705540266 
9 103  25.295  0.435710078167 
9 104  25.3  0.435554461236 
9 105  25.305  0.4354005859489 
9 106  25.31  0.4352497595071 
9 107  25.315  0.4350983129218 
9 108  25.32  0.434943526154 
9 109  25.325  0.4347898226387 
9 110  25.33  0.4346324051587 
9 111  25.335  0.4344788598673 
9 112  25.34  0.434329950726 
9 113  25.345  0.4341723641476 
9 114  25.35  0.4340175593835 
9 115  25.355  0.4338699431994 
9 116  25.36  0.43371715403 
9 117  25.365  0.433563221749 
9 118  25.37  0.4334195246712 
9 119  25.375  0.4332680341105 
9 120  25.38  0.4331151188411 
9 121  25.385  0.4329641459041 
9 122  25.39  0.4328073164105 
9 123  25.395  0.4326566434362 
9 124  25.4  0.4325045161509 
9 125  25.405  0.4323475348706 
9 126  25.41  0.4321994475399 
9 127  25.415  0.4320554219381 
9 128  25.42  0.4319062999518 
9 129  25.425  0.4317545234926 
9 130  25.43  0.4316058805539 
9 131  25.435  0.4314619341053 
9 132  25.44  0.4313163061329 
9 133  25.445  0.4311719540526 
9 134  25.45  0.4310200326201 
9 135  25.455  0.4308624730674 
9 136  25.46  0.430713335938 
9 137  25.465  0.4305699342571 
9 138  25.47  0.4304228545339 
9 139  25.475  0.4302725706389 
9 140  25.48  0.4301292884024 
9 141  25.485  0.4299860956649 
9 142  25.49  0.4298409545345 
9 143  25.495  0.429691893294 
9 144  25.5  0.4295436799338 
