0.453465642235000022
0.453471738765000021
0.453475812463000005
0.453523450130000005
0.453555272758999983
0.453615465085999980
0.453303836771999979
0.453277201118000017
0.453312664222000006
0.453416494665999981
0.453318949410000005
0.453276365055999997
0.453250945060000021
0.453273160339000003
0.453425136414000007
0.453274359477999988
0.453286947513000027
0.453246109015999987
0.453008556276000007
0.453044411511000000
0.453145503113000003
0.453129533395000006
0.453352826170000001
0.453361904656999992
0.453380671986999995
0.453354605715000025
0.453395607791000022
0.453190649639999998
0.453421049469000026
0.453236175028000010
0.453258221231999991
0.453337643271999990
0.453344794767000014
0.453395022859000019
0.453009601476999979
0.453152300171999978
0.453239140164000021
0.453188475195999974
0.453233427618999984
0.453233990367999995
0.453434910881999997
0.453297539771000013
0.453462954654999972
0.453307746017000024
0.453441009703999975
0.453274641114999988
0.453071248164999996
0.453143669212000000
0.453284091233000008
0.453103046321999992
0.453182961725000000
0.453145537734000015
0.453107355338000006
0.453417894441999980
0.453464980366000026
0.453530386580999978
0.453429508957000016
0.453299363871999983
0.453184257393000001
0.453362616978999988
0.453238588122999997
0.453402620756999997
0.453571896034999977
0.453567983933000018
0.453219624767999985
0.453389860272000011
0.453413327704999980
0.453243863658999990
0.453321363792999976
0.453156902332000011
0.453237883713999978
0.453182154339999976
0.452959649939999986
0.452968971885999994
0.452981454196000000
0.453054270541000004
0.453065571276000001
0.452863615707000011
0.452931988491000026
0.452880678433000006
0.453028476848000017
0.453043923507000013
0.453082619746000004
0.453021231455999984
0.453070096092999974
0.453184537640999974
0.453338390136000025
0.453498281065999986
0.453465946811999976
0.453426215222999973
0.453535413413000021
0.453289577847000025
0.453295481624999996
0.453370035963000018
0.453317626139000007
0.453546533447000022
0.453619354061999991
0.453606974396999985
0.453387917122999973
0.453331848377000024
0.453220832485000003
0.453387256061999977
0.453316224117000011
0.453365900019000012
0.453250772728000018
0.453486168528000000
0.453483479244999987
0.453342867044000009
0.453402756959000008
0.453524893435999998
0.453444012273999997
0.453329639230000025
0.453283503560000023
0.453274655099999979
0.453122999789000003
0.453055907754000009
0.453206143022999997
0.453332643320999984
0.453485783297999989
0.453588690500000002
0.453637284676999986
0.453421638479000022
0.453282915670999986
0.453154098040999986
0.453124212041999985
0.453195134040000003
0.453331938707000004
0.453334204791999984
0.453219378737000023
0.453118152579000011
0.453189078129999978
0.453467925838999975
0.453598378369999999
0.453417289732999995
0.453278317965000010
0.453535962100000023
0.453469402212999972
0.453547398250000011
0.453494839155999974
0.453376453758000009
0.453354920325999999
0.453363027236000027
0.453463829704999988
0.453396662055999988
0.453320858559000006
0.453223241258999987
0.453272316075000015
0.453425036727000019
0.453201227382000027
0.453356209943000021
0.453277352856000015
0.453161298396000001
0.453134287063000019
0.452994517488000015
0.453212801690000000
0.453385361824999999
0.453358752548000010
0.453462809670000022
0.453442693273000019
0.453378036031000020
0.453345133053999982
0.453443781684000013
0.453299010461000018
0.453422706964000000
0.453455415099999981
0.453332757646000006
0.453143629097000011
0.453334024579000017
0.453501429510999976
0.453370435901000013
0.453488119322999983
0.453222703768999979
0.453219967092000020
0.453252594233000017
0.453222717157999999
0.453379032419999994
0.453499626333999983
0.453498067231999979
0.453200550442000027
0.453268444641000023
0.453205362755999985
0.453216630311999991
0.453275280216999976
0.453331769902000026
0.453261040690999983
0.453288710358999980
0.453195599256000003
0.453332301042999986
0.453400341436999976
0.453472916670000004
0.453603418405999992
0.453420990086000009
0.453383070978000013
0.453315990775000011
0.453297102713999978
0.453290628008000018
0.453304111457000003
0.453276295034999999
0.453562270112000010
0.453438761289000014
0.453269568743000006
0.453335425249999979
0.453381491947999982
0.453167540664999979
0.453282532921000014
0.453208928761999974
0.453308888826000012
0.453379673145999973
0.453225978031000010
0.453271088774999997
0.453234215060000001
0.453322127774999972
0.453554427495000023
0.453509194707999996
0.453472450264000015
0.453388696373999978
0.453248608739000025
0.453421258679999994
0.453417933424999975
0.453377699507999998
0.453321166752000015
0.453416212446999978
0.453596322479999980
0.453540351007000020
0.453466953544000018
0.453455630873999982
0.453553753783000002
0.453480141132000025
0.453301355025999997
0.453346823856000003
0.453331934912000023
0.453238144374000007
0.453344971214000025
0.453403352235999979
0.453550126890999994
0.453238507901999987
0.453177071337000026
0.453265385317000002
0.453505270384000014
0.453529431049000009
0.453618028158000008
0.453581239869000008
0.453430978983999977
0.453429864851000008
0.453485310199000013
0.453452592504999974
0.453620982973999998
0.453494292981000025
0.453646988299999998
0.453626006297000006
0.453591172993999980
0.453304045559999980
0.453295067840999988
0.453015695167000021
0.453266815358999986
0.453310574660999999
0.453365777442000017
0.453281039938999986
0.453175508067999999
0.453111881434999975
0.453199692285000011
0.453196513628999986
0.453188896384999984
0.453099924280000010
0.453264030157000009
0.453254256992000004
0.453275255764999996
0.453443181666999984
0.453504000100000026
0.453564306817999974
0.453632257220000001
0.453507320840000006
0.453418240061000011
0.453497481698000027
0.453288255522000028
0.453474689930999986
0.453636446984000019
0.453376546401000002
0.453279172095000016
0.453433554056999977
0.453546634945000027
0.453443728149000025
0.453334052109999996
0.453132787651999991
0.453251215260000007
0.453234064333000009
0.453397434872999994
0.453409339804999978
0.453380999080000013
0.453388335109000007
0.453255378488000016
0.453158602390999976
0.453188308890000002
0.453356642706999990
0.453329324608000017
0.453330381660999981
0.453251534700999992
0.453307874931999977
0.453324458772000005
0.453235805208999976
0.453354177445000006
0.453323806641000027
0.453392347237000004
0.453505192343000019
0.453332403293000008
0.453277218802000004
0.453217873980000019
0.453224900591000013
0.452999441762999999
0.453115142364000023
0.453029843681000022
0.453052327121999998
0.453447586367999977
0.453401792530000014
0.453261986393000027
0.453424958629999986
0.453429937753000001
0.453285839641999977
0.453144599917999991
0.453378555201000011
0.453473393991999985
0.453452749293000001
0.453413283459000005
0.453551744046999994
0.453377333597999976
0.453239130350999997
0.453063196223000009
0.453327492790999986
0.453385721547999998
0.453316339211999986
0.453290346200000027
0.453509142437000023
0.453381133777999989
0.453549207745000016
0.453379864011000000
0.453384297516999990
0.453371951218999980
0.453307155076999979
0.453144495686000015
0.453178114796000009
0.453295818658000005
0.453215703934000014
0.453022730400000018
0.453233947209000010
0.453187079225000011
0.453331270437999978
0.453306856701999994
0.453242474479999990
0.453356505129999976
0.453209483899999988
0.453167848704999987
0.453280993881999994
0.453467205197999990
0.453060993836999992
0.453220771661999977
0.453180088305000006
0.453128828001999995
0.453124770640999985
0.453199007707000001
0.453263513497999981
0.453013835669999976
0.453272558878999976
0.453317272915999991
0.453341871140999997
0.453382662506999989
0.453348176027000005
0.453386314886999986
0.453323727427000001
0.453441613444000025
0.453540351697000022
0.453611428127000005
0.453216219769999984
0.453190242886999994
0.453319157580000021
0.453273508858999974
0.453203735536000019
0.453245647628999992
0.453154285368999987
0.453196263772000008
0.453468311577000016
0.453443390910999999
0.453298303650999990
0.453439368660999986
0.453306595167000004
0.453482435234999981
0.453295699734000024
0.453578811690000028
0.453635240807000018
0.453478469398000017
0.453444084473999975
0.453301169908000012
0.453261417293999991
0.453232617891000000
0.453143785836999990
0.453106558205999987
0.453188200297999999
0.453523025552000025
0.453596305262999988
0.453432520256000005
0.453532189897000004
0.453535107514000002
0.453422119926000011
0.453537512174000013
0.453276748073999980
0.453302332929000018
0.453415076814000007
0.453314847488999972
0.453181629571000000
0.453116071585999980
0.453108908980999980
0.453184957562000001
0.453203399677999996
0.453339296785999990
0.453514468203000010
0.453297324885999997
0.453234273648000008
0.453393962365999992
0.453422273042000001
0.453285915343999979
0.453376930788999988
0.453417153705000020
0.453493145433000011
0.453647547764999992
0.453466281586999975
0.453203455649999976
0.453032339622999991
0.453263706988000004
0.453372230067999982
0.453218864225000018
0.453109737045999994
0.453305657282000007
0.453315296061999995
0.453349595642000003
0.453324796919000017
0.453289368985999974
0.453034361087999993
0.452984674644999974
0.453242169412999996
0.453205022434000016
0.453454343037999974
0.453298619198000019
0.453288236707000025
0.453131388954999992
0.453296219494000008
0.453254124762999977
0.453296500732999985
0.453439559785999979
0.453356839489000019
0.453531446406999994
0.453502595825000021
0.453567637242999977
0.453664913594999997
0.453575756286999976
0.453431613371999997
0.453180873445000021
0.453207387720999999
0.453066990694000027
0.453262202675000003
0.453265292827000010
0.453098604179999975
0.453007849264999984
0.453271805151999996
0.453412702497999975
0.453482252733000024
0.453614919986000009
0.453466586926999982
0.453377605908000025
0.453478781403000020
0.453685394367999983
0.453489961120000007
0.453377366973999996
0.453420137275000024
0.453235542977000028
0.453466031569999983
0.453219641213000013
0.453355987989000009
0.453213568185000026
0.453210980837000010
0.452955332844000025
0.453019243349000011
0.453260710258999999
0.453330984749999999
0.453387871027999989
0.453391649316999990
0.453445101003999984
0.453543647832999997
0.453266657357999980
0.453366001425999976
0.453305064699999982
0.453226007940000009
0.453193708430999986
0.453173525663000010
0.453248153189000025
0.453323812802000015
0.453317321223000003
0.453426270954999988
0.453369012926000015
0.453153137132999984
0.453132659104000024
0.453062946947000000
0.453254843151000009
0.453260643149999976
0.453362498993000018
0.453234291685999990
0.453459663143999991
0.453350421888999988
0.453382296628000003
0.453160211375999988
0.453375821833999992
0.453518161355000005
0.453205917439000017
0.453385704557999980
0.453448448278000016
0.453469230604000018
0.453128653496999989
0.453252950451999981
0.453201540462999986
0.453255596894000024
0.453349840004000026
0.453397610073999979
0.453220819820000009
0.453316598831999984
0.453442344205000014
0.453386428457999979
0.453280543164999994
0.453515600203000024
0.453505843728000013
0.453490246307000022
0.453480706459000016
0.453504155871000014
0.453384391491000016
0.453263365312000011
0.453190126889000011
0.453333694698000000
0.453310324290999989
0.453368934556000025
0.453401976333000001
0.453396545067000001
0.453317810297000023
0.453448635599000005
0.453394821386999991
0.453206743828000025
0.453438869793000021
0.453353204155000022
0.453258243765999991
0.453138550154000008
0.453074043390000014
0.453298818742000009
0.453334238958999991
0.453274103814999996
0.453311866148000009
0.453217406310000015
0.453081218366999994
0.453227539961999992
0.453183300582999993
0.453222798598999999
0.453227842661000024
0.453204514712000017
0.453378430935000021
0.453230360444999980
0.453451728730999981
0.453498417829000022
0.453421313483999999
0.453430260603000013
0.453333003612000018
0.453202950390000026
0.453314310313000013
0.453388728475999980
0.453457664919000025
0.453245814708999994
0.453226462991000001
0.453321839881999977
0.453143840289000011
0.453195924008000017
0.453262245442000000
0.453130745040999983
0.453167060256999987
0.453296295479000022
0.453296769953999978
0.453343576034999973
0.453417592300000005
0.453234583661000001
0.453140575885999985
0.453257189466999999
0.453290353719000005
0.453298570013999980
0.453374494231000014
0.453277596211000000
0.453233706231000011
0.453401077746000025
0.453169366051000000
0.453220928234000009
0.453399331831000008
0.453255044667000007
0.453371692790000003
0.453449779356000005
0.453279816220000020
0.453256742943999980
0.453225312553000026
0.453429212011000005
0.453468244324000014
0.453490760318999986
0.453148586735000025
0.453174164129000023
0.453240810692999985
0.453191315837999986
0.453397576838000027
0.453458095221000002
0.453445140146000014
0.453468060291999986
0.453310286313999999
0.453557686713000008
0.453477117759000015
0.453080295023000013
0.453473475685999994
0.453317798837999997
0.453363731707999984
0.453448783266000022
0.453509365374999973
0.453407373366999988
0.453790663827999985
0.453544503157000012
0.453421840922999975
0.453491670878999997
0.453455688779999977
0.453409298765000024
0.453236986299000000
0.453384305099000018
0.453306047170000004
0.453200307513999978
0.453195143069999973
0.453166306294000010
0.453219625171999985
0.453265607100000023
0.453386527466000000
0.453434851068000022
0.453475469778999996
0.453582716218000004
0.453426826943000016
0.453349464094999988
0.453499192599000012
0.453480278843000018
0.453591505595999978
0.453422934243999987
0.453340534457999988
0.453211892421999996
0.453313195117000023
0.453425617685000004
0.453272988220000006
0.453245220923000014
0.453429482142999996
0.453341833595999999
0.453261790858999980
0.453224253407000011
0.453177500474999995
0.453269658337999981
0.453399245128000006
0.453430792556999973
0.453441490813000003
0.453428257642999988
0.453344755501000007
0.453325272323000017
0.453320437577000024
0.453385024390000002
0.453347375115000006
0.453253667463999976
0.453449696078000009
0.453556645217999987
0.453492905637999988
0.453402753800000002
0.453677513367999996
0.453391929144999983
0.453362551762000021
0.453249032679000019
0.453125667695000012
0.453218902478999985
0.453252443296000007
0.453358511469000025
0.453380182261999998
0.453135992393000009
0.453385327276000005
0.453455696778999995
0.453346726779999987
0.453276270521000002
0.453501148148000022
0.453520277902999980
0.453484678219999993
0.453334167093000007
0.453442320218000017
0.453303459738000014
0.453412359797000009
0.453423695843999996
0.453385588419999985
0.453432722072000027
0.453269944490000021
0.453220783429000018
0.453352358870000027
0.453254676756999986
0.453232061093999994
0.453227311337000005
0.453216985836999986
0.453051704710999981
0.453078718862999996
0.453191443181000020
0.453142471355999998
0.453269253152000007
0.453232100500000012
0.453290085136999976
0.453314930564000018
0.453110306427000009
0.453038150003999995
0.452867502693000024
0.453158003934999998
0.453155863007000004
0.453248643215000024
0.453274903660999984
0.453324609800000000
0.453418805703000027
0.453323799128000027
0.453250631766000001
0.453219558071999984
0.453283868425999992
0.453387880615999994
0.453316504254999975
0.453450028712000019
0.453427467244000015
0.453407070565000014
0.453540959763999996
0.453679689853000001
0.453445660927000005
0.453267490584999988
0.453271163438999980
0.453248524814999998
0.453492140927999998
0.453444327972000016
0.453374544157999992
0.453274127086000012
0.453339028014999978
0.453385178346000006
0.453463899988999997
0.453496858203999986
0.453276338243999988
0.453317226208000024
0.453376490472999993
0.453397705860999978
0.453446322783000011
0.453481370208999979
0.453480015547000015
0.453604874867000019
0.453588011999000007
0.453658592827999974
0.453694126221000027
0.453543340449999999
0.453489368373000024
0.453595818914000026
0.453524078305000022
0.453403593968999985
0.453468911746999992
0.453487416897999984
0.453506214048000011
0.453716761493999976
0.453650584116000011
0.453655626631000009
0.453595205456000017
0.453571638900000018
0.453381571358000002
0.453241141419000015
0.453278733363000008
0.453296144439000015
0.453040813420999999
0.453260382166999987
0.453543171711000004
0.453592616414999983
0.453739080312999976
0.453492731518999992
0.453485435225999989
0.453363853237000014
0.453492030210000008
0.453288351870999973
0.453475172059999987
0.453165929395000000
0.453224731824000027
0.453267000064000003
0.453234364629000019
0.453170907768999986
0.453097233483999995
0.453371637629999991
0.453305047093000013
0.453349233462000012
0.453229271197999994
0.453304645143000007
0.453223873968999991
0.453273470103000009
0.452997582594000026
0.453302251037999981
0.453253849047999979
0.453257228981999993
0.453108955879999997
0.453329952774999989
0.453673688916999995
0.453622036717000021
0.453477828319000020
0.453396077683999976
0.453560950337999980
0.453504556624000021
0.453348939218999991
0.453437219363999999
0.453433091446000025
0.453418039822000019
0.453347020338999984
0.453359793050000015
0.453334007671999994
0.453428494317999975
0.453493705477000020
0.453380751595999998
0.453368688412000009
0.453257426449000023
0.453164304166000009
0.453356913729000000
0.453381477669999977
0.453329423936000009
0.453306112900000002
0.453222221664999980
0.453361848472999984
0.453289280209999978
0.453271300666999999
0.453379412425999995
0.453502880715000001
0.453208071583000027
0.453339417226000019
0.453398711386999997
0.453370061499999977
0.453466480220000023
0.453548038526000008
0.453586347597999984
0.453283119427999981
0.453140396554000013
0.453373494654999987
0.453448175411000021
0.453400001099000027
0.453438099194999999
0.453398828515000019
0.453430580861000021
0.453515014599999988
0.453398786087999994
0.453546602688999989
0.453418530410999998
0.453369640096000004
0.453313830723000022
0.453394113978000002
0.453457141246999984
0.453340736174999981
0.453581278691999989
0.453289401310999984
0.453430340441999979
0.453294559110999973
0.453119292974999976
0.453228096460000007
0.453539882434999986
0.453540857803999997
0.453362941889000004
0.453262851996000027
0.453160955626000006
0.453298559912999999
0.453124578361999986
0.453256967010999989
0.453316417641000002
0.453346110872999974
0.453196230503999986
0.453268028636999998
0.453147216161000010
0.453115984967000007
0.453174756331000017
0.453094109575000015
0.453142845851000009
0.453204851429000022
0.453051813829999983
0.453102875672000027
0.453154360049000005
0.453172854289000004
0.453272157866999981
0.453288868768999986
0.453266005186999998
0.453363652635999981
0.453342816480000022
0.453258161882999999
0.453236664781999976
0.453334318542000014
0.453252474372999981
0.453417990995000020
0.453659718092999986
0.453599649489000001
0.453536496653999976
0.453401202712999996
0.453188946142000004
0.453372412617999987
0.453322216296000002
0.453220284603000012
0.453181156388999973
0.453371680542999977
0.453362426551999986
0.453316015645999992
0.453375563634000001
0.453358194288000005
0.453312701258999973
0.453232196136999999
0.453255191812000024
0.453335766023999998
0.453455475744000025
0.453395249655999977
0.453327527732000024
0.453235990352000018
0.453225875562999980
0.453344161771999987
0.453537065134999973
0.453456013594999985
0.453519363938999998
0.453260333269000004
0.453295399870999982
0.453412252480999978
0.453552466824000022
0.453620708727999977
0.453480077227000011
0.453377442575000011
0.453510783911000026
0.453458191374999986
0.453365911279999978
0.453452579153000024
0.453573957294999996
0.453629219643000015
0.453681001957999985
0.453510730443999976
0.453412819244000009
0.453498637839000018
0.453406986043999982
0.453462905224999990
0.453425753481000005
0.453470591746999996
0.453631580016999991
0.453559958154000020
0.453593318788000022
0.453740465967000017
0.453645077602999991
0.453352737256000005
0.453592013444000020
0.453583650416999995
0.453648337436000026
0.453544292934999982
0.453393809909000023
0.453331076589000015
0.453394376300000013
0.453228097800999985
0.453369217348000009
0.453447030959000019
0.453251379130999998
0.453192015940000026
0.453309432648999977
0.453408323371999988
0.453330063053999976
0.453371867292999997
0.453228737902000023
0.453098881672000020
0.453253609597999985
0.453356256309999983
0.453393497403000001
0.453439454379000018
0.453238028512000013
0.453389098087999987
0.453306800609000027
0.453476841407000009
0.453270941117000004
0.453403784709000002
0.453353274440000009
0.453405710763999992
0.453479790110999981
0.453367121722999977
0.453172693409000016
0.453290910765999977
0.453256826364999976
0.453359492432000022
0.453271044722000027
0.453276676247000021
0.453385081796000011
0.453366543507999986
0.453523014205999997
0.453495354663999983
0.453310109253000026
0.453403083606999990
0.453278940417999987
0.453372330508000021
0.453298593026999985
0.453345175629999986
0.453161321246000004
0.453035027992000017
0.453106164832999980
0.453042001231000024
0.453200689406999979
0.453019781645999986
0.453331829932999975
0.453222420871000009
0.453303118750000011
0.453526241054000023
0.453481034853999987
0.453370362217999978
0.453538559873000013
0.453552668755999977
0.453516707247999973
0.453436029427999987
0.453378244099000016
0.453285532985999995
0.453271819344999993
0.453263948304000019
0.453116125576999984
0.453105939231000010
0.453104492985999974
0.453249425011000018
0.453268427831000020
0.453459857041000003
0.453457982430999995
0.453552883377999982
0.453423752444000017
0.453584970530000020
0.453492182071999983
0.453425442323000027
0.453208298800999998
0.453073808144000001
0.453223199191000015
0.453102153924999973
0.453134454191000013
0.453435327963999990
0.453381221306999982
0.453443319070999995
0.453182461481999976
0.453233148340999981
0.453425260607999980
0.453413114665999983
0.453278267836999982
0.453093644158000020
0.453313748076000000
0.453338694962000022
0.453317959695999972
0.453425565091999994
0.453485896998999993
0.453403448342000026
0.453395940075000003
0.453343222195999984
0.453316431783999996
0.453368365095999981
0.453402740352000011
0.453358195279000009
0.453344836947000007
0.453296324939999995
0.453227135439999984
0.453103676943000022
0.453177467818999979
0.453190621435999974
0.452870506419999985
0.452967747209999994
0.453101344896000013
0.453151782068999975
0.453307393361999988
0.453183876880999981
0.453000470002000000
0.453124724437000026
0.453214817967000028
0.453054416540999982
0.452903094682000018
0.453033701316999993
0.453183367055000008
0.453167166936999988
0.453039961386999979
0.453257688062000008
0.453461064641000000
0.453292079544000026
0.453547506596000016
0.453436395130999981
0.453330069544999992
0.453375547749000019
0.453458114061999984
0.453480593992000025
0.453425713988000023
0.453503633969000008
0.453469571597999999
0.453482009262999974
0.453506591271999993
0.453234671483000007
0.453461195701000019
0.453352523482999981
0.453299297140999979
0.453215122382999991
0.453261920541999985
0.453517859269999990
0.453572301770999997
0.453362445803999980
0.453396258097999993
0.453562743538000024
0.453563951216999994
0.453564028625000004
0.453335600080000012
0.453242849361999989
0.453036149039000025
0.453173462317000009
0.453191672443000015
0.453229824863000008
0.453257327496000006
0.453323788936999983
0.453514949251999977
0.453295749633000011
0.453319969253999977
0.453133992317000023
0.453217402027999983
0.453181524185999995
0.453404103612999987
0.453329676326000020
0.453431808978000006
0.453197126368000025
0.453343236317999998
0.453305111352000023
0.453271160298999998
0.453222005165999975
0.453206602349999987
0.453259917158999992
0.453128956671000005
0.453287701702000001
0.453419807313000023
0.453336623343000011
0.453417597700999986
0.453308572035000024
0.453188495497000021
0.453282945692999983
0.453292321384999974
0.453266952303000015
0.453461028478999995
0.453315528327000006
0.453387328927000011
0.453261657122000006
0.453153668268000021
0.453388710593999988
0.453362397806000017
0.453158968270000018
0.453157794582999984
0.453171996776999986
0.453275289197999975
0.453228481552000018
0.453145947975000019
0.453199961202000012
0.453185131776999983
0.453341412813999978
0.453445805548000014
0.453285655090000017
0.453264244862999988
0.453174565982999988
0.453201620104000003
0.453118838153000025
0.453012647749999997
0.453117220900999984
0.453101367142999978
0.453203909113999992
0.453262207989999999
0.453264243813999990
0.453377325996000002
0.453442490704999979
0.453440521584000000
0.453362526709000013
0.453436236885000010
0.453342196774000006
0.453353850070999986
0.453379214756000015
0.453343010406999980
0.453225085791999993
0.453178010771000006
0.453095345742999978
0.453213795297999988
0.453323752071999986
0.453191974674000020
0.453263583691999983
0.453238026613999978
0.453254145581000023
0.453080136525000010
0.453241128739000021
0.453091277677000026
0.453256227929000000
0.453264869815000027
0.453254399922000006
0.453096400399000010
0.453228105217000021
0.453176633559999986
0.453326361728999983
0.453588482989999986
0.453624170376999980
0.453287404108999981
0.453354525934999975
0.453539824199999997
0.453516371601999979
0.453519011610000022
0.453468227860999995
0.453297831613000024
0.453231311088000022
0.453092504324000001
0.453276294515000011
0.453238511921000009
0.453113463007000006
0.453160681015000011
0.453247915040999982
0.453143689798999993
0.453038512351000011
0.452899055453000021
0.453193335339000025
0.453368060683000007
0.453605768562000022
0.453434485107999996
0.453336849591000013
0.453447990831000014
0.453427059806000010
0.453299797158000006
0.453420321758999989
0.453422062658000002
0.453310256897999975
0.453555013798000006
0.453499082787999996
0.453467871050000026
0.453385963855000018
0.453399560132999979
0.453288783673999995
0.453030194147999998
0.453351260924000021
0.453319425682999988
0.453157135612999973
0.453270159007999995
0.453277173950999979
0.453506953396999979
0.453491486978000014
0.453495227757999997
0.453398764873000015
0.453425061869999979
0.453373052326000003
0.453340082252999987
0.453486456681000016
0.453316512185999998
0.453212537257000003
0.453324996960999982
0.453305388656000008
0.453460527976000005
0.453366646441999976
0.453378404570999982
0.453408629755000014
0.453421555877999982
0.453450138720999985
0.453306657853000006
0.453259840766000011
0.453210253135999996
0.453195933185999988
0.453228838984000015
0.453494425721999994
0.453447730938000004
0.453092720135000016
0.453088682683999988
0.453138542377000020
0.453155088059000011
0.453277045671000023
0.453413524938000023
0.453226874557999981
0.452985863290000013
0.453253300676999982
0.453341362472999998
0.453193275775999993
0.453220701421000016
0.453232516064999980
0.453345468033000021
0.453274006135000018
0.453541848302999984
0.453518663233999975
0.453637893891000010
0.453699799412999982
0.453314889835000012
0.453230256903000006
0.453186196405999997
0.453405680468999983
0.453290942267000008
0.453275779295000014
0.453235858574999984
0.453370212551000018
0.453535686403000016
0.453448854555000003
0.453344573214999991
0.453242231237000026
0.453390299459000001
0.453232610420999993
0.453015331708000013
0.453175946258000006
0.453149974677000023
0.453548807885000016
0.453492990923999972
0.453411903953999995
0.453338144875999993
0.453267993362000021
0.453310201040000027
0.453096135893000018
0.452993273555000020
0.453261319983000011
0.453475742173000018
0.453265088182000009
0.453268905506999997
0.453392266523000020
0.453246165581999982
0.453160335598000008
0.453222600264999997
0.453097209278999991
0.452965589895999998
0.453262499300000010
0.453179622604000021
0.453320217330999975
0.453178457337000018
0.453115612198999984
0.453045240206999988
0.453165205843999996
0.453237995454999987
0.453271730518999993
0.453081181426999990
0.453221619761999983
0.453124469106999994
0.453125829440000016
0.453217987132999989
0.453179782478000004
0.453168970893000012
0.453096143717000022
0.453167800449999991
0.453229335457000004
0.453338424025000020
0.453471460042000007
0.453338182506999976
0.453192251659999989
0.453240893651000010
0.453139306141000009
0.453354667428999991
0.453148879815999994
0.453334321696999998
0.453185743026999988
0.453377356652000019
0.453303887010999995
0.453328170129000008
0.453324361836999978
0.453366060648000002
0.453291966004999991
0.453258415972000006
0.453443554708999996
0.453415006936000009
0.453353032298999981
0.453414332656000008
0.453310059202999993
0.453340450087000024
0.453352016296000027
0.453364819646999984
0.453646969449000015
0.453659311459999992
0.453427032908999994
0.453315512063000026
0.453258371968000007
0.453384505047999986
0.453332380834999993
0.453276209792999984
0.453231589982000027
0.453309533533999998
0.453547269435000011
0.453260746085999977
0.453215463506000005
0.453334671585000015
0.453303505885000013
0.453257579171999991
0.453335467180999985
0.453399147911999978
0.453331520001000021
0.453263189745000017
0.453156500735000023
0.453318526985000025
0.453490554366999976
0.453386321287999994
0.453402259969000021
0.453318079618000025
0.453379952661000007
0.453443556284999993
0.453501976477000024
0.453333920770000010
0.453299440978999990
0.453287836808999978
0.453471909667000017
0.453453227703000006
0.453382103102999978
0.453256850014000012
0.453341776096000015
0.453341076635999984
0.453326724075000020
0.453364132289000021
0.453285019828999991
0.453340017586000010
0.453432924643999979
0.453441513254000006
0.453524619791000005
0.453328723157000013
0.453256628341000001
0.453008495158999991
0.453083092982000002
0.453040796289999992
0.453174640615000013
0.453289778043000025
0.453323185055000022
0.453387298740000000
0.453466299976000020
0.453315167507000016
0.453217805008999997
0.453238809051999980
0.453312428042000004
0.453285363107000017
0.453063400296000007
0.453169628408999992
0.453050805798999978
0.453271002197999984
0.453329886055999998
0.453323432553999983
0.453296431501000019
0.453347387845000005
0.453337237457999975
0.453217192155999982
0.453316080349999984
0.453276124434000005
0.453252992671999977
0.453336789849999977
0.453465176141999993
0.453309602859999994
0.453289969720999997
0.453308375267000019
0.453346056637000006
0.453376545477999993
0.453590727836000018
0.453364306559999986
0.453262516605999977
0.453367803888000021
0.453494384719999977
0.453275009650000005
0.453189575870000028
0.453252663248000009
0.453295263619000022
0.453392977322999990
0.453595723948999996
0.453601725876999984
0.453381624019999985
0.453438577532000009
0.453513915516999988
0.453259820767999977
0.453330339678000016
0.453453942993000014
0.453160160513999988
0.453029595053999978
0.453095413604000019
0.453298082217000020
0.453120734567000027
0.453310095171000016
0.453418195763999998
0.453201344284999974
0.453260342089999990
0.453475960617999996
0.453493859604000016
0.453255038742000016
0.453372385388999988
0.453404249169000018
0.453540767276000012
0.453460400420999998
0.453530007886999986
0.453614285145000018
0.453595755504999976
0.453542930698000002
0.453466985842000014
0.453558598806000024
0.453415939865000006
0.453325184268999981
0.453193150365999997
0.453339013668999979
0.453306015560999975
0.453482509388999977
0.453456628864000011
0.453259899572000025
0.453197255322000003
0.453437362999999982
0.453404638347999989
0.453355089411000001
0.453404288692000002
0.453426313548999982
0.453274155740999996
0.453488374402000016
0.453417901246000010
0.453393674997999985
0.453328093268999976
0.453347429671999980
0.453316543384999993
0.453302090890000009
0.453393067857000009
0.453441191382999986
0.453399092662000014
0.453287649933000025
0.453136638839000017
0.453175675431999991
0.453393956410000021
0.453345942544000013
0.453331648224000017
0.453194657399000000
0.453245527628000022
0.453255158077000009
0.453382933169000024
0.453284242831999973
0.453305894320000013
0.453390232489000011
0.453458227125000002
0.453542400075999996
0.453562871875999973
0.453439572249999978
0.453506815030999988
0.453478198394999976
0.453424965186000006
0.453293454037999977
0.453226936771000011
0.453258624773999974
0.453284876890999999
0.453075528966999985
0.453215163166000023
0.453177742697000008
0.452987884216999981
0.453104196592999997
0.453294204995999983
0.453194224265999979
0.453295716033000007
0.453318926228000019
0.453261420189999986
0.453274019874999989
0.453346833745000011
0.453273284047000014
0.453267141962000020
0.453234172657999979
0.453096949681999983
0.453066586030999974
0.453279845914000001
0.453380437952999982
0.453449030844999990
0.453395684932999976
0.453431085708000003
0.453296291979000010
0.453260398180000024
0.453421147364000021
0.453560310631999974
0.453460323687000011
0.453414157192000011
0.453368067363000005
0.453278485522000008
0.453484510406000019
0.453410078097000013
0.453352587716000011
0.453309670439000001
0.453234781232000006
0.453393266623999980
0.453332759982999989
0.453357698024000000
0.453283722253999988
0.453274358589000004
0.453227858150999974
0.453250704886000000
0.453366532059999994
0.453301877690000021
0.453369193393000025
0.453440043457000008
0.453447773020000000
0.453249950572999993
0.453359570677000001
0.453420584143999994
0.453521307415999997
0.453583207245000009
0.453541829592999990
0.453350289414000018
0.453572729374000005
0.453684812135999982
0.453576175146999994
0.453675368678000013
0.453519078271000020
0.453499668713000015
0.453497510697000006
0.453540516183999987
0.453534003475999981
0.453655903083000023
0.453611182218999986
0.453377812135999980
0.453413314344000007
0.453295553966000020
0.453342907517000016
0.453399716740999992
0.453388779688999988
0.453153554645999990
0.453354914052000013
0.453427224289000008
0.453220369607999995
0.452982089026999990
0.452991732895999977
0.453198124518000012
0.453266363296999986
0.453512848035000027
0.453151695897999973
0.453119734845999989
0.453339359020999977
0.453441863379999976
0.453624120686999976
0.453604563736999977
0.453468833010000016
0.453246060260000028
0.453349671648999974
0.453250393525000017
0.453455468379000026
0.453703439240999984
0.453566103313999991
0.453536661203000013
0.453291434110999980
0.453146026265999979
0.453130171212999977
0.453260487812000012
0.453289072394000014
0.453372453989000002
0.453325668035999996
0.453188403402999984
0.453120058968999984
0.453203814031999996
0.453180557443999987
0.453376947387999996
0.453221510895999991
0.453258454132999977
0.453190060003999973
0.453424358166000019
0.453376964933000004
0.453384020441000013
0.453444006175000025
0.453483001812999997
0.453392525622999976
0.453377677811000024
0.453440677249999979
0.453414242804000001
0.453425395678999976
0.453506541508999994
0.453477918698000027
0.453479900277000025
0.453431734031999989
0.453421008224999977
0.453291242234000025
0.453550037565999986
0.453398218643999984
0.453547508007999978
0.453220854037999998
0.453273809231000024
0.453332256624999985
0.453403692149000004
0.453286674715999982
0.453377602794000023
0.453390793096999978
0.453351851053000021
0.453167731239000005
0.453055478851999982
0.453278813411000014
0.453202012328999981
0.453116000414999998
0.453320331763999995
0.453303069549999993
0.453199907056999973
0.453490579263999993
0.453506672778999975
0.453469245701000001
0.453401494234000002
0.453226836447000014
0.453503062085000019
0.453495301914000004
0.453232420966000027
0.453364194350000027
0.453428361629000021
0.453438041465999975
0.453277978367999990
0.453324015412999992
0.453532850714999991
0.453398261064999974
0.453326433922000005
0.453517862533000027
0.453459941817999979
0.453594396384000009
0.453434443527999997
0.453398326118999995
0.453352669767000005
0.453390824540999993
0.453583127405999986
0.453258488542000015
0.453172392440999994
0.453314448949000026
0.453383468884999974
0.453357392703000017
0.453271418982999996
0.453109027301000000
0.453246358362000001
0.453038155306999979
0.453186565958999976
0.453263539564000006
0.453432555946000015
0.453383056788000005
0.453077377336999987
0.453313906661000021
0.453500748166000001
0.453329837916999989
0.453326904799999986
0.453317326718000013
0.453355855247000006
0.453291588178000027
0.453197414794999975
0.453173340408000003
0.453418184108999978
0.453574912110999984
0.453452933261000002
0.453217505331000026
0.453308664470000011
0.453301932266000018
0.453504221534999974
0.453389151709999993
0.453497192564000007
0.453473344624999997
0.453428392146000003
0.453276247951000022
0.453372956130000004
0.453515317367000015
0.453586037684999999
0.453356754364000025
0.453246173307999989
0.453408896439999987
0.453255532125000027
0.453205958144999976
0.453162629207999990
0.453439472489999995
0.453254202065999978
0.453429824027999973
0.453313888492999972
0.453366969459000013
0.453427790187000024
0.453389772252999979
0.453387011090999992
0.453290013233999978
0.453367202763000021
0.453413886217000017
0.453532459147000022
0.453372140129000012
0.453259282997000024
0.453397901348000010
0.453473097182000018
0.453530417861000013
0.453341829633999993
0.453296588323000016
0.453523008732999999
0.453415213002999973
0.453063255828000000
0.453249437136000022
0.453345112579999987
0.453389435840999999
0.453390777911999998
0.453178858379000016
0.453173681807000017
0.453316581368999993
0.453369957940999990
0.453341369233000002
0.453394448692999996
0.453284662180999998
0.453354304064000013
0.453402767752999980
0.453182544053000014
0.453379180105999979
0.453437890198000015
0.453492536371000010
0.453547809670000024
0.453618249043999999
0.453717502705999975
0.453540167867000021
0.453413777711999977
0.453363252300999997
0.453409125829999982
0.453551408320999994
0.453431897849000010
0.453607838714999989
0.453587574391999981
0.453448628181000013
0.453485256612000009
0.453326394495000007
0.453318092190999999
0.453433864636999973
0.453155513946999988
0.453277984304999992
0.453189412796999980
0.453412649356999986
0.453335595759000010
0.453290071492999991
0.453246678286000015
0.453237436077000011
0.453128185429000019
0.453309444281000007
0.453234644402000009
0.453302659900000016
0.453197693269000002
0.453254862797000002
0.453233821859999997
0.453238372501000020
0.453223170559999999
0.453131498881000017
0.453030430505000026
0.453074308787000002
0.453150899554999986
0.453213730751000021
0.453280839764999999
0.453252896974999986
0.453242289540000010
0.453331931912999975
0.453275957374000005
0.453190699920999973
0.453171988540000015
0.453247646956999983
0.453302714261999973
0.453333802923000018
0.453215933878000021
0.453218253896999990
0.453378707486999988
0.453172742645999993
0.453250639964000002
0.453454905821999987
0.453279701623999998
0.453284675804000003
0.453423142660999978
0.453386921935999998
0.453590968516000004
0.453340608974000026
0.453383059224999996
0.453613469054999996
0.453625564879000021
0.453473731692000004
0.453640507804000004
0.453502611335000028
0.453454799987999979
0.453421801635999988
0.453537097835999992
0.453373451155999974
0.453273220116000020
0.453362030392000015
0.453226652491000026
0.453228351568999988
0.453212258716000016
0.453309004407000005
0.453663916896999975
0.453555598868999987
0.453738951865000018
0.453577188650000018
0.453458949880999995
0.453477856088000009
0.453432554207000016
0.453345031495999973
0.453480564553999987
0.453296585756999992
0.453230858291999994
0.453449047634999991
0.453509250250999973
0.453631967538999981
0.453305053211000009
0.453381602498000025
0.453550751370000005
0.453514211002999990
0.453350283352999983
0.453414335690999981
0.453407764970999994
0.453404493725000024
0.453423781583000007
0.453432224551000018
0.453476748559999976
0.453499566625999995
0.453259766939999975
0.453178441755999972
0.453458452185000027
0.453166351312000004
0.453229289721999995
0.453139135096999990
0.453303223969000024
0.453288186044999986
0.453418277852999985
0.453357546664000022
0.453082391596000000
0.453075328757999995
0.453248804933999994
0.453137760373999998
0.453230197319999972
0.453350771350999993
0.453043815244999981
0.453281339201000000
0.453355287822000019
0.453306948987000025
0.453437139945000012
0.453414514479999975
0.453213332429000026
0.453411963402999996
0.453430090936999985
0.453442595650000002
0.453395242872999982
0.453279115193999993
0.453331718817999996
0.453363942429000022
0.453256027577999987
0.453610281978000018
0.453594438682000001
0.453222474371999973
0.453167065631000010
0.453187892561999983
0.453410224221000024
0.453505672006999982
0.453704222160999981
0.453652591860999987
0.453618476785999980
0.453415870768999973
0.453153808942000025
0.453173861319000004
0.453402272075999979
0.453209133175000001
0.453147297466999999
0.453133411814000020
0.453270642406999991
0.453393654985999983
0.453421268408999989
0.453398087346000012
0.453480831756000013
0.453302016864000012
0.453209778196000002
0.453378736664000026
0.453532329030000014
0.453476345973999995
0.453601310935999980
0.453473709479000009
0.453530245320000025
0.453343141702000019
0.453162350827999993
0.453340235054000007
0.453360817595999999
0.453451321367999982
0.453179667921000007
0.453179584219000009
0.453309534587999996
0.453418514245000015
0.453135656852000024
0.453277893571999990
0.453290066461000007
0.453051403114999973
0.453059709126000021
0.452904483199000008
0.453227881660999976
0.453145824831999999
0.453152064018999989
0.453221009534000019
0.453220342855999991
0.453430820745999996
0.453298094526000006
0.453403225302000001
0.453349040781000023
0.453232944984000019
0.453337791839000026
0.453241267798999981
0.453197504344000024
0.453446734542000018
0.453380463502000008
0.453320009161000015
0.453278919900000021
0.453391058166000005
0.453423416261000023
0.453305996348000007
0.453323642355999978
0.453298046334000004
0.453268147632000018
0.453434895416999995
0.453471011589999973
0.453311779176000018
0.453470575719000013
0.453492193897999996
0.453656276347000009
0.453663280047999995
0.453619723270999975
0.453384482576999981
0.453550001960999982
0.453617042430000006
0.453569130230999984
0.453708928349999985
0.453454871149000016
0.453419291077000020
0.453420514609000014
0.453615293124999985
0.453526408311999973
0.453548923699999995
0.453414387827999976
0.453242265194000016
0.453165711337000010
0.453237789893999987
0.453094272184999980
0.453208305144000012
0.453491290272000025
0.453550880952000024
0.453555174931999983
0.453317860638999981
0.453265887214999996
0.453591818844000016
0.453613297610999999
0.453441577450000022
0.453373333260000011
0.453581403569999986
0.453410689312999993
0.453618416379000022
0.453387095914999982
0.453370059316999974
0.453280104407999984
0.453334164435000020
0.453456722955000002
0.453527835671000024
0.453431242953000024
0.453341995785999985
0.453202363471999992
0.453313391944999977
0.453447420335999996
0.453532586602999999
0.453265507131000001
0.453279440099000008
0.453494948717000024
0.453317197637000013
0.453106203282000020
0.452977401948000014
0.453064306603999989
0.452928050902000001
0.453118325290000012
0.453195628593999977
0.453199218083999988
0.453349731214000018
0.453454135003000025
0.453245711137999996
0.453300194486999986
0.453326744594000020
0.453325540841999997
0.453615395340000005
0.453367501196999978
0.453348566617000015
0.453312369180000008
0.453370895780999983
0.453443217010999988
0.453408380519000009
0.453551617874999979
0.453411677389999990
0.453264829681999992
0.453161003943000018
0.453346587191999995
0.453445778801999988
0.453133435247999983
0.453236067966000022
0.453087537498999993
0.453318518813999982
0.453223291161999997
0.453420074708999976
0.453328412997999974
0.453304335597999986
0.453261730380000005
0.453441989902999998
0.453520906067000018
0.453565122973999979
0.453317261216000023
0.453639631767999985
0.453350611326000019
0.453405436461000011
0.453281408263000007
0.453399032219999998
0.453324805512999973
0.453405980270999986
0.453601619778999987
0.453393884613999987
0.453492377218000009
0.453415877859000005
0.453443826632000002
0.453426002107000015
0.453326398229000005
0.453487872454999996
0.453493794703999975
0.453238660020999995
0.453380619051000022
0.453304418235999984
0.453346204151000021
0.453310604027999997
0.453303354599000008
0.453142259044999995
0.453370205071000010
0.453390875276000027
0.453239294176999985
0.453330724550999986
0.453389834325000018
0.453304480271000010
0.453302768947999979
0.453354733968000023
0.453416810539999993
0.453380841699999981
0.453230901201000014
0.453186379186999999
0.453073942070000013
0.453193271439000012
0.453229255220000016
0.453208139289999978
0.453347055062000015
0.453376502577999996
0.453408171799999982
0.453418334676000012
0.453293494138000019
0.453225629573999977
0.453135315145999973
0.453051185149999980
0.453228262444999974
0.453341131953000021
0.453185962968999989
0.453188730275999985
0.453083279961999985
0.453192044703000008
0.453431373706000007
0.453448410410999980
0.453452816405999992
0.453360319068999984
0.453292162690000000
0.453332282129000008
0.453320166646999978
0.453395300813999980
0.453578586401999995
0.453450994552999975
0.453401074259999981
0.453293836436999997
0.453401839139999985
0.453482487709000015
0.453369583409999999
0.453576647737000016
0.453470872171999995
