0.452736190232999991
0.452752475977000024
0.452723640508999992
0.452648281410000020
0.452786404907000006
0.452593230713000005
0.452541347516999981
0.452831799417000025
0.452840947802000016
0.452750185545999995
0.452849745553999983
0.452997263525000027
0.452832131733000021
0.452812803985999990
0.452655780128000007
0.452826313121000024
0.452909901685999983
0.452803397288999987
0.452717418990999987
0.452761257438999976
0.452690838501999981
0.452890097245000012
0.452870122869000025
0.452934327332000009
0.452831429698999977
0.452771767373000011
0.452720408208000025
0.453128073171999990
0.452891806358000026
0.452986254317999992
0.452848553588000025
0.452810203206000017
0.452752720675999976
0.452827395442000014
0.452943338945999974
0.452980575564999988
0.452940029791000009
0.453132966468999976
0.453206681484999985
0.453387737793999990
0.453046487579999990
0.452884325960000000
0.453038031361000015
0.452861035768000020
0.453035420606999972
0.452872162901999997
0.453100374036000009
0.453187771952999974
0.453113201091000006
0.452885996150000025
0.452765405180000025
0.452679646957000026
0.452660999361999994
0.452465427535999998
0.452597209406000012
0.452735413756000016
0.452890324610000006
0.452684665104000017
0.452774105613000022
0.452849528993000017
0.452861758228000011
0.452845285180000001
0.452662094520000002
0.452531318322999976
0.452613298986000001
0.452564963323999980
0.452538557567000010
0.452696053132999987
0.452786823333000021
0.452818889145000014
0.452670559144999984
0.452776355164999977
0.452852885998999977
0.452970863431000015
0.453002817037000016
0.452990837995999984
0.452892187968000015
0.452628612224000026
0.452732501914999974
0.452930024320999991
0.452784414234000010
0.452708377022000008
0.452511619744999982
0.452717840046999997
0.452716043851000005
0.452807012248000018
0.452767690004000023
0.452844112665999998
0.452761163733000016
0.452769837816999976
0.452884412763000010
0.452981128527000010
0.453111451574000013
0.453095796936999973
0.453032573667000005
0.452800316686000015
0.452845567148000006
0.452685610997999976
0.452886383609999998
0.452935429005000001
0.452898877106999997
0.453052008903999992
0.453182342868999999
0.452991263206000028
0.453138107720000016
0.453209284769999998
0.453156882463000010
0.453047713457000012
0.452964828771000028
0.452810568857999973
0.452592825094000006
0.452766669319999981
0.452759463154999986
0.452848957669999996
0.452815958904999982
0.452729014212000014
0.452659100526999980
0.452540357226999979
0.452602383807000019
0.452766024634000008
0.452743736702000021
0.452851502048000010
0.452843788414000026
0.452581478874999998
0.452363208311000020
0.452395040694999973
0.452513094268000016
0.452554164742999976
0.452540323510999987
0.452626106931000027
0.452814516205999995
0.452724939792000014
0.452923412643000012
0.452903596307999978
0.453120982112000026
0.452861432090000016
0.453051679094999993
0.453110849912000013
0.453019815657000002
0.453031565041000006
0.452910265639999976
0.453045152151999975
0.452798536714999977
0.452971883218000027
0.452816783431999992
0.452792745699000021
0.452836174299000027
0.452755122382999975
0.452803412934999983
0.452955589335000020
0.452836257846999990
0.452716771600000012
0.452752917495999996
0.452696365599000006
0.452827111002999994
0.452850630989000025
0.452606784365999992
0.452625835196000026
0.452672736415999977
0.452942964183999985
0.452777728559999981
0.452911590543999987
0.452829916502999974
0.452767248381999998
0.452942136536000017
0.452784258099000025
0.452839367431999984
0.452899709425999997
0.452625588927999978
0.452777956308999974
0.452717643497999978
0.452732456901999980
0.452731109018999989
0.452830609488000024
0.453049038547999994
0.453086209509000026
0.452871898935999995
0.452929279161999987
0.452994913630999974
0.452847719485000022
0.452763928378999980
0.452441690948999997
0.452600716951999993
0.452605823969999987
0.452570950408999972
0.452675112870000007
0.452713273876000022
0.452830412746999977
0.452829087116999984
0.452712125103000018
0.452689879803999995
0.452702077441999973
0.452586055704000012
0.452860728099000021
0.452799032228999976
0.453024110799999991
0.453105376820000016
0.452961476053000023
0.452950591532999991
0.452807188239000014
0.452761266170999988
0.452862510443000021
0.452792295943000023
0.452773831550999983
0.452467370026000015
0.452544060616999977
0.452666683452999985
0.452857710448999973
0.452926029564000021
0.453047814705999974
0.452831809279000019
0.452938294163000021
0.453101106112999974
0.452902259049999978
0.453044144782999980
0.453064867709000008
0.453092465509999986
0.452904942462000026
0.452858755090999987
0.453184400428999989
0.452927541534999978
0.453046378844000008
0.452780782265999993
0.452691668443000017
0.452791941006999987
0.452664945586999989
0.452721365258999975
0.452802657313999990
0.452887925748000020
0.452764987005999986
0.452888702172000002
0.452787469381999985
0.452961355080999994
0.452805882544999982
0.452761254014000025
0.452773530106000022
0.452877448354000012
0.452793076648000004
0.452757594175000000
0.452818905341999978
0.452835553027000015
0.452941022525000014
0.452998213443999986
0.453050379025000005
0.452907579599999999
0.452904289765000023
0.452874491847999994
0.452823625459999990
0.452722497215000019
0.452789643565000011
0.452738205502000002
0.452830968900999997
0.452788862919999979
0.452531773237999979
0.452708397691999997
0.452641152350000020
0.452660127577000027
0.452661652159000005
0.452781117642000019
0.452766710775000025
0.452802107042000024
0.452762567983000019
0.452665215417999978
0.452741308620999983
0.453023717147999994
0.452980396685000009
0.452909245346000022
0.452813409770999986
0.452694968445000012
0.452779755012000018
0.452865546318000023
0.452976253772999993
0.453149033142999980
0.453031604438000002
0.452776388628000015
0.452653373131999992
0.452529611348999994
0.452589412681000003
0.452769397808000018
0.452971326793999984
0.452960338369999993
0.452907485765000006
0.452886459693000010
0.452780676310999997
0.452760321016000000
0.452818933337000018
0.452591126873999994
0.452548956270000025
0.452855094904999977
0.452878091786000025
0.452673622526999997
0.452778345570000018
0.452689084846999990
0.452618266712000006
0.452731267499000001
0.452867656615000003
0.452684861815000006
0.452702982977000012
0.452591060612999974
0.452849014897000024
0.453003682731000001
0.452900679199999989
0.452933391552000020
0.452826403641000019
0.452858453504000003
0.452881396416999982
0.452721192591000021
0.452679457464000012
0.452584329165000021
0.452624135461999977
0.452786625770999984
0.452923337209000021
0.453038427871999994
0.452927499989999982
0.452779652583999992
0.452780925677000012
0.452859285973999992
0.452737073953000002
0.452818056889999987
0.452602228516999994
0.452840581179000001
0.453060682092999989
0.452884935511999986
0.452890068084999986
0.453006245676000008
0.452975745435999999
0.452944499534000011
0.452758606331000013
0.452858604331999981
0.452854144140000026
0.452892847250000008
0.452942754951000004
0.453027346710999979
0.452916791077000003
0.453021031578999978
0.452921635679999990
0.452750939158000021
0.453034339795000018
0.453194488351000013
0.453208753889999982
0.452906424776000016
0.452817357561000000
0.452624838310999977
0.452567452054000008
0.452521076237999975
0.452491262569999997
0.452610200362000004
0.452810888475000006
0.452902673940999978
0.452891640914000027
0.452779329339999981
0.452814794708999990
0.452703717286999985
0.452832281561000027
0.452790898014999998
0.452906687942000008
0.452764937347000018
0.452835465594000008
0.452902121503000021
0.452878892006999989
0.452941786316999995
0.452939755439000002
0.452936080445999978
0.452878598013999989
0.452725899967000023
0.452741720648999979
0.452946077461999996
0.452845313512000025
0.452845594437999988
0.452810334666000014
0.452721116327999995
0.452679177864000026
0.452738594124000027
0.452753937095999981
0.452771233534999984
0.452573395175000004
0.452886195925000012
0.453059194255000020
0.453119283955999985
0.452924194476999997
0.453123264876000020
0.453068480700999976
0.452939540573999988
0.452849895941000002
0.452927187575999979
0.452885113331000011
0.452779068808000007
0.452799280921000025
0.452813948592000026
0.452886840951000014
0.452785900986000023
0.452840435268999975
0.452834162566999987
0.452872011656999973
0.452812090211999974
0.452803629784000017
0.452940109147000003
0.452862645206000003
0.452976660511999973
0.452805696932000012
0.452806613028999994
0.452684812825999983
0.452637564059999997
0.452616779309000017
0.452767456770000021
0.452675865449999992
0.452709203855999998
0.452701523586000021
0.452876719071000022
0.453202384216000009
0.453052333794999984
0.453054169971999987
0.453067272996000026
0.452969529084000011
0.452859237274999993
0.452822588098000023
0.452732470478000026
0.453001200797999992
0.452638587683000027
0.452729858842999988
0.452819588752999991
0.452726021337000017
0.452833481122000003
0.452789161080000002
0.452757983300000000
0.452553303926999995
0.452667646310000005
0.452716200813999992
0.452951516208000005
0.452906718405000019
0.452781134083000025
0.452784110216000013
0.452743487047000015
0.452704326145999980
0.452603002340999983
0.452687112868999986
0.452958564052000023
0.452844451711999996
0.452779270394000011
0.452997439186999973
0.452860692218999994
0.452731016785999973
0.452757130999999979
0.452912785925000005
0.453103086973000002
0.452963023460999981
0.452986988405000013
0.452888341315999976
0.452880463732000027
0.453034771464000008
0.452722923253000009
0.453013252086999996
0.452825660018000009
0.452899415418999973
0.452841639075000024
0.452831402551000017
0.452821968896000016
0.452972296426000010
0.452949673110999984
0.452915087526999993
0.452884347680000021
0.452890186523000005
0.452844279141999984
0.452732808491000005
0.452625660114000017
0.452701405080000008
0.452823090152000007
0.452567348506000000
0.452721889574000003
0.452855011611999980
0.452658274505000013
0.452441973800999986
0.452489029795999975
0.452835495104000008
0.452885911628999993
0.452675088323999997
0.452777142768999996
0.452665192190999988
0.452628793648999994
0.452633298026999975
0.452650498695999992
0.452456208201000021
0.452712553657000027
0.452729582525999985
0.452864861065000013
0.452859154594000002
0.452947462761000008
0.452958938106999998
0.452822591717000011
0.452878147278000021
0.452815722224000017
0.452669258806999986
0.452582463077000008
0.452792283831000009
0.453048468079999989
0.452855562285999991
0.452951843274000010
0.452913657846999995
0.452745510788000016
0.452677463278000014
0.452731113326000023
0.452673023841000000
0.452671490206000005
0.452897735074999974
0.452982799124000024
0.452924907755999973
0.452966213100999993
0.453090928303000018
0.453091530532000020
0.453039434236000016
0.452929083830000023
0.452905616271999989
0.452702226772000005
0.452560457543999983
0.452550567061999975
0.452635569520000003
0.452612997723999988
0.452745178442999996
0.452692040110000027
0.452662043652000023
0.452723337208000010
0.452565236513000013
0.452446787130000028
0.452618280363999981
0.452750540581000005
0.452683702226999995
0.452858898941000010
0.452652744353000014
0.452823570637000017
0.452882354852999991
0.452793380098999998
0.452764023705000018
0.452631139748000011
0.452879802913000007
0.452933806674000017
0.452839349984999973
0.452751859639999976
0.453012682629999996
0.452874650438000015
0.452973897675000015
0.452955947586999974
0.452868205814999980
0.452951610964999973
0.452708728768999979
0.452678404087999975
0.452989385936000022
0.452785274944000005
0.452692159425999996
0.452609007908000016
0.452743173549999989
0.452663058412999975
0.452842725629000020
0.452777463684999992
0.452938626964999980
0.452863185552999981
0.452721266218000018
0.452775244726999981
0.452799556734000019
0.452776157482999986
0.452684059006000006
0.452623242924000024
0.452652763803999991
0.452796949449999986
0.452913496058999998
0.452644995619999990
0.452736998614999997
0.453019585883999987
0.452887793960000007
0.452676231200999979
0.452806538972999995
0.452616388393000002
0.452797168588999988
0.452759401092000024
0.452698774733999998
0.452716544017000011
0.452797353073999986
0.452746680740999996
0.452755782047000011
0.452749376094000011
0.452770515463999990
0.452805929355000025
0.452835123128000006
0.452712075381999979
0.452827433438000027
0.452812075353999977
0.452670313631000021
0.452778704413999977
0.452874007977000004
0.452961733397000021
0.452900178722000002
0.452788001266999973
0.452710993138999984
0.452567996317000010
0.452818261514999987
0.452909896955999980
0.452704405460999992
0.452811752497000009
0.452594457105000014
0.452742986203000020
0.452690662590999993
0.452874861814999974
0.453019898024000001
0.452927453739000008
0.452849686477000024
0.452746816762999993
0.452592885368999998
0.452537999999000018
0.452729567672999988
0.452792399198000017
0.452711079790000026
0.452625419364000026
0.452836770685000001
0.452834865433999978
0.452867539601000013
0.452838413458000022
0.452646770897999984
0.452732983097999975
0.452675158420000001
0.452830564576999994
0.452719126768000024
0.452691994541000009
0.452539673131000020
0.452899369393000018
0.452878837929000022
0.453057649198999990
0.453101355390000016
0.452724753751999998
0.452766352621999990
0.452880415004999981
0.452887937103999993
0.452859443798000028
0.452871526196000018
0.452821240751999976
0.452785917661999993
0.452749870178000002
0.452750406378000014
0.452617320784000021
0.452562380912999995
0.452780139069999976
0.452653064170999986
0.452713513775000020
0.452733454357999998
0.452612713170999992
0.452723178893999989
0.452713910734000025
0.452637517920999988
0.452697547603000017
0.453015934658999975
0.453253125043000027
0.453319189093999986
0.453215623613999974
0.453096909822999994
0.453048964263000009
0.453099668261000010
0.453313899389999997
0.453104820939000008
0.453043375573999985
0.452956454268999997
0.452924614775000012
0.452876933791000025
0.453034664350000005
0.453112879066000007
0.452755966898000017
0.452766573185000021
0.452819400109000014
0.452729384045000016
0.452913638833000010
0.452858667253999980
0.452862797744999990
0.453058373650999990
0.453283849627000024
0.453073995105000016
0.452848770723999983
0.452854305186999984
0.452887238362000011
0.452891244269999993
0.453110940736000001
0.452968727166000007
0.452979116826999983
0.452682102887999982
0.452823133486000007
0.452857860802000023
0.452690599329000021
0.452750265019000009
0.452945682941000016
0.452836105982000026
0.452654170364999997
0.452543924197000014
0.452563618644000021
0.452394435413000007
0.452277873689999999
0.452511310722000015
0.452488567637999994
0.452475405368999994
0.452813793939000009
0.452623018453999992
0.452686208551000002
0.452554785577999996
0.452920121798999986
0.452818861735000022
0.453092067814999999
0.452954017460000025
0.452777642313999973
0.452655619354999983
0.452848482200999991
0.452836936324999995
0.452939543675000000
0.453010980866999979
0.453011299355000008
0.452897490460999974
0.452826269755000010
0.452861841897999995
0.452739921503000020
0.452744075211999997
0.452455201969999998
0.452444172764000008
0.452456131252999993
0.452567295013000026
0.452564270037999983
0.452871688594000010
0.452977157502000016
0.453012427835000009
0.452819488985000018
0.452829023654000018
0.452817208324000020
0.452705361124000005
0.452759807269000003
0.452788593675000017
0.452761373959999991
0.452883409020000016
0.453053901144000015
0.452937470938000020
0.453104797260000025
0.453090737884999983
0.453137586496000000
0.453039826819999991
0.452915257600000010
0.452696621683000011
0.452846844997000009
0.452865236733999976
0.452981227780999973
0.453010651026000022
0.452998282897000004
0.453065601574999977
0.452759613100999991
0.452952213948000004
0.452931137781000026
0.453031169264000000
0.453014645918999981
0.452962497327999980
0.452633369878000014
0.452811870196999977
0.452818705963000001
0.452631714060000023
0.452714811970999997
0.452661783589000000
0.452544426925999999
0.452730541275000009
0.452709693688000014
0.452812280138999990
0.452924312790000005
0.452840982529000013
0.452915497469000006
0.452657659925000011
0.452664324168000010
0.452722711472999972
0.452800285357999988
0.452601188834000023
0.452637703926999979
0.452474025461000018
0.452747718663000009
0.452902205522000001
0.452893929796999994
0.452852690509000011
0.452969564621999998
0.452936273632999986
0.452782036120000009
0.452721528860000000
0.452595093035999985
0.452523260092999979
0.452822400316000018
0.452941398870000012
0.452954556196000002
0.452831957577000010
0.452697445708000024
0.452793964850999986
0.452775523939999980
0.453021390552000025
0.453196555017999991
0.452979362936999974
0.453110177594000019
0.453073146545000027
0.453023031907999973
0.452967352328999984
0.452927684212000026
0.452942144772999988
0.452692190010999973
0.452627431990999973
0.452884978197000021
0.452836704749999985
0.452897192665999981
0.452919901650999990
0.452833948420000021
0.452799907436000015
0.452671156424999999
0.452536782500999990
0.452733383842000014
0.452671108995999993
0.452705740567000026
0.452920302404999975
0.452773660392000010
0.452917479575000004
0.452557696870000026
0.452663354083999991
0.452728054297000027
0.452760794884000006
0.452981831908000010
0.453110066415000012
0.453037463167999976
0.453033430507999990
0.452896815093999983
0.452842785729999975
0.452677699764000019
0.452682886976000010
0.452919153789999973
0.453054371161000002
0.452999186459999981
0.452930578450999988
0.452964193690999994
0.452978772618999992
0.452833804717000021
0.452884408959000007
0.452820594139999977
0.452702341685999987
0.452711148662000018
0.452741730125999997
0.452761541973999981
0.452948328961000013
0.452851039909999975
0.452717827665999994
0.452798319107000025
0.452736086731000020
0.452695130687999991
0.452777078504999986
0.452612453558999983
0.452781100835999983
0.452767060177000025
0.452795635044999978
0.452852644044999975
0.452787850868999975
0.452804457381000003
0.452859432594000022
0.452834290759000002
0.452651596082999985
0.452641123998999972
0.452943323116999974
0.452956136067000026
0.452897075277000016
0.452868609847999981
0.453048137188000022
0.452790430058999993
0.452942102349000009
0.452957361444000006
0.453049619329000008
0.452914417522000012
0.453069639864000007
0.452932991047000022
0.452980247130000013
0.452758860448000011
0.452811009732000003
0.452916905736999997
0.452783600880000026
0.452857269823000008
0.452780239573999987
0.452942392666000004
0.452934384194000006
0.452968328799999986
0.452967023332000007
0.453065516923000011
0.452990400194999976
0.452943727136999985
0.452782630517000018
0.452801360511000006
0.452852125286999974
0.452800643353000021
0.452872389910999984
0.452848275701999980
0.452715125433999999
0.452825108709000002
0.453067507513999990
0.452912828880000007
0.452791774920000001
0.452964706496999991
0.453118397181999977
0.453017196209999973
0.452781431705999993
0.452636777351999975
0.452668324800999999
0.452580014192000002
0.452562629917000026
0.452452967531999983
0.452727711402000021
0.452702374440999977
0.452713676258000020
0.452693887703999986
0.452645665219000015
0.452585449849000010
0.452797355933000023
0.452767723941999989
0.452901770009999982
0.452892903718000006
0.453053075836000019
0.452999370765000020
0.452938733303999974
0.452928570364000027
0.452927348170999999
0.452957346264000027
0.453035587936000017
0.453129199845999975
0.453034677790999984
0.452810120591000009
0.452791208025000003
0.452703684067000012
0.452673574716000005
0.452630371638999995
0.452677950930000017
0.452971103463999991
0.452884972581000023
0.452722152124000021
0.452525826178000024
0.452631699928999987
0.452620913243000023
0.452351903062999994
0.452534722271999978
0.452513620449000009
0.452592547003999979
0.452703367789000000
0.452868126174999996
0.453010501969999979
0.453020843477000001
0.453167895524999975
0.452988989991000013
0.452955534300999996
0.452720294166000015
0.452792117885999990
0.452522637703999975
0.452544210810999992
0.452639480576999986
0.452602889959999977
0.452798916385000028
0.452802301236000015
0.452768904332000011
0.452820400625999986
0.452976459557000000
0.452878442355000022
0.452786700423999988
0.452852091053999983
0.452622535757999989
0.452683490781999986
0.452902917819999973
0.452777411088999993
0.452676730897000001
0.452939253729000013
0.453066432746000003
0.452948092138000025
0.452829525153999990
0.452754021933999995
0.452659644000000028
0.452758019663000000
0.452903350694999984
0.452914200950999990
0.453024785154000020
0.453063595578000022
0.452699615782999998
0.452743975487999994
0.452885366284999979
0.452899863474000020
0.452781187465000012
0.452882086277999973
0.452907475060999987
0.452876864187000017
0.452998276166000025
0.452795979803000015
0.452731984102999974
0.452653362868999987
0.452708854245000014
0.452831817390999980
0.452866130064999983
0.452800048234999974
0.452792766068999986
0.452671451758999976
0.452753209426999981
0.452674396563999992
0.452759201426000013
0.452918368557999995
0.452906682983999997
0.453148898060000027
0.452980463002000011
0.453063617094999982
0.452967545601999977
0.452969215209999998
0.452795872747999983
0.452988235394999994
0.452887126360000003
0.452971547812999975
0.452667633279000003
0.452511368733000019
0.452562230291999990
0.452767376321999981
0.452800539045000006
0.452918659310000027
0.452868400851999975
0.452667369930000008
0.452940845091000022
0.453005724175000013
0.452981815161999979
0.452564919938999999
0.452549930659999988
0.452673165727999982
0.452782196485999988
0.452800417158000013
0.452679930672999997
0.452870360819999984
0.452813887211000021
0.452909835669999983
0.452760305849000011
0.452785113281999996
0.452776535382000023
0.452640218945999984
0.452684223506999994
0.452723208513000019
0.452583537636000011
0.452740318694999977
0.452602543103000021
0.452708368299999997
0.452776523453999991
0.452906546849999980
0.452919392387999997
0.452573765356000024
0.452727412552999975
0.452552450453999999
0.452592783221999972
0.452715066645999975
0.452447613646000002
0.452740194563000020
0.452842116188000021
0.452824533934999995
0.452923883299000019
0.452557368786000003
0.452667456312999983
0.452731897787000015
0.452651068679999991
0.452747306976999997
0.452880271476999996
0.453103394376000002
0.453040981627000017
0.452966621906000011
0.452921940191999994
0.452859864772999998
0.453012137711000018
0.453020733073000004
0.452900085788999984
0.452876339482000012
0.453023097875999980
0.452969545076000013
0.452748813949999995
0.452951837317000006
0.452664861593000012
0.452670649641000011
0.452590472274000011
0.452648872428000004
0.452569148824000012
0.452618210429000023
0.452639468197999995
0.452728333691999996
0.452750483982999996
0.452711862094999973
0.452702174351999997
0.452836473884999979
0.452806670951000023
0.452684746542000027
0.452839487448999989
0.452720784212999994
0.452879226214000008
0.452881811116999988
0.452980833447000020
0.453105879044999993
0.452866526905999989
0.453012567633999996
0.453065362643999991
0.452938042485000025
0.452804434807999978
0.452807924630000025
0.452673997898000002
0.452680018153999997
0.452513195162000004
0.452608274698000024
0.452788056338999989
0.452868877085999988
0.452920991040999976
0.453004483728999985
0.453005578796000008
0.452980783469999981
0.452801229936000027
0.452781873571000026
0.453094676703000021
0.453019871974000010
0.452764765991000018
0.452543481001999981
0.452639474849000023
0.452732267420000001
0.452776504729999973
0.452905910651999977
0.452913771227999973
0.452880619747000002
0.452886824425999979
0.452759273994999989
0.452933096189999995
0.452904822315000011
0.452878725983999975
0.452743142410000021
0.452950964027000025
0.452893393358999974
0.453034585212999996
0.452809113455000023
0.452845012059999996
0.452737954870999992
0.452696528912000018
0.452673555752000023
0.452929560730999992
0.452676944899000011
0.452628967958999984
0.452702301555999997
0.452718319894999999
0.452567392878999997
0.452709865368999986
0.452740939883999993
0.452553000781000025
0.452365686883999973
0.452501633675999992
0.452711929961999993
0.452862991132999992
0.452918081317999988
0.453017547793000019
0.452815218803000019
0.452824442632000002
0.452732166616000020
0.452785919358000000
0.452588258390999976
0.452731427726999980
0.452866552641999986
0.452765654146999985
0.452776792154000018
0.452664971285999973
0.452810225540000000
0.452758851251999994
0.452837694194999973
0.452659176810999986
0.452702037276999980
0.452528872721999986
0.452790059663999989
0.452768708588999980
0.452894771467000024
0.453042348643000026
0.452903353166999978
0.453247721099000023
0.453237969987999978
0.453362488472000003
0.453170410753999997
0.453014603005000016
0.452780850304000004
0.452753517203999978
0.452819807886000014
0.452961004986999982
0.452821765109000018
0.452897738606000022
0.452682977554999977
0.452805489467000000
0.452893297088000024
0.453054291092000017
0.452982495790999973
0.453004963488999990
0.453060944284000011
0.453008697831000007
0.453129100705999988
0.453365567714999973
0.453173460719999976
0.452977388220999977
0.452786173678999981
0.453136984465000003
0.452981040225000020
0.453038026624999979
0.452974000880000005
0.452929478596000024
0.452713273101999991
0.452858385154000009
0.452675585573000028
0.452667967421999995
0.452703324136999985
0.452713737098000002
0.452672120352999974
0.452402621826999973
0.452456544103999991
0.452640705846000024
0.452699294059999979
0.452941466459000019
0.452826347700000020
0.452882257151000001
0.452944019330999981
0.452902100573000010
0.452854547055999979
0.452973700747999974
0.452713554367999982
0.452700510778999976
0.452805678029999992
0.452934800876000021
0.452819711131999980
0.452862896306999996
0.452895870904000020
0.452717731547000013
0.452770274284999996
0.452662451507999997
0.452712311312000015
0.452767727760999994
0.452527188096000010
0.452690824802999991
0.452709567701999993
0.452671483965000010
0.452800989468999993
0.452854274386999989
0.452872104612999982
0.452836853669999984
0.452898343516999979
0.452888425375999992
0.453004258724000020
0.452933316704999978
0.453109942270999988
0.452908104081000018
0.452656994333999974
0.452903333743000014
0.452921232620999981
0.452831954688000027
0.452922148743999997
0.452942271612000014
0.452919527960000012
0.452708277238999979
0.452900488837999993
0.452687705242000027
0.452732548715999994
0.452720138552999973
0.452679659081999974
0.453049302739999993
0.453128518084000009
0.452840788148999973
0.452829778836999985
0.452690633203000015
0.452581801269999973
0.452764797306999978
0.452692412551999990
0.452764238789000018
0.452770159757000024
0.452603090358000004
0.452787731385000003
0.452681542971999973
0.452692369706000020
0.452642155230000010
0.452689652451000013
0.452979693806000006
0.452908867824000028
0.453012341192000012
0.452971932078999995
0.452926429108000017
0.452915811366999987
0.452866731761999985
0.452917944750000023
0.452778504590999997
0.452948760288000019
0.452898683927999979
0.452776416627000022
0.452778010299000000
0.452779128784999985
0.452793323711999984
0.452920069744999987
0.452852089279000003
0.453053422521999982
0.452892970431999997
0.453022089361000024
0.452813137621999984
0.452717912409999979
0.452831963125999992
0.452963445518999974
0.452721212486000002
0.452717930303999982
0.452604740602000011
0.452655285289000009
0.452852343594999984
0.452949067829999996
0.452779276665000008
0.452860742990999987
0.452555259047000003
0.452565763800000020
0.452587014035999990
0.452679892191000022
0.452717322633999997
0.452705705878999998
0.452596669077000024
0.452867092169000007
0.452871073467999985
0.452772338012000009
0.452760658601000010
0.452949197261000025
0.452947271209000024
0.452796453561000012
0.452912696487999977
0.452938591451000017
0.452741641151000018
0.452698998836000011
0.452881884856000005
0.452739285762999988
0.452633715709999995
0.452517679243999993
0.452686759424999974
0.452726234085000012
0.452505706574000022
0.452662123171000019
0.452627385599000009
0.452549660590999991
0.452721522313999980
0.452797669093999988
0.452756629329000015
0.452751085862000024
0.452909749257999983
0.452870202739000027
0.452903031693999980
0.452826233011999979
0.452677991935000024
0.452642062808999990
0.452712957917999981
0.452697162195000002
0.452647973303999973
0.452762125971999996
0.452890194799999979
0.453114238757000021
0.452946010490999973
0.452991063116999992
0.452758134172999982
0.452852794120999991
0.452793060121000013
0.452995170271999981
0.452915171083000001
0.452938059165000018
0.452918317638000001
0.452969663941000023
0.452767488002000007
0.452801596603000012
0.452754430089999993
0.452759180854000021
0.452865436983000025
0.452881293625999992
0.453047694301999981
0.452806897179000023
0.452754845412999984
0.453082396419000000
0.453070641784000028
0.453039596518000021
0.452987205040000007
0.452942783236999991
0.452733324594000008
0.453009765002000020
0.452865889625999996
0.452993718657000000
0.452838713389999981
0.452880703744000024
0.452885301479000024
0.452692416666999997
0.452723527206999987
0.452657025335000018
0.452710626256999982
0.452798893671000013
0.452843471052999991
0.452916427253000020
0.452752214985999990
0.452843233308000026
0.452878755515999987
0.453019362945000004
0.453162305889000028
0.452914786091999977
0.452895760131000025
0.453046307734000009
0.452962363174000016
0.452998483544999997
0.452912392873999980
0.452653115009999996
0.452661623366999999
0.452585375329999984
0.452768819303000003
0.452700861505999974
0.452706079237000014
0.452657925552999996
0.452622526425999983
0.452632301186999986
0.452743175616000026
0.452634086360000021
0.452972893792999987
0.453124710990000013
0.453006318618000003
0.452842419501999993
0.452942205932000019
0.452993886602000018
0.452934864581000018
0.452820486555999990
0.453121398469000014
0.452871607125999998
0.453036546528999995
0.452975372014999988
0.453125100805000014
0.453055177342000015
0.452977105714999995
0.452857610894000007
0.452505432323000001
0.452590636624000009
0.452524572061999975
0.452602660132999990
0.452636294464000000
0.452603440186999995
0.452521805160000012
0.452915654863999984
0.452904790848000005
0.452936954775999989
0.453126765777000007
0.452919904144999996
0.452704070334999986
0.452850039152000006
0.452826633420999991
0.452745625993000000
0.452685802724999975
0.452550702926000026
0.452790595603999979
0.452807115200999977
0.452799597961999978
0.452740841732000021
0.452664872943999985
0.452683381519000005
0.452715625934999977
0.452882578099999988
0.452946386305999982
0.453039698420000025
0.453018948571999980
0.452830787567000015
0.452756922205000023
0.452825768514000027
0.452909009533999984
0.452976125519999995
0.452997487899999995
0.452917062207999987
0.452773658018000014
0.452759551794999993
0.452801610620999995
0.452670784812999993
0.452757324831000008
0.452780154642999977
0.452670474282000024
0.452674878903000011
0.452785817368999977
0.452760366212999976
0.453072859064000022
0.453053899609999977
0.452888162752000001
0.452912926483000022
0.453050745611000005
0.452769232944999989
0.452863069088999981
0.452762839056000010
0.452599477804999983
0.452596548006999999
0.452627080884999977
0.452611332876000028
0.452802150996999997
0.452748597766000016
0.452950526901999995
0.452950821052999997
0.452934034629999982
0.453181099054000003
0.452894671212999977
0.452930904693999992
0.452786319725999975
0.452767366672999994
0.452944159537999991
0.452987954006000004
0.452922015304999981
0.452787482008999986
0.452848419323999996
0.452970510792999992
0.452877835321000011
0.452956713183000015
0.452714422087000024
0.452633349314000011
0.452688916182000023
0.452733281714000013
0.452735136546999983
0.452986879010999988
0.452826225485000011
0.452766008353999994
0.452756516863999980
0.452822214664000022
0.452961891682000017
0.452959767454000017
0.452858538934999999
0.452800057314000026
0.453001351087999993
0.452795126524999980
0.452865774464000004
0.452848103865000018
0.452920660952999987
0.453114610267000006
0.452883802840000016
0.452829573985999989
0.452813846726000002
0.452778040503000023
0.452745117265999975
0.453012210031000007
0.452872881196999977
0.452826770814000024
0.452927289587999993
0.453012255807999975
0.452687751470000010
0.452783839562000023
0.452924500349000003
0.453044217086999990
0.452932193174000020
0.452851496477999993
0.452999620316999974
0.452970901310000007
0.452940478902999988
0.452953053390000027
0.452834271801999977
0.452782003007999978
0.452831482259999973
0.453000484934000025
0.452860555035999979
0.452954777334000025
0.452929488729999996
0.452997072170000015
0.452991367059999983
0.452879879303999977
0.452855152593000021
0.452940554700999976
0.452896070533999995
0.452877491743000016
0.452958314151000019
0.452726549553999991
0.452708362339000026
0.452823871345000017
0.452709085165000025
0.452744669302000025
0.452592886415999984
0.452650193255999977
0.452700130432000025
0.452817751830000004
0.452834237179000010
0.452884712435000003
0.452873207396000010
0.452941034648000007
0.452875467995999981
0.453047029446999983
0.452849940833999987
0.452750275292000015
0.452742028276000019
0.452913693216999980
0.452905273012999987
0.452797353728000007
0.452909926901999993
0.452801930884000003
0.452900953265000017
0.452836742111999979
0.452915161038999980
0.452911212022000020
0.452769622621999990
0.452965474575000027
0.453090402022000016
0.453066526709999973
0.452973772622999982
0.452788373548000000
0.452895844617999976
0.452947777185000011
0.453080189563000002
0.452927117797000012
0.452790169874999981
0.452768018888999979
0.452884894591999987
0.452767413994999979
0.452713940684000005
0.452754072562000009
0.452818050292000007
0.452732338454000016
0.452626953093999973
0.452576040878999997
0.452717352633999981
0.452739199408999982
0.452705654379999989
0.452924191019999978
0.452839700934999978
0.452859642841999976
0.452826113438000000
0.452808999757000008
0.452900866462999985
0.452852345458000016
0.452878741994000023
0.452949405600999999
0.452832148305000015
0.452945906426000022
0.453101795678000019
0.452920111821000004
0.452965492764000000
0.453029658172000027
0.452933674755999993
0.452816610610999981
0.452750392765999987
0.452727297094000003
0.452737332014999994
0.452945340591999979
0.452852330508000001
0.452963561514000024
0.452824055742999998
0.452725442849000015
0.452571714060000019
0.452739447171999987
0.452748126267000006
0.452734153555000018
0.452905701888999979
0.452784498837000005
0.452759857228999973
0.452835464916000019
0.452816052824999982
0.452737778970999982
0.452953801727999983
0.452925896672999984
0.452700905591000013
0.452619438942000019
0.452566001102999993
0.452695311312000026
0.452737693300000021
0.452829322836000026
0.452692578712000027
0.452631795366000012
0.452819312551999975
0.452926510664000026
0.453092615568000012
0.452851829057999977
0.452717201303000027
0.452659469678000026
0.452625124677000001
0.452682627964999973
0.452731448641999989
0.452911603549000008
0.452910327935000023
0.452811494927000013
0.452636615256999997
0.452893671522999974
0.452785965788999989
0.452744273330000002
0.452735568846000025
0.452762474864000009
0.452565356518000006
0.452725550518999986
0.452624279615000014
0.452928382018999987
0.453108836992999975
0.452757894158999974
0.452797821456000005
0.452775088107999990
0.452886604581999974
0.452888044815999979
0.452631327176000020
0.452677625683000018
0.452671676610999996
0.452701219772999985
0.452721643667999996
0.452726091311999979
0.452919454291999979
0.452960604012000001
0.452943008699000005
0.452964886276999990
0.452761286706999999
0.452770950028999974
0.452918289046000011
0.452659517088999985
0.452650084494000016
0.452824063537999977
0.452856878492000015
0.452910811168000027
0.453047081941999996
0.453050110288000019
0.452758325535000006
0.452809650727000024
0.452684543237000026
0.452853788659999978
0.452966340916999999
0.452831311396000025
0.452859923509000006
0.452832636770000019
0.452751501296999981
0.452759863054000011
0.452753705883999991
0.452962059490999991
0.453142093981000027
0.452786325290999991
0.452798516125999972
0.452727990485000009
0.452693985462999993
0.452816594362999980
0.452531787186000012
0.452629447871999990
0.452768800689999973
0.452705224362999981
0.452690432859999992
0.452853787757000026
0.452895573155999986
0.452982073219000025
0.453122253001000008
0.453159695746000013
0.453041375397000012
0.452987357049999984
0.452989006079999978
0.452704209086000009
0.452796728754999989
0.452938714088999994
0.452898220710000021
0.452778349962999982
0.452559034505999991
0.452512275854000001
0.452338273299000004
0.452632711487999995
0.452612596387000021
0.452819384725999974
0.452661151375000015
0.452764758877000018
0.452768780744999988
0.452862436460000017
0.452877490306999975
0.452915079213000005
0.452820277104000024
0.452769024693000011
0.452672658607000011
0.452475959960999985
0.452462863115999980
0.452855581645999983
0.452858097070000021
0.452850506117999985
0.452810277415999995
0.453020065028999996
0.452672884838999978
0.452938693083999977
0.452917427440000020
0.452972923546999973
0.453028215055999994
0.452948265492999991
0.452758455901999979
0.452933167272000003
0.452782584074000016
0.452841156304000014
0.453024277242000006
0.453058986015999976
0.453020991551999985
0.453097671154000015
0.453119516022999991
0.453202207061000006
0.452964263398000000
0.452790208251000026
0.452636860555999998
0.452767526896000028
0.452446820583999987
0.452551902118999982
0.452924275782999985
0.453154976165999979
0.453109328541999978
0.452882839538999993
0.453096527330999976
0.452936839814000014
0.452722218630999984
0.452611178908999989
0.452801994180000000
0.452866629972999979
0.452682539529999983
0.452915528612999996
0.452882326499999988
0.452795897007000014
0.452812740313000006
0.452755390124999990
0.452661691457000026
0.452701448253999994
0.452863540903000017
0.453084616489000003
0.452898951418000018
0.452983098824000008
0.452571561898000019
0.452835747883000017
0.452752178193999988
0.452695916618999994
0.452761460509000013
0.452985232189999976
0.452677044033999998
0.452677666839999993
0.452813408691000008
0.452859247477000015
0.452884218763000002
0.452894922475000017
0.452822403805999973
0.452714968621000025
0.452654380299000014
0.452694545689000027
0.452682290576000013
0.452777936526999991
0.452935129877000020
0.452946470385000022
0.452852158010999983
0.452802471897000014
0.452586919410000010
0.452512119759000020
0.452639451739999976
0.452778824026999982
0.452689256967999998
0.452680408503000009
0.452803960708999975
0.452871511737000021
0.452808683375000021
0.452862158407000004
0.452806171588000017
0.452854111462999975
0.452816133989000003
0.453054356280000015
0.452998366782000006
0.452733201117999973
0.452864541289000000
0.452827184245000014
0.452829759263000009
0.452965281749000026
0.453028205690000019
0.453064963042000002
0.453061754897000013
0.452977045715000026
0.452891960892000012
0.452865458953000011
0.452989359701000016
0.452785010152000011
0.452681195495000022
0.452817920777999983
0.452866898143999996
0.452798616250000008
0.452475434813999988
0.452523843313999974
0.452871235739999989
0.452793540656000026
0.452912552114999978
0.452772743189999993
0.452748493959000020
0.452925816526000002
0.452791440905999987
0.452823237692000002
0.452692949432000002
0.452713863084000023
0.452640810587999987
0.452772006419000006
0.452741834630999984
0.452792032765999997
0.452776663562000026
0.452640686514000024
0.452632770359000014
0.452554167519000017
0.452837134545000020
0.452768383145999986
0.452624116154000000
0.452847357313000021
0.452966433316000006
0.452950179472000003
0.452758651484000019
0.452872392544000024
0.452651853175000007
0.452644376246999991
0.452642541020999989
0.452766656207000018
0.452688621447999984
0.452757799888000023
0.452971367100000022
0.453025981592000027
0.452899466277000007
0.452836916491999975
0.452944646032000020
0.453051900748000003
0.453033680978000008
0.452742107158000007
0.452872009204000003
0.452797571246000008
0.452760003424000024
0.452748204591999992
0.452855796036000013
0.452762583607999980
0.452855310341000017
0.452794053807999974
0.452786294558000013
0.452976629773999995
0.452798587987999990
0.452596491438000015
0.452544870711000025
0.452532919909999998
0.452598974744999993
0.452522986326000021
0.452754036031000007
0.452795796566999975
0.452813789477000017
0.452495579375000012
0.452586299003999992
0.452768043218000016
0.452878079069000017
0.452979678524000007
0.452690098149999998
0.452663392233000006
0.452584960666999991
0.452640407814000001
0.452969470987000022
0.453061458197000000
0.453231689443000019
0.453161757780000007
0.452994835102999982
0.452828387233000007
0.453031695989999983
0.452729124443999986
0.452793498159999974
0.452599768279000003
0.452610138451999988
0.452459176419000020
0.452536622137000022
0.452558976717999994
0.452615545632999994
0.452627513904000023
0.452634625098999988
0.452738802820999986
0.452677365077000016
0.452743627202000010
0.452784565759999980
0.452725278133999987
0.452829252881000011
0.452883360753999986
0.452922029238000012
0.452899308574999993
0.452815484697999981
0.452980960509999975
0.453034937904000012
0.452803270410999992
0.452981494172000010
0.452939427526000027
0.452938800320000001
0.452865957616000014
0.452799969259000012
0.452777496551000025
0.452823032640999990
0.452739781040000011
0.452701552361000015
0.452705604919000026
0.452854379714999977
0.452832266506999981
0.452813026549999997
0.452629833540000026
0.452707237889000025
0.452675804036999974
0.452558076686999988
0.452830792259000026
0.452952991360999979
0.452852790557000007
0.453027729037000004
0.452959880905000001
0.452919908397000026
0.452945539288999999
0.452850914717999986
0.452785299606999980
0.452738356680999987
0.452850784176999976
0.452683533167999974
0.452949722813000000
0.452966507110000027
0.452956527574000012
0.452779097257999974
0.452735647999000013
0.452810837934000010
0.452764984395999992
0.452525229856000022
0.452718389966999979
0.452843637452000014
0.452740423221999977
0.452972816843000003
0.453170411765000003
0.453126697899999986
0.452942209403999985
0.452924869442999978
0.453013125670999994
0.453155875481999981
0.453152315839000008
0.453021393215999990
0.453139227212999984
0.453237438107999990
0.453184294920000008
0.452929059921999999
0.452810418962000027
0.452709841193000007
0.452887543938999992
0.452808677345000021
0.452682927489999998
0.452776069406999992
0.452853740750000011
0.452979827022000014
0.452901850494999980
0.452647224761999978
0.452754292712000017
0.452725077787999974
0.452875030231999987
0.452832369763000009
0.452681699873999976
0.452744772515999983
0.452835116293999973
0.452932884189000018
0.452857258481000002
0.452786982186999976
0.452760866365999992
0.453002534843000015
0.452732977694000005
0.452562855897000016
0.452275609685000024
0.452356013070999985
0.452402662070999995
0.452816525028999994
0.452823568750999994
0.453061277940999985
0.452909569484999996
0.452776335904999994
0.452757810869999999
0.452774219279000023
0.452898442367999976
0.452755767837000000
0.452825213787000025
0.452643520568999980
0.452755301818000000
0.452655092656999991
0.452785758317000020
0.452826525057999973
0.452551767715999975
0.452773543833999981
0.452885503374999998
0.452901095758000027
0.452782323594000002
0.452847536647000004
0.452699715223000010
0.452772188706999978
0.452705128085000019
0.452787105791000011
0.452960393622000024
0.453196050748000012
0.452897468824000005
0.452842682759000026
0.452710069616999999
0.452850989308999974
0.453072045036000015
0.452914528458999988
0.452991047202999986
0.452806282303000018
0.453043292646000018
0.452986503594999979
0.452870242847000004
0.452784742257999973
0.452474878181000018
0.452884581800000019
0.452923830405000005
0.452869276355000017
0.452895783845000011
0.452756611671999987
0.452690973617000003
0.452749082141000014
0.452879200839000018
0.452897448460000018
0.452933062273000009
0.452927668314999976
0.453099887536000001
0.452992215733000025
0.452950605991000010
0.453142694748999986
0.452876191649000004
0.452832483658999974
0.452997589985999982
0.453038770671999991
0.452815700501999985
0.452683554361999974
0.452847469053999974
0.452689050117999980
0.452595601741999976
0.452601558632000023
0.452625589775999981
0.452565231974000004
0.452768134293000002
0.452698368239999982
0.452704212707999987
0.452737264947000007
0.452917593673999974
0.452842838605999998
0.452876123256000018
0.452910635891000002
0.452932748870999990
0.452902355678000024
0.452990816921000017
0.452982482663000008
0.452939051332000020
0.453189892794999993
0.453157114485000012
0.453416702083999978
0.453220141454000025
0.453229772330000003
0.453100525157999978
0.453218236981000000
0.452909708786999987
0.452771510830999979
0.452902851976999976
0.452947176083000003
0.453143594180999976
0.453127591843999977
0.453053884309999988
0.453035826076000014
0.452991363678000025
0.452982894324999996
0.453006985536999973
0.453014922463000014
0.452842001619999990
0.452921004392999982
0.452915635782000003
