0.453186000418000001
0.453144693548000022
0.453189213889000020
0.453252186542999980
0.453192412933000000
0.453251696847999985
0.453110973646000004
0.453095708383000007
0.452889716258999986
0.452836334012999997
0.452887520546999989
0.452771051378000000
0.452906858089999975
0.452921248168000001
0.453062768841999974
0.453156784410000013
0.453094898711000005
0.453121010115999978
0.453126477149999984
0.453159730528999993
0.453066898797000017
0.453027323353000000
0.452926181737999978
0.452944058558000018
0.453147490983999979
0.453056547756000016
0.453074199949999978
0.453078897056999996
0.452934769595999986
0.453205590830000005
0.453134274795000014
0.453128014068999996
0.452998102926000012
0.453086163812999987
0.452944117679000002
0.452904239899000027
0.453027354230999990
0.452940267933999996
0.452939520741000023
0.452991653436000008
0.452913322685000008
0.453009593657999976
0.453104068683999994
0.453053975085999983
0.452983817123000010
0.452975217230000005
0.452910305108999989
0.452753111802000008
0.452738665634000004
0.452818854669000015
0.452936055622000011
0.453003175995000007
0.453013128827000011
0.452981873021999992
0.452715717567000020
0.452809152847999996
0.452804258081999977
0.452982822015999986
0.453051799614999973
0.453013618514000016
0.452920085068000022
0.452825278032999989
0.453036958865999984
0.453011491240999986
0.453034037353000019
0.452990392907999972
0.452918988901000019
0.452985377681000001
0.453134170190000019
0.453122503554000022
0.452974597425000014
0.452908796790000012
0.453042755726000002
0.453127197840999973
0.452962265633999994
0.453085031259999993
0.453113641662000022
0.453144524080999977
0.453022135130000003
0.453098902596999975
0.453118948498999974
0.453208774363000000
0.453185798123000028
0.453163504323999988
0.453191462405000023
0.453063721447000023
0.452878017977000003
0.453088174000999988
0.453084813962000010
0.453177780430999988
0.453157669352000025
0.452995980208000026
0.452880055007999993
0.452779819503999981
0.452955530704000020
0.452937421188000011
0.452814162562000022
0.452881957687999992
0.452958442863000021
0.453121105816000014
0.453080869232000027
0.452948692802000008
0.452928662520000025
0.453030408007000007
0.453005142600999999
0.453172174634000002
0.453235355220000025
0.453305439714999980
0.453443276569999998
0.453321393392000005
0.453180835539999993
0.453043037448999986
0.453262042380000008
0.453338954618999979
0.453428835784999984
0.453270985818999994
0.453262306311000007
0.453185389813999973
0.453093843542999974
0.453133015277999984
0.453286820297999993
0.453394284609999976
0.453337834865000011
0.453323397721999977
0.453218921631000027
0.453228476461000007
0.453045072647999980
0.453019608532000018
0.453057972706999990
0.453007056989999990
0.453023895120000020
0.453226056461000004
0.453062454052000019
0.453151808248999977
0.453282354461999992
0.453109304867000018
0.453123830951000006
0.452991724332000023
0.453109110240999979
0.453009244338999972
0.452972001760000020
0.453045130286999997
0.453072181518999972
0.453084410893999978
0.453170489552000011
0.453161264218000015
0.453011453742000025
0.453051544583999988
0.452974343818000003
0.453334454145999988
0.453409194291000017
0.453003970247000010
0.453157523993000022
0.453312092391999988
0.453106611004999993
0.453204513009999976
0.452841921412000026
0.453094423045000028
0.453189715280000016
0.453238554023000006
0.453148996736000009
0.453369542261000014
0.453357809002000012
0.453177845527000023
0.453135019821000018
0.453397930048999975
0.453024159671000015
0.452991460618999975
0.453145069790999999
0.452967164588000015
0.452998130853000003
0.453136896760999996
0.453072962259999990
0.453253668275999999
0.453170513960999999
0.452833125692999994
0.452984488016999975
0.453148138794000011
0.453088059373000007
0.452954627060000004
0.453167100408000012
0.453170467540000010
0.453228597091999974
0.453096942895999999
0.453091123102000004
0.453000757801000020
0.453047295987999976
0.452994476044999983
0.453131965515000013
0.453199633263000001
0.453024694153000007
0.452979006685999996
0.452874304173000009
0.452936979557000019
0.452958066054000019
0.453038529178000027
0.453076328427000019
0.453198796891000011
0.453262276525999985
0.453289772244000022
0.453284803203000020
0.453116140190999994
0.453319896878000006
0.453322639803000027
0.453217703367999991
0.453289219419000022
0.453014814465000026
0.453118856502000011
0.453075079842999995
0.453156105395000008
0.453133726101000001
0.453068639717000010
0.453269067079999977
0.453358889386999975
0.453181497611999995
0.452959836281000006
0.453039304847999980
0.453244831005999993
0.453293018611000020
0.452860020091999993
0.453065586113999996
0.453156431804999982
0.453152955580000016
0.453000154104999997
0.453176154950000021
0.453038850493000023
0.453042765003999981
0.452915319162999985
0.452836772092000017
0.453018342266999996
0.452940007274000023
0.452858482750999991
0.453010360684000024
0.453330076257000003
0.453493508330999995
0.453275449084000026
0.453128856954000014
0.453174176802999984
0.453255947787000013
0.453094070479000022
0.453011451093999984
0.453051572081999976
0.453025939864000027
0.453090085618000016
0.452999730907999998
0.452827189826999987
0.453090522298000009
0.453010526811999992
0.452943432470000018
0.452871880078999978
0.453030760787999975
0.452972880623999985
0.453043685621999981
0.452827490837000024
0.452917317039999989
0.452822555058000009
0.453038408770999990
0.452814273137999990
0.452955375700999974
0.452981386215999982
0.453105159942000013
0.452937494704999999
0.453220917373999999
0.453170182947000011
0.453067221435999978
0.453042298771999974
0.453014521497999978
0.452804118744999984
0.453041483124000000
0.453109139316999976
0.453023176947999984
0.452929076807000008
0.452983632094999977
0.453077175155000011
0.453046663352000001
0.453061740777999988
0.452879140770000022
0.452847535104999976
0.452831984018999989
0.452789380563999977
0.452918454872999976
0.453103323037000016
0.453178927545999977
0.453089774878000007
0.452916937939999986
0.452957869617999997
0.453048782852000009
0.453090103221999996
0.453046555758000014
0.452920096200000011
0.452875063626999974
0.452913544401999990
0.452997090707000005
0.453242402114999998
0.453245037944000007
0.453445336187999981
0.453154993843999987
0.453106815383000017
0.453050959789000007
0.452901362413999975
0.453119257426999988
0.452864453835000014
0.453080326716999993
0.453155042688999976
0.453064479532000020
0.452936365692000020
0.452884457161999987
0.452944250717000008
0.452990377858000004
0.452869445661000014
0.453066208448999974
0.453245172515999994
0.453036143052000018
0.453156201631999989
0.453115667383999998
0.453073213859999990
0.453081065846999975
0.453004964163999990
0.452968048938000023
0.453025493411000013
0.453024061831000024
0.453160141391000026
0.453016111813999978
0.452933852224000011
0.452921609931999980
0.452967985650999994
0.452939643035999984
0.452785583007000003
0.452780026993999996
0.453239122823999974
0.452940509980000017
0.453067324898999979
0.453072030450999974
0.453194607994000020
0.453046182816000009
0.453077633927999990
0.452963053981999986
0.452949683574000006
0.453082152962999973
0.453111742282000018
0.453334493221000001
0.453202053446000008
0.453284477909000005
0.453280121077999976
0.453244656392000012
0.453092789677000007
0.453098393736000027
0.453222004753000007
0.453097291705999994
0.453004871769000006
0.453093542633000002
0.453026996878999999
0.453110860986999986
0.453038435753000013
0.452986356282999991
0.452959493534000002
0.453104764481999989
0.452916920020000002
0.453000976303999991
0.453254756152000005
0.453246824611000021
0.453266331166999992
0.453273199562000018
0.453206905602999977
0.453303973034999974
0.453187486761000013
0.453153480893999983
0.453194262658000002
0.453122241608999998
0.453327231690999977
0.453234347588000019
0.453199997921999997
0.453363365056999978
0.453226437741999999
0.453139209940000010
0.453236377058999995
0.452989293514000024
0.452972879710999976
0.453152891610999975
0.453152695148999973
0.453222111568000019
0.453197614470000010
0.453090672917999981
0.452812688244000006
0.453068282471000006
0.452957305350999984
0.452971184946000027
0.453018462324000004
0.453045665952000021
0.453091343438999983
0.453075988505000027
0.453136103392999978
0.453327613444000022
0.453173377990999993
0.453162081132999994
0.453048279634000017
0.453148775178999985
0.453102761226999995
0.453220159288000024
0.453089681502999997
0.453244777338000004
0.453129553685000019
0.452789320503000026
0.452931949463000028
0.452791023961999994
0.452976771792000021
0.453177698991000022
0.453094623257999984
0.453332377356000016
0.453185024965000016
0.452994953704000003
0.452930771948000022
0.453019770202000016
0.452893773057999993
0.452916783117000010
0.453252664907999980
0.453039391844999972
0.453060104934000007
0.453060434991000016
0.453262429720000026
0.453135865500000012
0.453024783584000001
0.453016759589999984
0.453004097808999973
0.453047039430999998
0.452970795137000004
0.452885595415999986
0.452849226042999986
0.452681706151000007
0.452985747918999981
0.452829449087000013
0.453030580154999973
0.453168192192999975
0.453090442081000022
0.453135541726000013
0.453174686533000026
0.453011410203999987
0.452975184949000020
0.452880988428999987
0.452972411899999983
0.453156615877999991
0.453220508272000000
0.453381885227999992
0.453186902298000016
0.453068330776999983
0.453159745649000023
0.453244198027999978
0.453104142054999992
0.452878123956000023
0.453011888250999972
0.453120699469000021
0.453252935671000001
0.453049928636999999
0.453290026100999999
0.453322043090000015
0.453265327903999982
0.453163811515999992
0.453220703662999991
0.453289724876999978
0.453217014083000025
0.453177666942000013
0.453134166454999987
0.453363893153999997
0.453238464504000016
0.453092780154999986
0.453110102805000026
0.453306887365000022
0.453287915491999982
0.453263743326000001
0.453159684582999989
0.453292485292000003
0.453033906677999976
0.453086895145000002
0.452896505745999989
0.452838139989000021
0.452987178032999982
0.453084687332000025
0.453047729800999999
0.453139102234999980
0.453000581399999991
0.453068802466000009
0.453225714098999977
0.453202972586000008
0.453193301704000018
0.453161345212000022
0.453197245819999983
0.453220125337000013
0.453075963121000014
0.453029193090000004
0.453188204651999993
0.452990646903000005
0.453065426504999980
0.453127300519999998
0.453052955975999982
0.453273931434999999
0.453372836662000012
0.453192538485999996
0.453214180838000025
0.453135175346999985
0.453201751325999991
0.453141296605000021
0.453184172200000013
0.453201033528000008
0.453234332011999974
0.453356759246999974
0.453461633583000012
0.453455435811999985
0.453550342943000007
0.453284153572000026
0.453198813151000024
0.453111928368999994
0.452790551122999985
0.453187391338000012
0.453207865541000010
0.453256995032999987
0.453105577169999996
0.453111381400000013
0.453457956205000012
0.453171761983000021
0.453397664681000012
0.453101035348000003
0.453103633223999991
0.453005963637999998
0.453174175760999998
0.453080258984999984
0.453047266038999974
0.453060036534999988
0.452868265011000026
0.452967116712000017
0.452935323306000004
0.453028217615999984
0.452992162385999986
0.453109880307000001
0.453145586503999998
0.452989507211999987
0.453087326562999992
0.453231527277000001
0.453174635634000011
0.453292620465999996
0.453254563278000011
0.453145322246000015
0.453370890610999999
0.453216013282000008
0.453268175072999990
0.452927984464999989
0.453163794948000020
0.453238567581000007
0.453081998754000015
0.453189919258999985
0.453281950245999987
0.453166378217000010
0.453087316068000012
0.452928439530999982
0.452813693106000004
0.452926541544000028
0.452954999560999994
0.452920512411000009
0.452880402050999997
0.452923591517999991
0.452870169847000015
0.453019446022000005
0.452992435465999987
0.453215373014000000
0.453152377875000012
0.453123090875000023
0.453027920749999979
0.453181817461999981
0.453114868010999983
0.453120742141999988
0.452913010326000010
0.452996394774000000
0.452847192826000000
0.452915366405999997
0.452711871345000016
0.452825784098000006
0.453084073445000013
0.452957555981999993
0.453085989600999994
0.453118693801000005
0.452980518908000007
0.453182894941000003
0.453255733494000002
0.453315828972999990
0.453222092808999999
0.452971160917999993
0.453236035129999992
0.453285001671999976
0.453303380932999989
0.453278480799999994
0.453096384924000006
0.453128159360999982
0.453047719444999997
0.453219403759999973
0.453272608045000025
0.453085926663999994
0.453090302895000019
0.453081023754000001
0.453070182115999975
0.453038088910000025
0.452752222438999985
0.452793561916000009
0.453005263044999995
0.453046519892000010
0.452965314506000027
0.453005255032000009
0.452914323236000005
0.453160002376000015
0.453350495316000024
0.453426461083999977
0.453439049024000007
0.453377375611000000
0.453164182794999981
0.453224475996000020
0.453185380222999978
0.453103952540999999
0.453022861709000024
0.453042667181999981
0.452917652418000027
0.453059552791000020
0.452983864535999980
0.452995937246999991
0.453203394172999985
0.453045834209000020
0.453152685271999978
0.453144781311999978
0.453132183532000021
0.453040497466000003
0.452925351661999986
0.453034749806000003
0.453039626683999996
0.452886939617999973
0.453063453130999994
0.453092044319000020
0.452988163544999989
0.453112735850999981
0.453024107123999986
0.453107779591999993
0.453095754110000026
0.453119539228000023
0.453121358510000016
0.453048839586999985
0.453032765339999977
0.452678976602000016
0.452688803851000021
0.452929546045000020
0.453230656803000009
0.453089419217000022
0.453255870532999983
0.453210224511000015
0.452937629376000017
0.453041348795000021
0.453239798844000008
0.453254966676999993
0.453270123660000024
0.453195144737000011
0.453186485643999992
0.453175928100000014
0.452871739019999997
0.452847021512000014
0.452885757233999986
0.453150607857999987
0.453113625439000023
0.453205353264999999
0.453090033988999996
0.452990764842999993
0.453039816662999972
0.453000083125000008
0.452976668068999999
0.452957582851999996
0.452918425298000027
0.452825835196000004
0.452810769695999982
0.452732123772999984
0.452897226353999982
0.453014810822999991
0.453074824524999975
0.452865458072000016
0.452818816708000005
0.452837875479000007
0.453023439781999993
0.453015234938999978
0.453004368268000002
0.453002009747000001
0.453079325738000027
0.453191406771000005
0.453115483717999978
0.453252311246000017
0.453420590165000026
0.453412626129999996
0.453170491979999979
0.453173600542999988
0.452974687270000009
0.452876489873999977
0.452866649954000000
0.452938891846000002
0.452908285209000006
0.452832571329000011
0.452917450818999978
0.452880846659000025
0.452967004878999990
0.452885168133999982
0.452933805119999977
0.452964448962999977
0.452934282437999991
0.453002303707000009
0.453009449090999994
0.453040289117000006
0.453129861212999974
0.452917005892999991
0.452902800900000013
0.453049552384000020
0.453331312546000009
0.453155537240999995
0.453188203519999999
0.453299644883000008
0.453324177095000003
0.453390098776000006
0.453224810501999975
0.453162420923000020
0.453107024234000011
0.453186930147000011
0.453039882321000009
0.452845989647000013
0.453053999041000022
0.453199193130000011
0.453128402059000013
0.453064951496999990
0.452978867602999991
0.453038254959000020
0.452958102216000025
0.452821304403999980
0.453107277671000008
0.452992036591999991
0.452800757492999972
0.452920523129999975
0.452960591178000027
0.453119873226999981
0.453077635062999973
0.453098077795999976
0.453318683027999991
0.453006668689000025
0.453234940623999993
0.453307636572999995
0.453318987238000015
0.453424117339999988
0.453384026632999981
0.453382228617999983
0.453254630850999984
0.453103026603999981
0.453018060737999995
0.452889144919000008
0.453024162966000010
0.453104358727999978
0.452847709599000003
0.453022571807999985
0.452895966782999981
0.453137761788000026
0.453224198447000015
0.453310439722000025
0.453246627409000014
0.453200398296999984
0.453429045365999983
0.453358217472000002
0.453376353253999997
0.453412258509999999
0.453462557687000001
0.453736434297999980
0.453435833118999987
0.453580234199000010
0.453231400722000022
0.453028462209999983
0.453147434738000010
0.453172878484000008
0.453174955657999978
0.453075572702999974
0.452833793180999977
0.452989667285000008
0.453014547381999977
0.453010324191999991
0.452926813596999989
0.453032117522999989
0.453168962042000023
0.453081335570999999
0.452953956233999977
0.453124361807999976
0.453044045901999981
0.452979462537999977
0.452866639289000006
0.452843886407000018
0.452856456743000013
0.453009791250000016
0.453012464684000027
0.453187932176999986
0.453025253136999984
0.453153881887000010
0.452910513078999988
0.453088972335000006
0.453078830980000014
0.453094282469000020
0.453126168662000006
0.453033548043999978
0.452909508640000014
0.453179854476000010
0.453054189616000025
0.453037646111999981
0.453005262661999974
0.453221168100000016
0.453087681834000000
0.453003692916000011
0.453016900419000001
0.453004799467999986
0.453083709235999998
0.453222501170000014
0.453202226395000018
0.453043965985999997
0.452762261338999994
0.452900003780000004
0.453193739104000015
0.453068704315999993
0.453043608418000010
0.452895545828999990
0.452829663069999999
0.453045130956999997
0.453123338955000010
0.453176216866000015
0.453061661795999993
0.452804314124999996
0.453033471397999987
0.453037900893000001
0.453143466700999975
0.452963786789999989
0.453042985283999999
0.453118696531000009
0.453242479422000022
0.453259236490999973
0.453109761569000014
0.452906612124000019
0.452868365504999981
0.452909609027999982
0.453054066375000009
0.452987334060000024
0.453216080635999996
0.453295026619000008
0.453148682758999999
0.453095741993000012
0.453106007112999976
0.453131467221000006
0.453160426693999974
0.453047565416999976
0.453035908280000010
0.453189788619999978
0.453135581512000007
0.453167055182000011
0.453141020241999981
0.453277641550999977
0.453471260092999984
0.453359161213999995
0.453318774749999986
0.453079109127999979
0.452997903360999987
0.452991255496999978
0.453092574462000020
0.452928016119000021
0.453081663764999976
0.452798093382999978
0.453174983435000012
0.453166323513000013
0.453122377766000006
0.453141661172999977
0.453268274907000002
0.453156483534999988
0.453297837915000001
0.453187676117000005
0.453336480112000006
0.453487750838000025
0.453299694382999996
0.453255248712000014
0.453233780008999998
0.453531870389999980
0.453423670007000013
0.453486988624999976
0.453383402042999983
0.453153379059999972
0.453178889517000028
0.453199756359000006
0.453198739050000021
0.453266176206000015
0.453206820399000010
0.453058235751999994
0.453188274090000009
0.453152638102000016
0.453445015928999995
0.453520918047000010
0.453469423576000008
0.453497319052000025
0.453333362475000001
0.453257446244999973
0.453330538125000015
0.453051993884000026
0.453136827771000006
0.453269591746000011
0.453231853710000021
0.453130231203000000
0.453193737283999976
0.453046728422999978
0.452989942152999980
0.453003740230999985
0.453049112382000019
0.453073408831999980
0.453139446062999995
0.453304101600000009
0.453015371920000021
0.452785657627999993
0.452875467832999978
0.453038190381000017
0.453150634908999983
0.453260218105999979
0.452960797458999975
0.452960366191999975
0.453059007326000018
0.452996788264000028
0.453079721268999980
0.453182013315000021
0.453415880453000020
0.453225871296999983
0.452979334783000009
0.453011155478000027
0.453063729161999995
0.453265318372999992
0.453172637215999985
0.453326084964000009
0.453307601589999998
0.453200086314999973
0.453006002018999987
0.453163324684000002
0.453139661161000018
0.453086658413999976
0.452929321646000027
0.452862529291000016
0.453052806521999973
0.453110136637999983
0.453162797028999975
0.453202517641999980
0.453172817497000002
0.453073957219999990
0.453079793615999982
0.453319099027999994
0.453275781757999985
0.453188190973999983
0.453119984749999982
0.453220670368000011
0.453106879128999995
0.453218691240000027
0.452999964977999992
0.453063322970000015
0.453077820138000020
0.453191002168999990
0.453391788068999990
0.453105424064999984
0.453320696071000007
0.453370015276999994
0.453347001670000027
0.453259950131000011
0.453150105360999977
0.453188617023000007
0.453075329523000003
0.453131390585000016
0.453133199212999993
0.452901299814999991
0.453012531237000027
0.453035085609000021
0.452983538003000008
0.452823026223000025
0.452787205191999997
0.452794027772999985
0.452699887307000004
0.452832671874999981
0.452885405442999989
0.453017164994000021
0.453061920230000026
0.453137709557000001
0.452951546985999987
0.452817398624999978
0.452856813184999984
0.452907294480999978
0.452869481908000027
0.453169479129999997
0.453101144853000015
0.453280797447999984
0.453133654298999988
0.453225474178000021
0.453275789239000026
0.453149708099000015
0.453236827923000019
0.453237684350999981
0.453122925120999998
0.452978532539000001
0.452971309932999999
0.452899594201999989
0.453042044076999995
0.453116954888000023
0.453060204901999997
0.453112164892999991
0.453164705208000007
0.453128343561000013
0.453066821585000001
0.453181393064999993
0.453125180883000023
0.453037373424000023
0.453154471575999973
0.452993801207999980
0.453029259143999996
0.453249206829999973
0.453135946728999983
0.452942665866000016
0.452914745938999996
0.452866693952999999
0.452930075488000017
0.453071115984000017
0.453441704833999981
0.453308216646000017
0.453347024970000012
0.453150986156000024
0.453012034632000016
0.452847047752000020
0.452955327665000018
0.452969635358000000
0.453103386383000017
0.453171196547999977
0.453250043963000004
0.452964517328000027
0.452733776633000018
0.453025371730999993
0.453084179019000000
0.453248961898999991
0.453088460779000002
0.452932926505000000
0.453029871724999977
0.453086084753999974
0.452954136115000017
0.453304682670999992
0.453147700345000015
0.452994258714000009
0.452873234469999997
0.453037579515000011
0.453086376479000019
0.453029124788999982
0.453079891116000000
0.453142308466999988
0.452906928300999989
0.453038643211999992
0.453128720154999998
0.453135341889999987
0.453377835931000006
0.453389739625000010
0.453207843787999998
0.452994442228999983
0.452856333710000003
0.453251481642999998
0.453261515321000008
0.453249643077999975
0.453042355323000023
0.453168094808999999
0.452960212957000008
0.452926188658999973
0.452960190425999998
0.453104991730000017
0.453319075577000019
0.453172865576999984
0.453335185510999994
0.453061747934000003
0.453164055208000016
0.453223602308000018
0.453106940843000017
0.452863534740000018
0.453013368079999978
0.453039535903000001
0.452926953262999976
0.453002517754000023
0.453086544656999990
0.453086866033000024
0.453062678734000024
0.452998696222000008
0.452783120481000001
0.452943220307999994
0.452964994841999979
0.452957799659000016
0.453121872415999993
0.452959260142999975
0.452972063282999993
0.452773024382000011
0.452884766544000006
0.452926980094000009
0.453121975401999999
0.453138397626999978
0.453022672332999976
0.452868430278999978
0.452835166449000015
0.453160119043999998
0.452831777085999976
0.452944615817999996
0.453142242152999974
0.453239525606999982
0.453164778082999986
0.453367094495999989
0.453132079583999980
0.453266390602000024
0.453085286912999985
0.452855983494000025
0.452884074231000022
0.453081592915999976
0.453264886561999980
0.453015908563999981
0.453081104361000020
0.452984389313000002
0.453046784099000011
0.452880412818000011
0.452753962336999993
0.452892249999000018
0.452862870683000018
0.452795158132999975
0.452887025009000022
0.452937071929999990
0.453210423658999995
0.453385148083999989
0.453123853505000007
0.453093749817000013
0.453129903742999995
0.453208861607000024
0.453158529728000026
0.453026603568000008
0.453181855565999991
0.453015535088000021
0.453036180899999974
0.453309189955000025
0.453133037658000004
0.453264860052999985
0.453337776445000007
0.453200125788999986
0.453083815451000016
0.453265501655999992
0.453173167134000021
0.453187298911999992
0.453282534427000006
0.453257294021999990
0.453091290317999995
0.453080654405000005
0.453016363719999982
0.453065859525000003
0.453155273093000022
0.453213471284000025
0.453229595716000022
0.453188713435999979
0.453144818426000018
0.453310252841999994
0.453253848924999980
0.453345397179999998
0.453191587502000004
0.453174306483000000
0.453244787428000007
0.453131058625000027
0.453204428034000018
0.453193336225000021
0.453365984484000006
0.453046781384000008
0.453012683578999986
0.453207236570999983
0.453232856098000014
0.453248159977999998
0.453095670268999995
0.453099469563999990
0.453153785922000008
0.453069281177000016
0.453212481308999993
0.453214258779999990
0.453173572287999982
0.453164659811000015
0.453293619550000026
0.453083573223000025
0.453103520784000013
0.453104181895999991
0.452997574432999983
0.453068287224999977
0.453009523301000028
0.452828933202000017
0.452924691559999981
0.453049170597000006
0.452843531362999985
0.452920960204000023
0.453037892983999990
0.452976140703999997
0.453141890315000018
0.453056681808999995
0.453164956564999999
0.453282984833999980
0.453313844781000008
0.453333031215999993
0.453254201094999976
0.452919928354000023
0.453305599574000018
0.453234637192000023
0.453193701055999987
0.453348223375000026
0.453138746731999997
0.452909795047999997
0.453198300818999977
0.453200428622999973
0.452877414026999991
0.452911346697999984
0.453095181487999987
0.453391296514999986
0.453410849855999998
0.453424427169999977
0.453247611556000018
0.453172824516999972
0.453062889020000026
0.453014351116000025
0.453069531796999991
0.453031310397000009
0.452823116565000017
0.452894787967000001
0.452983903640999996
0.452929369655000025
0.453132533865000020
0.453026372575999980
0.453117856638000027
0.452982932925000026
0.452851938499000017
0.452987714696000021
0.453080925570999993
0.453121686786000011
0.453184125383999992
0.453217816709999999
0.453306213989000006
0.453154856664999994
0.452997801751999996
0.452906027501000008
0.452816278582999998
0.453046395707000005
0.453044734393000026
0.453240564452999983
0.453123309121000017
0.453068952721000007
0.452981639079999998
0.453079229031000008
0.452855569181999984
0.452982281637999973
0.452927814307999999
0.452922299798000028
0.453006304876999999
0.453331050655000012
0.453375515035000010
0.453102729134000015
0.452966613575999988
0.453122288800999973
0.453211918729000018
0.453179420519999987
0.453027004068000005
0.453047477214000016
0.453003016998999974
0.452925149946000027
0.452896782207000026
0.452991406420999998
0.452937028241000017
0.452997307580999986
0.452904392139000023
0.452884408600000010
0.453235663161999980
0.453161856004999974
0.453057513836000014
0.453285721851000023
0.453393818527000003
0.453330396941000024
0.453195062275000005
0.453200113753000011
0.453219143483000020
0.453519841870999973
0.453371703780000024
0.453236449988000001
0.453232587065000025
0.453291788393999973
0.453231387619000003
0.453103692527999979
0.453185953453000001
0.452950076573999993
0.453112150341999975
0.453134088245999989
0.453107616075999975
0.453134212081000021
0.453199981400000007
0.453270436271999977
0.453059315259000006
0.452969132185999990
0.453058745649999983
0.453007001146000010
0.452903001018999996
0.453062692265999989
0.453248701949999999
0.453114292214999992
0.453093106696000003
0.453133661746999983
0.453067097859000012
0.453204899114000026
0.452921495675000008
0.452904345511000006
0.452937307063000005
0.453085597421999997
0.452968360710999995
0.453073463387999975
0.453089410811000015
0.453140650639999976
0.453255923662000015
0.453192558442999993
0.453092222792999988
0.452881343418000015
0.453171645821000002
0.453123061371000002
0.453387592379000004
0.453193207569000001
0.453114453949999996
0.453095670424000008
0.453093637564000007
0.452992754920000018
0.453111054989999984
0.453068344083000007
0.453031455739000000
0.452905841925999975
0.452977914937000015
0.453141141277000004
0.453140122724999983
0.453300420202999987
0.453333531893999997
0.453085563691999982
0.453116487690000014
0.453037909125000027
0.453093240457999979
0.453039765697999974
0.453175611127000000
0.453062974447000000
0.453066848854999982
0.453054990022000004
0.453046044845999973
0.453006006447999987
0.453100637154999986
0.453187756642000006
0.453104721970000013
0.453167973584000017
0.453030493034000004
0.453067415038000021
0.453122892654000020
0.453034675551999999
0.453040559057000025
0.452942579050999994
0.453129232150999983
0.453158179569999986
0.453264864232000020
0.453349553269000005
0.453423026457999978
0.453308935163000026
0.453364822095000009
0.453516367367999995
0.453174965727000001
0.453302224274999999
0.453225355059000024
0.453232142486000023
0.453169790071000000
0.453256718481999998
0.453220161362999974
0.453065152159999984
0.453159235114000025
0.453162821707000008
0.453205863777000006
0.452961156724999980
0.453105525170000023
0.453157519125999997
0.452856517354999988
0.453001482577999992
0.453339931405000007
0.453428773745000013
0.453543788760000011
0.453470739035999992
0.453465512803000015
0.453199240572000006
0.453093734851999996
0.453127799411999987
0.453112043432000011
0.452951158550999988
0.452928685117000018
0.452953654382000026
0.452957965537999996
0.452930783339999976
0.453012926420000017
0.453015482412999992
0.453248459554000005
0.453185272751000012
0.453003087538999982
0.452944688754000013
0.452996795570999977
0.453089696481000004
0.453058893952999975
0.453106601945000020
0.452886991690000018
0.453010681096000012
0.452880712296999999
0.452868167202999994
0.452964415392999975
0.453160028006000026
0.453093675397000017
0.453148850100999978
0.453282290184000014
0.453326398688999987
0.453214904924999995
0.453208390864999977
0.452905512567999990
0.452863679992999979
0.453192797413999982
0.453154751154000002
0.453114951837999991
0.453175304677999990
0.453043699148000023
0.452988444526000011
0.452834724133000022
0.453163970613999989
0.453170472117999990
0.453044458829000019
0.453005344397000020
0.453044191017999975
0.453054142438999996
0.453152783745000010
0.453150124656000020
0.453297502883000025
0.452968081407000012
0.452997441310000026
0.452919110898000021
0.452907623132000003
0.453090088650000000
0.453046965472999996
0.453251414743000014
0.453189096929000002
0.453135774657000001
0.453200576156000012
0.453117547140000021
0.453188557692999983
0.453111904668999976
0.453087395537999982
0.453127157005999981
0.453161781290000010
0.453084893566000013
0.453089583603999979
0.453139473253000025
0.453198964563999995
0.452992340411000005
0.453087215822000011
0.453110270802999981
0.453162263341999993
0.453166510292999980
0.453361189095999984
0.453304054161999981
0.453247464953999979
0.453271258720999992
0.453267499168000021
0.452953517944999995
0.452784069800000022
0.452824252458000009
0.452976380063999984
0.452864285654999976
0.452833003436000026
0.452873695563999978
0.453113850031999998
0.453261143036999992
0.453276470207999993
0.453257642246000014
0.453503134299000021
0.453175408095999988
0.453064077657999997
0.453171939887999975
0.453123216424999975
0.453195664604000015
0.453405554717000003
0.453226378265999985
0.453279668976000027
0.453267495264999987
0.453308201665999999
0.453264672716000017
0.453023729443999990
0.453191013455999991
0.453175244861000026
0.453294088372000026
0.453009872947999992
0.453120723881999976
0.452914325617000013
0.453198651579000023
0.453267018256999998
0.453247781314000009
0.453306369012999977
0.453265407211000004
0.453206222885000010
0.453052398746999985
0.453062525381999981
0.453193344305000023
0.453244108520000022
0.453159433803999978
0.453077142726000026
0.453164588694000003
0.453249291183000003
0.453104602404000023
0.452982013209000001
0.453142392670000005
0.453084704226000001
0.453192952867000010
0.453201535594999982
0.453217098456000000
0.453217312869000022
0.453097340332999976
0.453089260782999992
0.453159975609999988
0.453265340301999997
0.453109551966000001
0.453096347010999989
0.453170438035999990
0.453196287573000012
0.452999882046000002
0.452961171687000008
0.453155706772000011
0.453291554686000020
0.453101378263000010
0.453198497626999985
0.453118088945999975
0.452953289579999974
0.452966222121000017
0.453154569710000010
0.452748271089000009
0.452932828880000027
0.453025112693999976
0.452933700448999998
0.452995350735000024
0.452851585035000004
0.452865311810999982
0.453074527028999974
0.453258954172000017
0.453153786705000006
0.452975650702999999
0.453152554308999977
0.452991613263000026
0.452829172195999996
0.452866048528999976
0.452972883832000017
0.452998544823000004
0.452854691588000013
0.452873208394000026
0.453034593909000027
0.453180534897999976
0.452897710030000011
0.453047048038000000
0.453273422970000006
0.453280667719999975
0.453108982270000016
0.452939898979000000
0.453026086248999982
0.453111722323000010
0.453082447564000013
0.453039930761000020
0.453240552675000019
0.453241156413999979
0.453196674809000000
0.453101800592000004
0.453108640966000009
0.453175037695999983
0.453129637711000011
0.453099144728999981
0.453344035711000015
0.453283993113999972
0.453311584719999994
0.453223722240999993
0.452995262311999991
0.453136519437999985
0.453256067631000015
0.453254441509999995
0.453246996884999975
0.453075989868999995
0.453025808001000008
0.452988337615999992
0.453076168409999980
0.453229523748999996
0.453123514524999993
0.452981392977999997
0.452911952823999986
0.453084805247000011
0.453019458270000008
0.453021202329999984
0.453239251903999996
0.453148499393000004
0.453233417532000027
0.453053015112000024
0.453096284708000008
0.453338065718000005
0.453386853834999992
0.453266515792999980
0.453156221015000027
0.452848672063000002
0.452969642150000018
0.452989566643999975
0.452820324426999987
0.452862364588999977
0.452991485553000006
0.453070292101000027
0.453020687149000012
0.453144758325999986
0.453392559610000023
0.453186784668999976
0.453157097037000023
0.453405488071999985
0.453242319042999997
0.453289444957000021
0.453316886465000013
0.453252680776000005
0.453190164808000007
0.453267807098999997
0.453100748042999990
0.453149178995999991
0.453021184525000009
0.453034972696999994
0.453196570497000017
0.453162400673999988
0.453190708421000010
0.453113263549000000
0.453199117717999977
0.453394648888999996
0.453334570122999991
0.453392189770000009
0.453176731187000026
0.453128460163999991
0.453185153186999978
0.453173477260000013
0.453094717195999974
0.453192955763999983
0.453334570596999997
0.453333446407000018
0.453523220471999999
0.453139528123000013
0.453218991590000009
0.453149395532000010
0.453019971159999979
0.452921906995999990
0.452981728280999973
0.452936950604000022
0.452969412045000019
0.452985355754000008
0.452898279492000011
0.452948936671000002
0.452970210767000003
0.453113293392999994
0.452874748654999992
0.452938580169000016
0.453006599916000008
0.452784362596000023
0.452718986747000007
0.452850116628000010
0.452981915464000018
0.452887966235999972
0.452960211063999973
0.452980201728000020
0.453109473212999991
0.453379652227999974
0.453115699378000003
0.453185433374000024
0.452944928982000006
0.452976621665000023
0.452880357557000013
0.452960966058000014
0.453102151251000007
0.452952379467999988
0.452748951442999981
0.452969259015999992
0.452930708108999991
0.452842136705000009
0.452947939653000009
0.452955008641000023
0.452871326176999989
0.452906386857000021
0.453079879480999981
0.453115992941000023
0.453075215199999992
0.453128924531999988
0.453224263387999982
0.453034332539999973
0.452947848202999992
0.452914278836999973
0.453137921293000012
0.453141864915000026
0.453232132984999980
0.453077862403000020
0.452846430736999983
0.452828685989000002
0.453021512183999997
0.453141848158999994
0.452978996881999996
0.453280648037000022
0.453031281831999977
0.452996004728000001
0.453208401654999982
0.453070705121000006
0.453141859978999972
0.453106963098000026
0.453149280850999980
0.453357399004999995
0.453186350972999974
0.453144248922000004
0.453009678224999990
0.453130891787999979
0.453001336784999986
0.453054384420999989
0.452979540715999995
0.453192426194000020
0.453394336002999998
0.453142736230999987
0.453102526707999997
0.452975649377000023
0.453061748518000018
0.453095980662999998
0.453171328739999990
0.453034964142999985
0.453038199719000001
0.453187985460999976
0.452877148913000016
0.452846507670999987
0.452906427770999986
0.453023735609000000
0.453038953118999999
0.452910597457000019
0.452962181179999979
0.453040866360000016
0.453094515556999977
0.453294059593000009
0.453133198369000012
0.453286060415000025
0.453228934101000014
0.453229342423999981
0.453019614196999987
0.453149916343000003
0.453204873848000012
0.453044027793000015
0.453365558828999982
0.453211130121999983
0.453273469631000014
0.453156380758000021
0.453080566530000006
0.453154366492000027
0.453047851707999993
0.453095824285000004
0.453183095731000019
0.453081133312000006
0.452927945150000011
0.452945478806999979
0.453041749837000018
0.452802367162000008
0.452961896112999973
0.452998889558999973
0.453069959264999989
0.453112863006000011
0.453119745922999972
0.453063636411999981
0.452794566544999999
0.452978164859999977
0.452983333358999984
0.452927498666000017
0.452993380399000001
0.453050508698000010
0.452692245797999993
0.452858276085999989
0.452693590077999974
0.452907052749000005
0.453017969188000025
0.452867529099000021
0.453061683835000006
0.453124615926999985
0.453156346189000026
0.453077452443000017
0.453129238799000023
0.453014635190999992
0.452925723978000017
0.452895576332999983
0.452892257470999982
0.452720091574000005
0.453036867432999979
0.453120064107999987
0.452907907873999982
0.453048368990999983
0.453133215427000025
0.452903796786999990
0.453118738209000005
0.452934106936999981
0.453152096276000005
0.453332679053000009
0.453184977764000019
0.453201662447999976
0.453254537996999995
0.453173554280000002
0.453205187921999986
0.453021238935999992
0.452909648840999990
0.452793615591999987
0.452827253214000025
0.453151986772000026
0.453003753901000006
0.453011557560000000
0.453236693003999991
0.453231427457000013
0.453395166706999975
0.453384350561000016
0.453301558948000005
0.453242362562000012
0.453167819362000013
0.453413342376000006
0.453332286844999988
0.453280029914999993
0.453163687656999992
0.453371431463000019
0.453401875889999972
0.453041047679999975
0.453079623330999992
0.452932122584000008
0.453229415026000004
0.453064580968999986
0.453074136831000007
0.452955891230999996
0.452983488310999993
0.452965334230000016
0.452871481000000020
0.452985680564000015
0.453157589934999994
0.453210100050999987
0.453205376679999994
0.453024077106999989
0.452844222780000027
0.452733236293999974
0.452847368422000018
0.452893388580000000
0.453146029175000020
0.453078485034999978
0.453045418907999986
0.453072298977999999
0.453203558196999978
0.453136097374999991
0.453099983250999983
0.453117593912000016
0.452952356007999990
0.453216698836000020
0.452946058104000016
0.453089456000000002
0.452993573709000008
0.452949716946000003
0.452985711758000009
0.453184846659999974
0.453401211392999992
0.453275179064999978
0.453250709857999978
0.453159955614999999
0.453062493813999989
0.452943551615999973
0.452982465798999978
0.453019062172999976
0.452817346399000009
0.452904194614000000
0.452965044907999992
0.452884172487000025
0.452981144419999981
0.453029045402000008
0.453036314275999996
0.453121516798000001
0.452936916081999985
0.452891249624000014
0.452873939748999976
0.452949738614999986
0.452802810271999978
0.452962531266000001
0.452868553695000009
0.452772646251999977
0.452814171069999993
0.453052709213000004
0.452900019767999984
0.452760841480000009
0.452741871216999991
0.452857897382999974
0.452967747757999972
0.453210640621000027
0.453108571535999982
0.453166473760000021
0.453061991170999989
0.453123823992999997
0.452982193726000015
0.452959184336999998
0.452945808000999983
0.452971398189999985
0.452785910324999985
0.453068782624999999
0.453222890579999982
0.453222702179999992
0.453336615002999987
0.453330447861999997
0.453237541048999992
0.452949225507999986
0.453114703866999979
0.453069702424999998
0.453127238164000024
0.453017933465000022
0.452968250454000021
0.452903667951999989
0.452957699986999973
0.453002244579000013
0.453208093761000019
0.453270308811999978
0.453245351846000011
0.453144349762000020
0.452905678852000004
0.453045101226999980
0.452910897553000014
0.453041487043999991
0.452946408962000002
0.453147706501000003
0.453164240722999989
0.453242716049999994
0.453345867349999987
0.453282508307999987
0.453252739663000004
0.453180290902999994
0.453150892252999982
0.453270427530999998
0.453156418938999994
0.453219646751999994
0.453023323129000011
0.452939563456999983
0.453187861136000014
0.453183796648000015
0.453195173760000014
0.453278055648999978
0.453269300647999973
0.453214430158000003
0.452913216901000004
0.452745566588000026
0.452822582104999982
0.452954393662999999
0.452900132946000011
0.453048254973999975
0.453070163826000016
0.453113176339999979
0.452938994544999973
0.452793735403999975
0.452784218507000014
0.452851300023000003
0.452722440391999992
0.453025057286000010
0.452984718708999978
0.452952230796999977
0.452903544536999991
0.452990339580999990
0.452918341384000001
0.453086070567000010
0.452948931647000008
0.453011713423000006
0.453012166702999985
0.452955250731000014
0.453048505353999986
0.453048919702999986
0.452951032179999991
0.453047411035000014
0.452920539587999993
0.453053693756999998
0.453132748081000014
0.452878353309000004
0.452780942695000022
0.453101882173999992
0.453132634056999994
0.453046232070999977
0.453154649216999994
0.453118874788999981
0.453008162463999997
0.453116456996999983
0.453165095123000017
0.453012104663999993
0.452834549237000006
0.452817031545000026
0.452912423903000017
0.452913189007999983
0.452839301994999999
0.452990546069000022
0.453047330289000016
0.452987603319000010
0.453221059860999975
0.453245365657999999
0.453120856756000001
0.453134417944999979
0.453127662034000012
0.453093191409000007
0.453111237941000000
0.453062233659999980
0.453061716815000015
0.453106731970999987
0.453198568944999991
0.453218326770000013
0.453258383756000027
0.453251049253000027
0.453259123179000023
0.452999035516999993
0.453057660758000025
0.453007299774000005
0.452976538922999994
0.453185402455999975
0.453040993291000005
0.452973825712999989
0.453018806564999987
0.452847320034000023
0.453046383399999975
0.453019214218000010
0.453050504199999982
0.453111292127000020
0.453056245648999989
0.453105218435000012
0.453203435142999989
0.452917348165999989
0.452904700004000016
0.453117831016000006
0.453010606312000019
0.453125930206000005
0.453161548106999990
0.453170371673999983
0.453379278892000026
0.453334045352000004
0.453390669058999995
0.453219428142000003
0.453291942765999989
0.453147358250000021
0.453187076548999979
0.452842973877000010
0.453167954117999983
0.453251292992000010
0.453265887729999983
0.453233683619000016
0.453227353901999974
0.453198478824999973
0.452996340107000017
0.452948307677999984
0.453170339711000014
0.453166999603999976
0.453060519893000002
0.452965110148000005
0.452872476026999982
0.453077882079999994
0.453151290549999974
0.453182214091999991
0.453257695166999985
0.453262245717000023
0.453263275106000008
0.453075986110999973
0.452986373453000024
0.452953259097999994
0.452966023669000017
0.453152094725999988
0.453029767468000000
0.453201594523000018
0.453149705484000020
0.453370567576000028
0.453312010957000022
0.453183526256999980
0.453195529112999984
0.453170464516000016
0.453021700688999995
0.453059967339000003
0.452921945158999972
0.453238543702000007
0.453233461705999985
0.453230907342999978
0.453219552079999977
0.453155818860999982
0.452929914646000020
0.453263113446000010
0.453245135949999989
0.453149966090000023
0.453219535831999976
0.453005720865000017
0.453184519585999979
0.453253012873000016
0.453267227331999978
0.453181972313999981
0.453195345290999974
0.453065234862000010
0.452816919416999975
0.453054438336000009
0.452886062950000001
0.452871957586999996
0.452882049111999974
0.452866992651999978
0.452831473521000005
0.453097217180000011
0.453217028419000023
0.453017620883000016
0.453143112798999992
0.453302670314999989
0.453127176809999976
0.453237036603000021
0.453251491760999992
0.453348835607999989
0.453253700772999979
0.453299980709999994
0.453250851146999978
0.453364333810000020
0.453301097844000023
0.453179519455000013
0.453089248546000023
0.453168730484000026
0.453162884948999978
0.453042439020999999
0.453143651832000005
0.453301507993999986
0.453231685870999990
0.453186356306999993
0.453032262567000021
0.453194538302999994
0.453311694694000011
0.453394895552000021
0.453237032919000027
0.453276459103999996
0.453296146587999993
0.453309402947000006
0.453208940943999994
0.453291986796000024
0.453265064431000009
0.453310140395000005
0.453222278889000019
0.453268154212999985
0.453252396705000005
0.453027448168000002
0.453052693903999992
0.453031104776999982
0.453259412954000018
0.453167736676000021
0.452941812744000027
