0.452462648242999976
0.452414040535000006
0.452483086526000000
0.452605815006000001
0.452552141286999998
0.452759997650000023
0.452716555061999981
0.452716813207000024
0.452762452250999980
0.452818219508999975
0.452517025103000015
0.452492960453000026
0.452442908079000006
0.452498936818999997
0.452450578880000009
0.452485068320999995
0.452600959713000017
0.452608867322999986
0.452455648516000009
0.452508841471999990
0.452479658136999974
0.452408448241999994
0.452533548861000001
0.452655678660000005
0.452901058179000005
0.452780165351000019
0.452769769360000018
0.452685622745999994
0.452608129018000016
0.452615857745999994
0.452512736902000001
0.452560772828000002
0.452332290841000018
0.452523893439000013
0.452436320256000002
0.452500567487000016
0.452618199945999999
0.452598126642999976
0.452398342642000018
0.452491238119999972
0.452537355907999983
0.452296220942000005
0.452403209427000019
0.452636845276999988
0.452511802191999990
0.452575814445000002
0.452499257475000027
0.452562477129999974
0.452487522011000010
0.452649662354000004
0.452594668595000027
0.452577593559000013
0.452705802824000025
0.452654930467000005
0.452636380936000005
0.452614271397999979
0.452561289109000009
0.452746554804999979
0.452711807191000015
0.452546683065999988
0.452634858699999976
0.452432689735999982
0.452609306997000027
0.452709833564000019
0.452488158837999976
0.452697371316999997
0.452623447394000011
0.452798419213000014
0.452704531252999975
0.452462168097000017
0.452605291050000025
0.452731743648000007
0.452563916993000026
0.452512701371000026
0.452673971023999977
0.452731146841000021
0.452765771162999986
0.452900173540999984
0.453013468525000018
0.453084790558999972
0.452699170232000014
0.452816984071999995
0.452761171700999998
0.452502789374000014
0.452647829356000009
0.452570792120999987
0.452427603095000019
0.452361645149999991
0.452539500867000011
0.452385084047999986
0.452420379026999997
0.452415938061999978
0.452498460644999989
0.452410194649000008
0.452312200052999991
0.452336102086000003
0.452563892274999990
0.452611035311999976
0.452612512485000007
0.452738532733999999
0.452639264909000028
0.452729917237999990
0.452358440869000011
0.452521463045000016
0.452691756454000005
0.452701626841000015
0.452709069086000004
0.452665705761999992
0.452720530766999973
0.452706624507999977
0.452575994330999987
0.452758191997999992
0.452650327467999991
0.452601713386000026
0.452646227065000017
0.452717900542999985
0.452695407491000013
0.452706707340000014
0.452830290824000004
0.452762155930000021
0.452728098605999996
0.452613437600999979
0.452698844787999988
0.452665088596000020
0.452699436484999995
0.452475653272000011
0.452548926911000016
0.452467127018999993
0.452452400229000018
0.452576297668999983
0.452382902558999989
0.452403812690000018
0.452438212926999983
0.452625828702999999
0.452673003093000015
0.452732860414999994
0.452701056704000016
0.452704066706999975
0.452643178242999988
0.452594496441000027
0.452691279409000003
0.452485588925000015
0.452485422746000010
0.452574554625000014
0.452383986163999996
0.452541015183999973
0.452697901530999980
0.452571610958000026
0.452574993322999997
0.452530971690999984
0.452632392276999973
0.452458373099000000
0.452515729817999979
0.452449827568999985
0.452403095741999994
0.452526473732000001
0.452413296858000025
0.452483029488999988
0.452648344990999985
0.452959059965000022
0.452790901874000007
0.452719908476999999
0.452635576087999980
0.452675937538999984
0.452937479422000022
0.452781261757999987
0.452786274639000008
0.452730582868999976
0.452471803534999995
0.452527866361999986
0.452607617256000017
0.452594640619999988
0.452387782090000024
0.452440828050999999
0.452259142486000021
0.452487001815999990
0.452515083257999995
0.452285937811999994
0.452291039007999995
0.452520032512000014
0.452697690867999991
0.452496341123000023
0.452388853407000024
0.452539422026999982
0.452520305707000026
0.452591126246000008
0.452754186170999995
0.452650428893000001
0.452653339280000011
0.452704717112999977
0.452637611072999990
0.452632566941999992
0.452573356129000015
0.452642439632000015
0.452797340481000010
0.452649960030000020
0.452672225340999990
0.452683548536999991
0.452600672922999991
0.452807684403000010
0.452824429771000014
0.452771296198999973
0.452749991811000008
0.452579546195000015
0.452453555133000007
0.452387717176999993
0.452420446305000001
0.452555766960999972
0.452659429393000023
0.452675090940000024
0.452552069195999995
0.452716377517999979
0.452772107776999999
0.452699445252999988
0.452575505787000010
0.452632032038000010
0.452607602800000008
0.452549965760999984
0.452496841303999975
0.452605782356000019
0.452707190553999994
0.452526482020999987
0.452568969872000015
0.452576669692999978
0.452670061733000006
0.452644463943999986
0.452513690307999983
0.452488403287000018
0.452657039322999999
0.452637778692999981
0.452691545927999983
0.452571160420999985
0.452478633469000024
0.452464264306000008
0.452522067503999981
0.452576002919000020
0.452726251448999972
0.452379716380999997
0.452614843578000026
0.452795438644000015
0.452807633476999982
0.452870301955999977
0.452833388697999994
0.452619957015999996
0.452757558343000022
0.452593269261999998
0.452383564151000006
0.452433721294000002
0.452593556416999998
0.452635995798000013
0.452539216246000020
0.452481032155999996
0.452403462741000018
0.452473055886000008
0.452525621913999976
0.452373301266999983
0.452547242115000026
0.452514807414000020
0.452695127151000021
0.452583112062000026
0.452514485922999976
0.452621846888000001
0.452917009904000023
0.452653754138000020
0.452820879000999987
0.452719466040000018
0.452766082969000005
0.452804744076000021
0.452589305318999990
0.452551440335999977
0.452527709986000004
0.452544614675999990
0.452511818314999981
0.452789687280000019
0.452627948918000012
0.452595396910999981
0.452644393171000026
0.452658900098000028
0.452532235672000016
0.452260491922999996
0.452360065899000019
0.452408143182999989
0.452459641967999981
0.452381490970000022
0.452552830404999995
0.452488909318000010
0.452603272855999994
0.452470549702999991
0.452537430736000001
0.452614463721000004
0.452781265200999983
0.452857975563000004
0.452656643432000017
0.452755753036000019
0.452597548952999973
0.452609243913999981
0.452714453921999993
0.452761565177999981
0.452632230839999983
0.452712717082000005
0.452919443082999973
0.452890665851000018
0.452859896458999989
0.452703175833999993
0.452345262171000018
0.452421963383000003
0.452249673095000027
0.452572497444999999
0.452737419990000001
0.452551124231000024
0.452544746291000000
0.452621026661000014
0.452502934134999979
0.452635899813000009
0.452388766853999980
0.452552286816000016
0.452488614865000027
0.452548098810999999
0.452610015367000018
0.452640969005999982
0.452720490377000018
0.452810036932000004
0.452740431670999977
0.452830086028000012
0.452761606320999987
0.452770875843999998
0.452407356762999979
0.452516054047000016
0.452683798611999977
0.452762052041999985
0.452873488155999981
0.452765334450000001
0.452639529265000007
0.452706590031999978
0.452712243878999998
0.452760416148999978
0.452705509125000016
0.452661721650999993
0.452693831582999973
0.452579435992000012
0.452448919883999989
0.452232808064999992
0.452544673878000014
0.452315918433999986
0.452372508158999986
0.452294836811000023
0.452419391901999979
0.452339688984999988
0.452569010599000010
0.452638781543000024
0.452518714255000010
0.452421115754000014
0.452644664764000004
0.452690871183999977
0.452648466992000009
0.452629903542999978
0.452448663269000018
0.452774209975999986
0.452749255924000005
0.452756467990000022
0.452461940921000005
0.452667437740999989
0.452819104532000027
0.452533824955999975
0.452570362998999998
0.452475163015999993
0.452558397833000003
0.452543944545999999
0.452533954765000024
0.452337785513000024
0.452484434857000017
0.452381964623999988
0.452465859821999994
0.452454682679000020
0.452507695383999986
0.452524031850000008
0.452629806743000018
0.452642189322000010
0.452509903177000017
0.452446164229000025
0.452536004797999991
0.452492334752999992
0.452471943265000009
0.452512205406000012
0.452374471060999983
0.452537682551999998
0.452660836969999980
0.452768891941000007
0.452708784887000004
0.452610659570000018
0.452629187822000012
0.452547493769999976
0.452577471643999973
0.452452310864000007
0.452478137328999996
0.452712552167999993
0.452722613032000010
0.452763542806999986
0.452973652958000017
0.452972816349999974
0.452795088524000022
0.452535090718000022
0.452518588095000007
0.452698115264999978
0.452557450014999973
0.452822842220999999
0.452666055713999982
0.452564836058999997
0.452501998746000000
0.452282485294000003
0.452459443741000000
0.452552418690000013
0.452581178340000001
0.452683472854000013
0.452398452436999998
0.452432601416000002
0.452481534432000010
0.452543918431999981
0.452563916309000003
0.452580002087999977
0.452624117383999991
0.452456429368000013
0.452438435096000013
0.452475818211000025
0.452585777069999973
0.452756277495000026
0.452695520969999987
0.452643412924000010
0.452266868313999981
0.452505213997999978
0.452752925804999984
0.452672807457000004
0.452766388276999998
0.452659750851999998
0.452864963986000013
0.452668990479999978
0.452626542954999989
0.452607209512000008
0.452571782460999994
0.452544532529000010
0.452810218021999999
0.452668315609000005
0.452585196209000007
0.452776555836000016
0.452920012623000023
0.452678668943000018
0.452670301438000022
0.452617241353000022
0.452572595917999976
0.452728742274000007
0.452789236315000010
0.452781784063999992
0.452726468822999994
0.452655842897000005
0.452676591710000020
0.452535892697999986
0.452560373434999996
0.452422193729999977
0.452858873755000002
0.452598782132999977
0.452567037000000005
0.452486660664000007
0.452746479538999991
0.452752031527999976
0.452795213753000025
0.452713732265000002
0.452624516457000026
0.452603101790000018
0.452494660689000017
0.452808483353999980
0.452802575270000007
0.452913842891000007
0.452777115529999996
0.452747645525000020
0.452738849755000006
0.452683359580999978
0.452693883366000027
0.452493644119000005
0.452563628777999993
0.452639834962999976
0.452622419682000010
0.452587288608999994
0.452579189717000008
0.452657514481999979
0.452343159888999979
0.452402175613000002
0.452452507142000027
0.452335794964999982
0.452579759430000006
0.452624714551000007
0.452479243821000021
0.452560129960999979
0.452774307383000008
0.452831148716999976
0.452759128542999989
0.452709021436000003
0.452801102642000020
0.452868373584000006
0.452882111513000007
0.452710227174999980
0.452813232860000026
0.452763534352000008
0.452777623510999983
0.452704708564000025
0.452633939244000028
0.452545772914000000
0.452449397443000001
0.452581835895999984
0.452532141082999995
0.452565130591000009
0.452540057554000008
0.452759933077000021
0.452614269715000017
0.452542907542999973
0.452408862962000002
0.452482169134000023
0.452507553554999997
0.452587499037000018
0.452495230400000004
0.452457654666999998
0.452529374746000024
0.452571171840999986
0.452712370792999974
0.452366375441999979
0.452394304922999979
0.452457550839000022
0.452446904634999980
0.452491897533999987
0.452408658199999980
0.452537647850999980
0.452528700100999992
0.452735582327999986
0.452418590524999997
0.452521268239000019
0.452779259684999991
0.452634246314999988
0.452657012500000011
0.452705150587999983
0.452549485262999984
0.452590567657000009
0.452752126613000017
0.452779414667000002
0.452628938907999989
0.452785280605999985
0.452762548348000005
0.452640321577999993
0.452672655751999997
0.452812488070999997
0.452791455449999991
0.452662090085000024
0.452632520302000019
0.452690733798999989
0.452775129007000010
0.452740378890999995
0.452846077738000008
0.452601325321000003
0.452667066186999978
0.452735138940000004
0.452469901597999991
0.452446965440000015
0.452459881484999993
0.452582120297999990
0.452588675235999993
0.452488615019000007
0.452368593885000003
0.452476216935999986
0.452572083996999996
0.452624821076999972
0.452503818539999991
0.452509094474000007
0.452385520797999985
0.452617466003000013
0.452539691628000007
0.452606458740999973
0.452428137612000014
0.452586517362000007
0.452731741886999994
0.452863298455999985
0.452972755850999997
0.452696677438000017
0.452674327238999974
0.452737947859000012
0.452737191164000019
0.452978271283999978
0.452739124255999992
0.452648236666000015
0.452575608956999997
0.452608827762999988
0.452509005826000010
0.452718183556999998
0.452554685023999981
0.452690384406000013
0.452640763612000008
0.452630176532999973
0.452579016082999996
0.452695201428000016
0.452571028854000024
0.452552512901000015
0.452480565981999983
0.452538574231000024
0.452606349020000021
0.452554414701999974
0.452673556714000003
0.452686262625999980
0.452571254734000006
0.452547285188000026
0.452546636268999991
0.452793064932000000
0.452816833011000008
0.452630297474000021
0.452625328350000022
0.452525246358000011
0.452619561848999985
0.452459136546000007
0.452594242413999981
0.452653503836000004
0.452490000484000010
0.452599829890000027
0.452555166442000001
0.452485179665999993
0.452576510303000001
0.452506782940999996
0.452593671538000009
0.452531420424000019
0.452800098157999986
0.452823727858000014
0.452692352171999990
0.452607563165000004
0.452592892364999999
0.452759166363000010
0.452839716060000008
0.452669197547000024
0.452555881729999998
0.452537780025000003
0.452449866051000016
0.452371243674999979
0.452468282792999998
0.452574543155000009
0.452648214820000006
0.452425177590000005
0.452382887076999973
0.452308863466000022
0.452455980151000026
0.452454432708000009
0.452480867283999999
0.452506421943000003
0.452658773776999979
0.452586425540000004
0.452606061311000007
0.452713057751999992
0.452617889511999993
0.452762791326000003
0.452627964095000002
0.452702775381999989
0.452695969856000024
0.452862817969000020
0.452854856882999979
0.452677615769000008
0.452890026431999992
0.452714318898000012
0.452688739206999979
0.452669671479999980
0.452945356505000007
0.452982444568999998
0.452697676205999988
0.452547122670000024
0.452484729882999981
0.452362962744000008
0.452434667188000017
0.452465829772999983
0.452415647011999988
0.452641551217999982
0.452645613748999975
0.452567764556000007
0.452614646188999992
0.452655639667999987
0.452519669364999988
0.452716481950000027
0.452672797364000012
0.452644294098000000
0.452555492271999982
0.452758087287000011
0.452960059563000006
0.452701035475999991
0.452768944622000014
0.452689941300999987
0.452716111244000019
0.452704346736000018
0.452713743356999987
0.452586903077999980
0.452524614963000005
0.452657289093999993
0.452621378284000009
0.452670141076000010
0.452831782891999990
0.452772330665000000
0.452676915512999989
0.452741352468999991
0.452468425535999974
0.452616289514999992
0.452275431472000000
0.452445389226000028
0.452477007373000006
0.452493961928999988
0.452423433441999978
0.452510865418000008
0.452604548514999983
0.452543057872999976
0.452590262763000017
0.452527621481999986
0.452527329292999991
0.452425151771999989
0.452507221256999992
0.452500281860000020
0.452729366701000002
0.452599820719000012
0.452725155637999976
0.452429687532000024
0.452576021845000009
0.452444095265000013
0.452337760495000019
0.452230375239999982
0.452221786838999995
0.452332461394999996
0.452539831504000012
0.452554954998000025
0.452489600521000013
0.452541838792999973
0.452588943382000009
0.452731814632000018
0.452848099452999975
0.452709236091000000
0.452737516283000019
0.452792859316999974
0.453055433093999982
0.453185514544000023
0.452782844417999986
0.452698632541000012
0.452716530151999974
0.452523834474999997
0.452539486790000001
0.452599433428999998
0.452673824130000013
0.452751490686999991
0.452696804725000013
0.452676138900000025
0.452661146038000006
0.452678593794999973
0.452792682609000019
0.452807003195999980
0.452808692096999976
0.452821725841999978
0.452806789942999999
0.452653410866000028
0.452739578460000014
0.452693468470000027
0.452629346963000001
0.452571316629000020
0.452609440083000025
0.452690983967000027
0.452728161558999975
0.452617857223000020
0.452755220204999975
0.452625860413000014
0.452698572239999986
0.452537328919000004
0.452608078003999992
0.452618071966000013
0.452466012159000008
0.452350703291000023
0.452183586144000005
0.452330299135999980
0.452235432320000019
0.452441732091000026
0.452604816020000023
0.452543122952999977
0.452605854350000003
0.452560893898000027
0.452691891766999976
0.452661542212999979
0.452677485717000005
0.452619793687000005
0.452764372803000026
0.452683455309000005
0.452914187402000012
0.452605022114999977
0.452523310780999999
0.452586791616999995
0.452386629363999981
0.452399475391999983
0.452672586317000025
0.452598249788000007
0.452705989751000015
0.452657849067999996
0.452603548540999989
0.452693598209999992
0.452642574984000012
0.452599905824999982
0.452496387057000016
0.452535739762000011
0.452599150526000027
0.452637178367000015
0.452691793968000022
0.452636422363999980
0.452698572229000007
0.452613017712999999
0.452647056215000010
0.452823546680000022
0.452671077703000024
0.452699681638000007
0.452494449821000011
0.452702183671999991
0.452693818603999987
0.452579733184999999
0.452676211464999978
0.452524374906999982
0.452644094795999985
0.452603595442999995
0.452595198375000007
0.452654833608999996
0.452700748170000000
0.452674712967000015
0.452624358253000014
0.452893244320999977
0.452863433071000021
0.452928021766999978
0.452792200646000009
0.452734659962999997
0.452487341890999983
0.452630273139999983
0.452654106318999994
0.452610091981999973
0.452581370089000012
0.452670911191000003
0.452659920822999995
0.452622863473000014
0.452751854075000015
0.452783462834000006
0.452404693563999982
0.452627677645000004
0.452561204187000021
0.452380168864000010
0.452306519326000023
0.452303704121000016
0.452246255471000003
0.452407833397000025
0.452438856916999976
0.452375517840999997
0.452437592496000018
0.452330615612999976
0.452241740348999999
0.452287133780999995
0.452397202940000021
0.452604874988000005
0.452314166336000023
0.452382491785000007
0.452421253026999981
0.452710944411000016
0.452725141037000012
0.452686116109999981
0.452684093008999977
0.452748172043999975
0.452851354104999992
0.452682391279000007
0.452725936235000015
0.452649869501999980
0.452643747119999995
0.452718437673000018
0.452656931004000007
0.452509019858000017
0.452704670483999982
0.452735220132999994
0.452436824331999998
0.452399646767000008
0.452368835949999992
0.452456150730999984
0.452366996683000011
0.452573520951999986
0.452345939339000025
0.452340987395000005
0.452475247036999983
0.452534358086000010
0.452413022358000017
0.452579538575999973
0.452597843925000021
0.452441408875999984
0.452473172862999984
0.452621390901999987
0.452544161288999991
0.452421893833000022
0.452548020918000005
0.452511613764999987
0.452459641653999989
0.452554547789000006
0.452530419934000006
0.452404979044999989
0.452520367408999979
0.452618927913000013
0.452836414831000011
0.452728618553999984
0.452558483221999985
0.452539745022999984
0.452600923988999981
0.452839280105999997
0.452593933625999978
0.452522567845000001
0.452373694847000019
0.452521677756999974
0.452449687855999982
0.452469801123000004
0.452503400581000026
0.452622286059000012
0.452666307917999999
0.452644095104999977
0.452720861739000002
0.452695993410999975
0.452613589599999977
0.452428505106000023
0.452321250301999989
0.452316583411000006
0.452310180421999997
0.452265343312000023
0.452461661417999983
0.452419350215999994
0.452509658082999977
0.452590777489999985
0.452466648899999990
0.452508996750999981
0.452701316550000010
0.452548654115999982
0.452601753200999990
0.452462331843999976
0.452470733908000022
0.452565544077000004
0.452666374899000024
0.452756817543000012
0.452663975913999983
0.452874916146000006
0.452589936972000006
0.452626493055000023
0.452440245924000006
0.452557539005999987
0.452720308420999973
0.452728228755999995
0.452752321720000017
0.452511753633000002
0.452544313460000014
0.452530471145000002
0.452458425195999991
0.452584160374000011
0.452741800189999988
0.452711170852000022
0.452724729152000016
0.452724072636000008
0.452631945175999972
0.452682467528000010
0.452627046157999979
0.452850025586999994
0.452590535286999995
0.452760755986999996
0.452721719558999980
0.452690513362000002
0.452570341310999991
0.452678752593999978
0.452638305913000027
0.452463094090000018
0.452459085027999974
0.452464121411999987
0.452520345990999995
0.452484714539999999
0.452512300837000003
0.452352125130000005
0.452596289219000025
0.452507574151999992
0.452618287040000011
0.452372794354999996
0.452534933543999984
0.452394718819000008
0.452434440325000020
0.452450466383999994
0.452410702516999996
0.452360701214999994
0.452540621756000017
0.452465993466000027
0.452551195169999976
0.452411544773999974
0.452491432294999996
0.452529478418000008
0.452590478863000023
0.452489310885999974
0.452496708628000011
0.452528079656999982
0.452493661840999983
0.452469614480000004
0.452616466454999977
0.452469109152000004
0.452778348077999993
0.452719441840000014
0.452740578787000025
0.452720933548000026
0.452697961651999992
0.452714639021999987
0.452704800617000025
0.452748464909000004
0.452808889644000012
0.452607773536999991
0.452413061717000020
0.452427399225000026
0.452491068074000025
0.452615598727000024
0.452557358839999979
0.452464059410000008
0.452711575827000001
0.452545529288000015
0.452577379818999981
0.452674445016999993
0.452533433503999993
0.452606667449000022
0.452829697708000023
0.452805420665000014
0.452763756010999996
0.452745523066000022
0.452712032767000006
0.452810443871999979
0.452817450953000022
0.452836902930999985
0.452801165695000007
0.452688325918999990
0.452784153430000003
0.452697820550999996
0.452667682414000017
0.452687346639999988
0.452576219923000012
0.452543266818999979
0.452477812041999994
0.452276132072999992
0.452540897569000011
0.452692893847000011
0.452719783513999996
0.452615748613000024
0.452682760154999975
0.452731117424000018
0.452823800045000002
0.452798552718000014
0.452728902622999974
0.452636354770000027
0.452592142851000023
0.452620412427000018
0.452681254889000018
0.452552621920000009
0.452713826072000003
0.452748830543000025
0.452774476440999996
0.452995325900000023
0.452685565364000009
0.452631499825000005
0.452698644541999984
0.452602940093000006
0.452500537272000014
0.452554104470999974
0.452666283053999974
0.452544448686000023
0.452586188306999981
0.452493220894000014
0.452756644571000011
0.452653243992999998
0.452698425291999995
0.452351022586000018
0.452418533361000019
0.452458502169000021
0.452462939316999990
0.452676851288000004
0.452571806625999995
0.452651054303000011
0.452693984534000005
0.452845201691000010
0.452906136264999981
0.452506188751000016
0.452626534979000017
0.452498908698000024
0.452683011778000022
0.452647315932000027
0.452494889198999994
0.452571744383000019
0.452603916975000020
0.452547178845000009
0.452529278337000018
0.452575685439000008
0.452651783768000027
0.452570486263999983
0.452641603198999987
0.452647779091000013
0.452614211481000006
0.452711207230000023
0.452825413153000012
0.452607049679000006
0.452619909787999986
0.452592471571999999
0.452643827514999986
0.452792156250000022
0.452658820492999991
0.452449250342000009
0.452497948162999986
0.452503740061000026
0.452527053273000024
0.452549421695000009
0.452536321879999981
0.452621742182999998
0.452636665499000002
0.452492097172000007
0.452365058538999998
0.452516143332000020
0.452517169095000005
0.452430469253000012
0.452466156961999988
0.452444980137000019
0.452539526951000026
0.452519959279999995
0.452567758629000005
0.452637148029000014
0.452429797874999984
0.452373685490000010
0.452525911040999984
0.452582611660000023
0.452608450928000006
0.452464159380000008
0.452556687148999992
0.452550136827000016
0.452686286386000003
0.452543677109000009
0.452676011363000008
0.452747303094000020
0.452753370651000020
0.452439022073999997
0.452444137761999987
0.452264958070000000
0.452319790729000026
0.452494250415000021
0.452501046643999982
0.452339561300000026
0.452498335269000018
0.452426777196999974
0.452644932659999999
0.452487892853000007
0.452516487211999996
0.452305715210000014
0.452498534763000004
0.452593059457999991
0.452361158290999987
0.452456831035999985
0.452474552591000001
0.452469711296999977
0.452498022087999996
0.452638835377999982
0.452567573501999998
0.452589326080999999
0.452884432103000001
0.452870369331999978
0.452799830796000002
0.452696070388000027
0.452720327816000023
0.452736598493999998
0.452799099044999986
0.452842302867999980
0.452340349814000009
0.452561630513000024
0.452454667869999994
0.452555842553000021
0.452692299936000020
0.452495421188000013
0.452418865875999998
0.452411369319000001
0.452564073981999992
0.452592962388000009
0.452616568180000012
0.452613329505999973
0.452645729902000027
0.452547439704999999
0.452636917267999983
0.452404849499999984
0.452406742809999984
0.452582183267999982
0.452700921756999997
0.452464502378999989
0.452344621457999974
0.452371080593000019
0.452432833633000020
0.452451349875000020
0.452439216989000026
0.452362662284999995
0.452327909751999990
0.452577065409999979
0.452471885306999999
0.452624706230000007
0.452720438318999996
0.452511673373000023
0.452476068409000010
0.452675461025000003
0.452626989392000023
0.452648885880000018
0.452646012144999998
0.452388848391999998
0.452392451462000023
0.452444055773000009
0.452414775376999978
0.452313981753000027
0.452228117777999983
0.452349848210999994
0.452531227915999978
0.452641556735999984
0.452619731272000003
0.452668474395999998
0.452477974336999988
0.452523235751999986
0.452546487542999976
0.452689086291000020
0.452612236649999999
0.452435270735000006
0.452605480153000006
0.452652455336000015
0.452749205135999977
0.452789601174000023
0.452956109627000003
0.452576617838999995
0.452549378371000011
0.452573240701000024
0.452681630815999991
0.452539819146000000
0.452541455919000024
0.452590373752000008
0.452700980571999978
0.452757063982999974
0.452866603398000001
0.452725687774000018
0.452847529581999975
0.452920874247000005
0.452724072972000013
0.452757173394999990
0.452736270258999984
0.452647095115000009
0.452740643175999991
0.452737609561000010
0.452623032139999992
0.452638906427999976
0.452522113369999979
0.452697364840000005
0.452540833844000012
0.452455565361000012
0.452616650241000007
0.452522759499000005
0.452401794919999989
0.452565715418000003
0.452578822218999977
0.452630951471000020
0.452618934455000010
0.452575963121999991
0.452543477272000005
0.452737949570000020
0.452977748861000007
0.452920982011000006
0.452845936080999989
0.452541244858999991
0.452588359358999992
0.452652285252000020
0.452510123950000009
0.452476922176999974
0.452522392597000001
0.452725072697000019
0.452750385340000006
0.452766711401999977
0.452596885062000021
0.452695347959000016
0.452491087572000017
0.452537719020999984
0.452293042769000009
0.452521724301000017
0.452639274046000017
0.452634418947000017
0.452529813667999992
0.452618117307000023
0.452507540942000019
0.452612992554999982
0.452689037302999975
0.452457646152000015
0.452646256919999990
0.452574624593999997
0.452658900616999982
0.452685649555000014
0.452593378070999974
0.452446240012999989
0.452537351330000004
0.452754297545999995
0.452687268723000025
0.452466197234000000
0.452558525310999993
0.452449705864999996
0.452554038940999992
0.452558266646999996
0.452703248371999989
0.452632567255000007
0.452549494203999980
0.452490496065000025
0.452551963201999974
0.452541762218000021
0.452532435000999989
0.452619382110000024
0.452599477914999992
0.452566178355999993
0.452712191506999984
0.452734184099000014
0.452651386606000017
0.452703690526000013
0.452727964987000020
0.452742271708999999
0.452705918649999983
0.452760973547999990
0.452686402667999976
0.452620422191000016
0.452778390799999986
0.452771259528000014
0.452623494535999982
0.452494469226999985
0.452753398285999975
0.452682292355000016
0.452737237121000002
0.452686531517999979
0.452624842520000015
0.452584004573999998
0.452381460294999982
0.452596294218000017
0.452522444728000017
0.452491821738999989
0.452574887919000024
0.452744764261999999
0.452488011537000023
0.452310570982000004
0.452422953289999985
0.452261992078999975
0.452352919570999989
0.452508107772000012
0.452507269376999977
0.452522310210000001
0.452328904937999987
0.452418266223999999
0.452500676498999999
0.452439708313999989
0.452486304226000002
0.452516697319000016
0.452498714507000022
0.452542990987999993
0.452546932298000026
0.452540581910999995
0.452605837432000002
0.452727902934000004
0.452879699487000020
0.452708837595000024
0.452618076357000021
0.452464717967999974
0.452684288381000000
0.452891274323000026
0.452704726047000017
0.452618757706999997
0.452631583466999998
0.452439896745999992
0.452589253510000011
0.452658154847000005
0.452746411756000000
0.452776858973000018
0.452695285290000027
0.452771170956999980
0.452594434649999988
0.452699128494000014
0.452694795558000018
0.452906062933999987
0.452727735394999997
0.452835005040000016
0.452683211299999999
0.452768756511999992
0.452622747759999999
0.452697105777000008
0.452463561815000026
0.452545685417999999
0.452527230793999979
0.452471220743999980
0.452639353128999999
0.452502621667999982
0.452521076711999981
0.452675689237000023
0.452757682366999981
0.452687996676000015
0.452594398020999988
0.452540730918999989
0.452692862114999983
0.452487475794000005
0.452647829662000012
0.452566289632000018
0.452775158615999984
0.452745212040000011
0.452689065489000009
0.452731826820000016
0.452710475065000006
0.452703525900000014
0.452793159624999997
0.452736936122999978
0.452762361509000011
0.452627261095000011
0.452478980771000017
0.452448733092000011
0.452597719431000023
0.452727288042000020
0.452689792719000006
0.452748578976000016
0.452653163221999999
0.452632194790999975
0.452595978025000012
0.452597711151000004
0.452689209746999999
0.452736228859999978
0.452560382408000006
0.452556789788000013
0.452531937153999975
0.452451197216000023
0.452606369467000003
0.452680638987000006
0.452792134680000014
0.452535975362999998
0.452432578536999974
0.452540862292000023
0.452387750977000014
0.452558077170999995
0.452799698588000010
0.452590807179999999
0.452554694877999986
0.452344801251000017
0.452405113432000017
0.452554378568000015
0.452497094218999973
0.452564660911000005
0.452410352226999990
0.452550895585000001
0.452720513548000025
0.452818453028000001
0.452778877962000004
0.452542278788000019
0.452524794499999994
0.452475943260000013
0.452838294290999976
0.452596554842999987
0.452796013637000005
0.452558987158000026
0.452372479280000017
0.452642904878999996
0.452520980720999999
0.452553665045999975
0.452474019261000004
0.452515181902000019
0.452409792345999984
0.452527762361000008
0.452589011335000013
0.452565691551999993
0.452608867911000023
0.452595791543999981
0.452674547897999990
0.452591041643999992
0.452617958752000005
0.452653931244999974
0.452556053372000000
0.452791264099000001
0.452853136315999993
0.452536425000000020
0.452439642387000018
0.452303431039000003
0.452462173897999975
0.452643464273000007
0.452500659844999986
0.452647523858999978
0.452812378534000026
0.452722327550000025
0.452604906485999992
0.452690182697000010
0.452783065503000015
0.452804953180000025
0.452785191365999984
0.452827454620999992
0.452754078329999976
0.452781211151999985
0.452866696050999995
0.452756739023000010
0.452441792446000024
0.452621561615000001
0.452464297091999978
0.452458709844999973
0.452657299431000026
0.452585090271000023
0.452785145925999999
0.452644850877000016
0.452699023184000016
0.452827357353999982
0.452751641102000002
0.452639214527999989
0.452434180183000023
0.452338397496000022
0.452303963297999989
0.452368729234999989
0.452442999878999996
0.452597851433999998
0.452507054598000003
0.452781968551000003
0.452808488657000019
0.452878168337000009
0.452748642162000003
0.452862914434999986
0.452881486413000023
0.452536615044000001
0.452462252688999977
0.452576561115999976
0.452549682492000005
0.452896459990999978
0.452789745360999973
0.452806990854000002
0.452837888593000004
0.452618109772000010
0.452508318507000018
0.452645361437999993
0.452666732723000009
0.452610912342999994
0.452462012329999996
0.452605999496999978
0.452831845645999986
0.452969819725999978
0.452611187440000007
0.452480443090999995
0.452552408555000008
0.452509861231999988
0.452522248138999994
0.452494697871999974
0.452493378938999991
0.452271173565000018
0.452475147573999981
0.452699411961999976
0.452755318675000018
0.452788191595000000
0.452680829708999977
0.452834181966999982
0.452824768598000027
0.452688932175999981
0.452535241267999988
0.452471392934000016
0.452576633501000025
0.452587471675000019
0.452652449349999986
0.452623870599000000
0.452564986236999978
0.452581344704999999
0.452535845842999995
0.452639779051999980
0.452603747600999973
0.452735635585999996
0.452670883902999976
0.452504927359999976
0.452369547152999985
0.452377729489000013
0.452400744773999997
0.452337861052000023
0.452549870282000000
0.452439198365999995
0.452479325918999975
0.452396287878000014
0.452360285111999993
0.452583464892999998
0.452529935672999983
0.452636836922999997
0.452650570536999974
0.452633444070999980
0.452591553104999988
0.452579760592999980
0.452316182394999988
0.452318432228999978
0.452508460817000024
0.452248562332000004
0.452406442113999996
0.452655252635999983
0.452637745995000007
0.452657899568999988
0.452645582621000020
0.452734101930999999
0.452668604284000020
0.452486848368000016
0.452615682425999977
0.452523700289000019
0.452653001747000017
0.452757042991000003
0.452652084913000019
0.452722900897999991
0.452631986656999996
0.452547611376000025
0.452432344576000012
0.452410065196000022
0.452424089512000027
0.452580882894000003
0.452622122477999989
0.452745366965999985
0.452943490625000000
0.452729134232000008
0.452536381385999997
0.452404364216999977
0.452407081637999975
0.452623006546999995
0.452791098901000000
0.452774884268000000
0.452848256614000022
0.452868605407000024
0.452674787661000000
0.452631269783000001
0.452828959668999997
0.452628572289999975
0.452665782514000026
0.452893520380000025
0.452564496744999989
0.452652760528999998
0.452755380200999979
0.452806957105999996
0.452715991119999994
0.452757688438999994
0.452853675151000001
0.452763568580999975
0.452592491558999999
0.452821346620000009
0.452772123048999997
0.452656701228999980
0.452810374961999995
0.453046979971999997
0.452991942840999973
0.452596464106000018
0.452673510534999990
0.452472656109000004
0.452460491284999988
0.452620941228000007
0.452722988278999983
0.452618643895999984
0.452585699958999998
0.452794491846999991
0.452719596409999980
0.452694305016999976
0.452646995122999996
0.452756961454000018
0.452938167718999973
0.452684430510000013
0.452522389206999998
0.452390031912999979
0.452480909450000024
0.452615122819000015
0.452692535464999990
0.452661579523000013
0.452502408103999998
0.452527558945000019
0.452838358255000017
0.452739756885999989
0.452794023426000003
0.452792446224000000
0.452762809212999995
0.452900361038999999
0.452874606382000000
0.452749569512000016
0.452834361286000020
0.452628834834000016
0.452538198860999996
0.452510052940999996
0.452670951486000006
0.452688895490999998
0.452803119004999977
0.452787952341999977
0.452787809556999987
0.452782266968999980
0.452614104010000018
0.452606548770999983
0.452629532343999996
0.452627467171999975
0.452563812077000027
0.452520751132999999
0.452612307750999976
0.452679441003999983
0.452781203620999995
0.452905496701999977
0.453145444986000012
0.453039453832000005
0.452838053389000017
0.452745176179999986
0.452545095565999977
0.452700044495000009
0.452714050184000016
0.452570395585000007
0.452614323616999992
0.452548201845999976
0.452423997136999989
0.452336233807999977
0.452570000872999978
0.452762771637000017
0.452865093963999987
0.452691415973999978
0.452723790673999982
0.452845059629000013
0.452659821833000020
0.452650901403999995
0.452803595173999984
0.452776223380999987
0.452766484520999990
0.452572672760000017
0.452527536768000005
0.452665471367000027
0.452863728196000015
0.452697366779000021
0.452890786317000027
0.452716377680000004
0.452775752688999999
0.452567192753999981
0.452609869411000010
0.452581951026999996
0.452404874276999991
0.452683330280000018
0.452638183926000026
0.452379181474000025
0.452616581083999991
0.452589302405999983
0.452651293279999978
0.452704969429999993
0.452742263937999989
0.452521699487999973
0.452755911296000013
0.452783578685000021
0.452676015423000011
0.452637113604999974
0.452486728374000002
0.452337861931000007
0.452178611725999990
0.452155205886000000
0.452249098499000024
0.452270884538000018
0.452410108059999982
0.452481286614999978
0.452750231865000019
0.452506946774999974
0.452603654826000013
0.452516974999000010
0.452712249830000024
0.452726194262000003
0.452625799155999986
0.452776952557999990
0.452489189036999973
0.452264882654999978
0.452547584329999975
0.452475561946000027
0.452541660464999995
0.452812396770999992
0.452662708756999987
0.452788867087000002
0.452621283195000002
0.452668866024000027
0.452504731022999984
0.452490288492999992
0.452472985928999982
0.452767239887000017
0.452658216057000018
0.452720839004000009
0.452570519293999995
0.452561945013999989
0.452627230170999983
0.452654459770000017
0.452557707413999977
0.452673578342999983
0.452740872020999996
0.452472539924999972
0.452495607133000022
0.452502439892000008
0.452528377476999977
0.452707738603999987
0.452620022161999980
0.452671539532000011
0.452772359507999989
0.452730358419999979
0.452853034001000021
0.452792903176999995
0.452710954170000013
0.452729755891000007
0.452640528687999977
0.452495982459000023
0.452566642977000000
0.452624377515000009
0.452670117601000010
0.452750453313999990
0.452490259562999986
0.452593796262000025
0.452567878960000003
0.452613175440999993
0.452542054623000012
0.452513686573999985
0.452559307638000008
0.452610134559999988
0.452629598560999991
0.452771465709000009
0.452552373796999974
0.452669977951999980
0.452789340742000002
0.452634505818000021
0.452636306706000024
0.452678077291999992
0.452655410563999994
0.452565063790000000
0.452415074545999996
0.452306753070000012
0.452425328425999973
0.452504018211999981
0.452501210353000005
0.452535315335000021
0.452540883632000013
0.452538513754999983
0.452566611391999996
0.452692273894999997
0.452529003258999973
0.452631015465999986
0.452623592856999990
0.452453659870000025
0.452486777544000018
0.452698053042000004
0.452527329234000020
0.452609315939000001
0.452495983295999993
0.452621811177000011
0.452790696755999977
0.452539888208000007
0.452778139570999993
0.452754488640999986
0.452609186986000001
0.452652773604000025
0.452579130115999984
0.452498117872000005
0.452491953200000019
0.452687493694000020
0.452854064183000005
0.452600910638999987
0.452582627038999985
0.452456198887999983
0.452646392923999996
0.452431767529999973
0.452472474891999987
0.452536502550999975
0.452640946245000009
0.452673194231999976
0.452581546050000005
0.452694850942000016
0.452522701879000011
0.452380468395999991
0.452350261069000004
0.452482812204999973
0.452494351645000015
0.452606087328000006
0.452529194889000008
0.452362962335000007
0.452541149239999996
0.452672577904999984
0.452701612942000009
0.452610982265000017
0.452708172304999990
0.452591792702999984
0.452630981965999990
0.452700467117000016
0.452676245691000012
0.452638582349999985
0.452695387846999975
0.452677919335000012
0.452668434981999990
0.452600317033999999
0.452941227313000017
0.452710780455000017
0.452680830309000026
0.452465925880000008
0.452531119327000020
0.452667699455999994
0.452780968439999987
0.452719695704999980
0.452820300715000013
0.452593934887000005
0.452756851219999978
0.452700624709999999
0.452596487072000009
0.452648610655000005
0.452623169569999984
0.452693211029000009
0.452517752356999980
0.452453647439000017
0.452605420443999984
0.452546448662999978
0.452924469398000018
0.452708458651000012
0.452796654630999995
0.452503500128000002
0.452604291933999980
0.452511177787999985
0.452474780149999978
0.452639070987000014
0.452621209458999973
0.452663360914999979
0.452489404328000000
0.452358470331999996
0.452267823108000011
0.452262310484000007
0.452798182413000017
0.452631761848000025
0.452759923399000008
0.452890882865999989
0.452811763021999991
0.452682960582000027
0.452687957069000002
0.452711722240000003
0.452616424685000018
0.452755110324000010
0.452753340358000023
0.452574593816999993
0.452414594765000011
0.452413794049000006
0.452482231377999977
0.452451649411000023
0.452350163568999986
0.452343475616000024
0.452435725251000009
0.452480178921000009
0.452515361361000013
0.452541098884000015
0.452677141298999997
0.452707640801000011
0.452846831933999994
0.452889212859000023
0.452729620459999982
0.452423239621000006
0.452474070650999982
0.452653161560999995
0.452579221069000004
0.452625054670000027
0.452875520492000028
0.452787199122999973
0.452456943075999984
0.452384098213000019
0.452546817323000006
0.452694865112000022
0.452633396974999991
0.452637365803000014
0.452625922700000016
0.452624334334000011
0.452885661584999988
0.452501945563999974
0.452472730872000017
0.452723093964999990
0.452550813674000019
0.452762427593000005
0.452788466758999975
0.452611850101000024
0.452746013828000005
0.452822291664000010
0.452920759424999986
0.452768732760999992
0.452586839996000023
0.452500703461000020
0.452638456405999978
0.452740612937999998
0.452742315529999995
0.452487011602999978
0.452553357518000021
0.452499227020999983
0.452657687904000017
0.452549265575000026
0.452460642430999982
0.452543620786000023
0.452634503063999993
0.452466057510000019
0.452586149611000021
0.452536920896000006
0.452742297440999975
0.452690920316000001
0.452784374019999991
0.452764904226999998
0.452638660731000009
0.452670398161999998
0.452633454574000005
0.452652999926999977
0.452760736636000027
0.452788453634999977
0.452628264491000021
0.452525217205999974
0.452721502461000014
0.452652101611999980
0.452636574911999989
0.452955723501999974
0.452591187256000005
0.452666289115999987
0.452660631267999991
0.452614905675999990
0.452459147407999973
0.452700185598999993
0.452555482554999999
0.452640538355000011
0.452783576186999992
0.452774965402000018
0.452658454729000015
0.452708462849999993
0.452562219721000025
0.452690813758000021
0.452625082758000008
0.452524326059000004
0.452562742392000006
0.452327851068999975
0.452317946049999975
0.452471384867000004
0.452544195132999982
0.452532488457999982
0.452592071232000015
0.452467062112999974
0.452733614481000024
0.452647424720000024
0.452542712763999988
0.452420505861000022
0.452607751027000016
0.452703700953999977
0.452808910708000001
0.452917153056999977
0.452744043671000018
0.452643013786000026
0.452486048751000014
0.452430673624000024
0.452411976780999980
0.452526760209000012
0.452746975399999974
0.452844502016999995
0.452905146114000012
0.452772769382999984
0.452796101122000028
0.452708038718000028
0.452848338013000007
0.452872359718999973
0.452846477771999989
0.452619312531000018
0.452690096283999976
0.452471240577000000
0.452546465888000016
0.452616899281999996
0.452550905032000017
0.452419482995000011
0.452388159000000012
0.452713711525000007
0.452716012710999982
0.452598834758000002
0.452757244052999996
0.452883308792999983
0.452655529396000011
0.452506534201000010
0.452589481021999973
0.452745138443000017
0.452499113901999983
0.452535008404000016
0.452640157709000013
0.452641652607000011
0.452714592162999974
0.452628545581000019
0.452691387750999985
0.452444760273999991
0.452632869832000018
0.452693561906999997
0.452545215381000010
0.452727466101999987
0.452739001199000013
0.452547574143000009
0.452500754288000018
0.452490000941999981
0.452462372326000006
0.452507945023000013
0.452386158029000007
0.452507221434000018
0.452504561673999994
0.452615188354999975
0.452688979059999996
0.452954630259000013
