0.454333645266999986
0.454447687519999977
0.454347738416999991
0.454596169363999991
0.454610492413999978
0.454579509907000023
0.454626740362000015
0.454536595531999987
0.454592595002999977
0.454209868888000023
0.454314060284000010
0.454442654088999975
0.454355747490999995
0.454334838751999981
0.454360014809999990
0.454395784419000026
0.454420825239000015
0.454373234645000013
0.454400467347000014
0.454495578738999984
0.454566785239000015
0.454340775977000011
0.454364553085999989
0.454469878052000009
0.454451003685000021
0.454188622676999998
0.454342895907999977
0.454448700420999996
0.454211398385999998
0.454275439732000019
0.454231472947999981
0.454346984803999987
0.454339211369999996
0.454443532751000023
0.454651701548999976
0.454635917748999974
0.454437646450999988
0.454481380687000003
0.454283114480000028
0.454438229768000024
0.454643112954999984
0.454492650544000010
0.454592942489000007
0.454600418512000004
0.454550152220000003
0.454434697225999995
0.454316892558000007
0.454275199006999975
0.454128925758000013
0.454329608602000001
0.454491814075000000
0.454502681264000008
0.454454697271000019
0.454562122273000024
0.454534858436000000
0.454433556959000007
0.454572967707999986
0.454546632777000026
0.454411598744000000
0.454424179491999980
0.454411644627999989
0.454481570381000011
0.454299943957000019
0.454325760824999980
0.454257427965999994
0.454367417572999976
0.454356272787000026
0.454696177330999984
0.454563381463000016
0.454606770396999982
0.454806891242000022
0.454692446936000028
0.454463876070999973
0.454445134101000014
0.454499533028999980
0.454572969990000020
0.454342226595000009
0.454246823786000009
0.454313013139999999
0.454363253744999973
0.454678970994999987
0.454727310995000022
0.454754353474000006
0.454605172943000013
0.454631574189000021
0.454477560492999977
0.454443877190999990
0.454336953910000008
0.454326477958000019
0.454201895651999976
0.454168750343000027
0.454018164261000001
0.454033984800999990
0.454167914304999976
0.454131655459000028
0.454133380901000028
0.454281352098000024
0.454616002349999992
0.454500915978999998
0.454540466934999998
0.454470059689999983
0.454316401801000025
0.454478237065999990
0.454312049946999974
0.454416279867999984
0.454479831178999982
0.454254806394000010
0.454327452515999985
0.454338628651999976
0.454312013678000004
0.454402281121999985
0.454586941169999981
0.454533650286999991
0.454464272629999999
0.454547835010999990
0.454504113829000023
0.454459790738000025
0.454321529326000006
0.454385169696999991
0.454405341261999995
0.454309671482000021
0.454499060622999995
0.454691402675000023
0.454551912885999998
0.454525190227999976
0.454520648101000013
0.454387539873999990
0.454354442239999989
0.454462897418000000
0.454341590898000025
0.454501432022999974
0.454368730080999983
0.454278982961000000
0.454352521231999984
0.454371652836000006
0.454278671567000025
0.454388686769000016
0.454243255888000019
0.454471860569000019
0.454504479110000026
0.454289246415999992
0.454381938578000022
0.454215958653999996
0.454174062992000027
0.454298781230000004
0.454373902727999990
0.454337007131999981
0.454244207825000024
0.454264501566999990
0.454253603040999987
0.454152781509000014
0.454095059297999981
0.454154371695999981
0.454257507682000017
0.454519769906000015
0.454405750572000000
0.454384650780000010
0.454517672677999973
0.454425188445000017
0.454237864401000002
0.454185632343000023
0.454216980162999995
0.454221921719999977
0.454179036141000025
0.454213841301999988
0.454131330928999988
0.454253632507999994
0.454064111567999973
0.453985659330000013
0.453998399290000021
0.454164187945999998
0.454206319362999988
0.454140713497000026
0.454140653838999986
0.454110389564999994
0.454341962928999976
0.454290294827999985
0.454239887559000022
0.454143128539999996
0.454177328885999987
0.454203245839999992
0.454232137792000001
0.454255468908999982
0.454304820383999997
0.454275789568000021
0.454191275881999978
0.454396875139000012
0.454145905883000023
0.454322938763999984
0.454420077739000006
0.454466027411999984
0.454552585624000027
0.454608814428999974
0.454399215555999991
0.454316039544000017
0.454445514102000014
0.454583707160000017
0.454481872052000024
0.454429620403000001
0.454597000229999992
0.454539946984999998
0.454641009792999984
0.454663657763999973
0.454679819252999995
0.454566407102000025
0.454502771360999980
0.454319979922999995
0.454329067698000022
0.454316542947000024
0.454328372480999998
0.454398178491999982
0.454217326852000003
0.454319617010000010
0.454233172321000023
0.454162153269000002
0.454127057138999979
0.454287621079999981
0.454295030082999984
0.454282418467999993
0.454361849265999984
0.454216789452000003
0.454191956003999975
0.454587209089000022
0.454427774690000008
0.454352973496000012
0.454393265182000017
0.454391327371999998
0.454436259078000004
0.454261800566999996
0.454417241359000024
0.454453231559000026
0.454360306641000022
0.454704386412000006
0.454404588439000001
0.454214054593999994
0.454391412260999994
0.454456523393000023
0.454232464973999994
0.454396373758999994
0.454264405247999992
0.454344877709000006
0.454347382091999985
0.454324060453999978
0.454346973573000024
0.454440305095999975
0.454205113785999981
0.454516280375000026
0.454343130749000013
0.454364717171999999
0.454368789175999988
0.454537517727000018
0.454437660409000022
0.454348079906999991
0.454160894305000007
0.454108167381000016
0.454351706590999993
0.454409298128000017
0.454449720620999975
0.454463256686999995
0.454255626355999975
0.454332744291000012
0.454409892026999995
0.454300867797999997
0.454196765358000021
0.454236181999999988
0.454261721299999977
0.454301015513000006
0.454387536726000019
0.454459456478999990
0.454337468184999982
0.454335789787000011
0.454295932100000022
0.454306621063999994
0.454187232880000014
0.454204790139000003
0.454339323804999973
0.454245339031999984
0.454265732533999989
0.454568313431999993
0.454701263375999976
0.454423746021999975
0.454425838059999976
0.454500824643999990
0.454518298579999980
0.454397487356999974
0.454339828418000025
0.454288815391000023
0.454283124641999991
0.454213272381000011
0.454334780612999978
0.454110767222000000
0.454154321126999994
0.454261066336999975
0.454259402043000027
0.454450390889000022
0.454277971208000009
0.454365474207999998
0.454427985320000005
0.454389445549999993
0.454350649175999988
0.454354955334999977
0.454381679716999998
0.454441002041999997
0.454546758153999975
0.454615391802000002
0.454538996229000014
0.454273027951999975
0.454331884450000001
0.454242805523000004
0.454258417460999986
0.454255572902000027
0.454374394806000004
0.454443397209000011
0.454337605666000011
0.454254887323000012
0.454408298626999996
0.454336445413000001
0.454439966540000018
0.454286408664999974
0.454375145227000010
0.454461207390000010
0.454517814633000006
0.454185356325000011
0.454163666046999981
0.454312729026999984
0.454304905877999987
0.454373771874000021
0.454518119087999994
0.454530627626999972
0.454326397139000027
0.454247749324000027
0.454408381379000026
0.454352628402000025
0.454443239305000024
0.454688479791000022
0.454511128519999974
0.454351309812999982
0.454298749546000025
0.454286547239000027
0.454485599696999976
0.454526846513999994
0.454489594737000013
0.454372067711000027
0.454275617969000012
0.453952061783000016
0.454211761042999984
0.454295658328000007
0.454405758985000019
0.454373794341999981
0.454290404641999990
0.454346115095000003
0.454684777150999975
0.454426058979000014
0.454512888750000010
0.454715947411999999
0.454577469085999997
0.454536455012000018
0.454722158591000014
0.454949746691000023
0.454716242160000006
0.454483684241999975
0.454369969707999977
0.454478870018000025
0.454463579344999979
0.454428114606000022
0.454383900499000015
0.454571915235999990
0.454388461858000026
0.454383508493999999
0.454548205546000006
0.454769301346999999
0.454822607594999984
0.454827495086000011
0.454755114863999998
0.454769030241000016
0.454671849608999978
0.454587829591000026
0.454495734960999986
0.454557314619000008
0.454305233378999973
0.454433563318000000
0.454407872709000016
0.454309217812999988
0.454463555106999983
0.454445315519000026
0.454203224091000002
0.454564628166999996
0.454657192780999975
0.454841989358999998
0.454874878350999989
0.454707005700000000
0.454470796288000023
0.454585150961999973
0.454422418494999980
0.454420397829000011
0.454236750593000005
0.454489113559999991
0.454492700264999994
0.454538871276000012
0.454342747709000017
0.454471059966999991
0.454343816835000025
0.454513897617999985
0.454312768447000026
0.454404548577000023
0.454455096461999997
0.454574953476999999
0.454544232988000008
0.454431728031000015
0.454416543476000023
0.454366259233999981
0.454529246624999994
0.454445325093999986
0.454461778280000006
0.454358368457000006
0.454656050478999985
0.454648712175000025
0.454557967861999979
0.454472889759000021
0.454642105926000017
0.454438443402999992
0.454590075952000017
0.454595106267000004
0.454464114673999997
0.454465974080999979
0.454394870228000014
0.454279327158000013
0.454568103087000019
0.454310915656999992
0.454354521883999996
0.454315127534999974
0.454420309498999975
0.454670575743000016
0.454518890695000011
0.454490436787000018
0.454458455132999983
0.454433683395999988
0.454275521334999988
0.454209932900000002
0.454155358125000019
0.454079084602000027
0.454076391994999995
0.454084555547999980
0.453946831386000005
0.454025230895999998
0.453989737715999986
0.454196720246999974
0.454069680107999973
0.454234733280000025
0.454144863544999999
0.454420780020000026
0.454419971186000027
0.454517688914000018
0.454496586560000027
0.454632687834000015
0.454685742429999984
0.454354978412000010
0.454185286227999974
0.454461163943000013
0.454599114227999979
0.454756429201999990
0.454695873051000010
0.454456702009999991
0.454650723109999988
0.454653216824000006
0.454699206316000026
0.454553569729999996
0.454395478623000004
0.454322565131999978
0.454283184457999978
0.454185993226999984
0.454186318176000026
0.454255482888999973
0.454124208729000001
0.454331432124999990
0.454333312353000007
0.454409950052000022
0.454377127614999987
0.454222506259000014
0.454194575016000024
0.454094634128999974
0.454078846478000009
0.454258909576000014
0.454312390160000024
0.454233281012000001
0.454415440195999998
0.454343444330000013
0.454163498233000007
0.454279152214999982
0.454391361858999976
0.454240924375000021
0.454204846172000021
0.454221260050999998
0.454247519892000018
0.454544068693999992
0.454409816244000009
0.454292286011000024
0.454282522643999986
0.454402428146999993
0.454496698222999984
0.454413714350999975
0.454475742347000000
0.454400891197000001
0.454255591121000002
0.454445309173000023
0.454347868405999999
0.454309833313999989
0.454429901264999991
0.454449319515999983
0.454350886003999976
0.454186841781999973
0.453998190497000020
0.454044460260999982
0.454068520290999977
0.454167149451999985
0.454235419108000027
0.454305742228000020
0.454256463037000013
0.454229061528000022
0.454272951066999997
0.454373941773000001
0.454350866392999986
0.454125718411000023
0.454101257616999987
0.454311278302999999
0.454421369730000024
0.454322498713999989
0.454306423366000023
0.454373623476000021
0.454495891435000021
0.454489111823000003
0.454513443352000002
0.454381320588999993
0.454441945587000018
0.454384662280999996
0.454596379961999975
0.454662716585000015
0.454592800650999995
0.454356530089999988
0.454359590510000022
0.454350209299999974
0.454284228429000014
0.454411240087000012
0.454382807787999998
0.454488282999999993
0.454508291361999994
0.454634347233000002
0.454587689381000026
0.454554903525999976
0.454395137765999990
0.454463084306999998
0.454410350999999990
0.454210266094999982
0.454175713468000009
0.454287339665000012
0.454458589299999993
0.454486340099999997
0.454266906473999976
0.454223124112999976
0.454390737922000021
0.454469081800999986
0.454539388135000000
0.454448863219000021
0.454606676684999989
0.454571496929000007
0.454593906554999982
0.454429676855000020
0.454352808389999974
0.454301738650000009
0.454248543180999997
0.454289015347999980
0.454319948041000010
0.454199493886000005
0.454431546896000016
0.454386715418000020
0.454438483173999985
0.454339946857000021
0.454346561184000020
0.454298517756999976
0.454335358001000000
0.454333722609000012
0.454539253709999980
0.454498136890999993
0.454648413269000018
0.454541515946999986
0.454560169309000006
0.454466876068000014
0.454297185441999984
0.454343004345000023
0.454163016666999986
0.454594192201999980
0.454670346742000020
0.454484149938000015
0.454256774934999996
0.454179527503999980
0.454199604235999976
0.454462714812999991
0.454419268124999998
0.454311397655000004
0.454325008011000009
0.454454451543999993
0.454386158674000007
0.454173112350999997
0.454186228887999977
0.454332513755000000
0.454463801221999975
0.454319080772000006
0.454156968195999988
0.454330996734999992
0.454342357862000001
0.454460306875999975
0.454548496631999976
0.454667140084999977
0.454679946353000020
0.454516930054000012
0.454163050028999982
0.454550454132000015
0.454431168160999988
0.454309867096999997
0.454512614112999980
0.454447813082999974
0.454672332871000007
0.454512034875000026
0.454442093729000018
0.454533077045999989
0.454425257689999973
0.454464582113000004
0.454442219368000000
0.454183566842000008
0.454382739907999988
0.454155872889000001
0.454180493711000000
0.454297622868000017
0.454542101814999988
0.454422798309000009
0.454348888725999989
0.454354754277999984
0.454146878217000005
0.454172255643999989
0.454280740931999993
0.454416289663000017
0.454303386455999991
0.454254520321999977
0.454262915220000008
0.454368039421999992
0.454328480912000010
0.454337141620999974
0.454307762604999998
0.454318287027999979
0.454267061585999998
0.454140846175000001
0.454292587513000001
0.454203813306999993
0.454239865748999994
0.454072069236999998
0.454373782276000004
0.454355162171000027
0.454426896959999993
0.454338684774000023
0.454570207682000016
0.454758549828999992
0.454704249758000001
0.454493294378999990
0.454443243872000024
0.454417544339000001
0.454472264421000027
0.454584923982000011
0.454539273259999987
0.454462314107999976
0.454238750771999988
0.454221302170999985
0.454214531111999997
0.454234610089000013
0.454264710096000002
0.454219411046999977
0.454260068224000002
0.454437887215999980
0.454454519213000008
0.454482395839000020
0.454227996204000006
0.454321887363999977
0.454441818975000023
0.454501552641000006
0.454362227404999985
0.454346708302000024
0.454337116709999989
0.454359884518000023
0.454321230761000006
0.454471373379999988
0.454320733443999980
0.454294214703000021
0.454209319908999987
0.454495173566999977
0.454568557112999982
0.454419042218000002
0.454592756446000001
0.454214372049999981
0.454348393723000010
0.454338340092000026
0.454388613172000022
0.454506958166999986
0.454604145775000024
0.454608940520000004
0.454697894373000011
0.454519978968999983
0.454269413196999983
0.454325051475999997
0.454394815439000010
0.454362193284000015
0.454492500881999995
0.454607662523000000
0.454650068286000020
0.454471808726000015
0.454464136131999985
0.454450757205999978
0.454465954464000010
0.454421591228000021
0.454310372422000008
0.454369699806000005
0.454314575044000024
0.454456104131000016
0.454376898191000023
0.454537904785999980
0.454514866562000019
0.454462961589000014
0.454273343963000009
0.454386686809000018
0.454348375926000025
0.454423463394000027
0.454410510885999985
0.454381125584999990
0.454398286047000000
0.454319054679000023
0.454394467929000012
0.454506581731000003
0.454372327651999974
0.454272453425999978
0.454344524824999985
0.454295642374999975
0.454194166421000023
0.454390414676999976
0.454508208736000008
0.454769937407999980
0.454469545879999992
0.454436491320000024
0.454618573192999975
0.454640301246000023
0.454676977714999986
0.454676355585000025
0.454368100539999986
0.454307276333999976
0.454589706564999974
0.454399327929999985
0.454483418764999980
0.454281707699000004
0.454411337433999973
0.454436178784999978
0.454488400898000022
0.454511294577999991
0.454453017145000027
0.454381544177999974
0.454336773400999983
0.454254603202000007
0.454375547712999983
0.454203651563999999
0.454229221025999996
0.454049469784000015
0.453908937672000024
0.454100788279000023
0.454335646458000009
0.454344715073000005
0.454550496864999987
0.454739207548999991
0.454659640749000005
0.454509387380000018
0.454395297817999977
0.454417168892000012
0.454393609578999991
0.454580318742000000
0.454525009947999992
0.454532845322000001
0.454438465620000009
0.454689364134999996
0.454649139884999998
0.454789558917000014
0.454767443858999976
0.454620971935999985
0.454605365564999975
0.454603726571000011
0.454577526620000005
0.454344212159000005
0.454484966938000001
0.454290370391000009
0.454528604256000002
0.454526158061999974
0.454665246606999973
0.454461394547999997
0.454343149607000008
0.454472921523000006
0.454361605032000015
0.454273576635000009
0.454287192540999973
0.454306194612000003
0.454219664306000026
0.454211868853000023
0.454242544332999987
0.454405232253999980
0.454468573363000006
0.454443548580000023
0.454335970418000001
0.454280435451999975
0.454363296581999976
0.454448697211999986
0.454230542329000009
0.454263203185999997
0.454555385039999982
0.454329471711000021
0.454336269928000025
0.454403723026999995
0.454325189979000010
0.454476146814999982
0.454499364733999989
0.454351388046000004
0.454365281331000015
0.454252369077999985
0.454490782796000026
0.454513756065999974
0.454417981028000018
0.454435276574999991
0.454274430326999989
0.454304043602999974
0.454320342428999990
0.454413581951999990
0.454442306532999996
0.454218624731999976
0.454280352361000006
0.454322888144000014
0.454220883617000026
0.454298933339000011
0.454374362222000006
0.454555439017000018
0.454322649710000026
0.454216459332999978
0.454247691128999986
0.454453726451999995
0.454291769911000010
0.454390666885999994
0.454492892942000015
0.454528348570000018
0.454468921382999991
0.454504222863999996
0.454440641546000001
0.454704674621000005
0.454768278222000000
0.454768501789000024
0.454459483002999987
0.454415550060000006
0.454316595529000000
0.454276885660999996
0.454601073513999976
0.454570390754999998
0.454431689788000026
0.454155570356000016
0.454135933350999998
0.454208904477000019
0.454287582292000003
0.454235947940999973
0.454345817648000028
0.454348447903999975
0.454352771631999997
0.454155384115000005
0.454154373160000013
0.454236370133999978
0.454375595520000009
0.454620740031999981
0.454718461989999989
0.454723362234000006
0.454673515964999997
0.454470671955000016
0.454530422716000027
0.454600931965000010
0.454487924029999990
0.454693880082000013
0.454455930549999998
0.454316299503999987
0.454518926837000015
0.454662322748999981
0.454554784368000009
0.454544041966000012
0.454559078948999995
0.454611125334999977
0.454552084565999992
0.454432396808000016
0.454479959978999981
0.454584229273999996
0.454521341645000021
0.454799938801999981
0.454700296916999980
0.454806257705999972
0.454890206655999996
0.454744872941000022
0.454796870500999983
0.454579843648000026
0.454245023262000003
0.454441949525000000
0.454380539831000019
0.454463829636000016
0.454477185484000012
0.454332165198999993
0.454435345316999972
0.454271368943999998
0.454268496836000013
0.454119939698999997
0.453979326090000024
0.454169135509999988
0.454158106123999983
0.454275230480999992
0.454230946365999977
0.454287722848999986
0.454444937837999996
0.454484359383000025
0.454569837418000000
0.454368315726000005
0.454324291115000001
0.454378666797000008
0.454545761953000005
0.454447877823000002
0.454439468515000000
0.454534673569000014
0.454758178838999993
0.454682843361999989
0.454477975756000019
0.454378187481000007
0.454535594752999983
0.454431419401000014
0.454536364428999973
0.454475482955999988
0.454496914553000009
0.454499302355000023
0.454542676736999995
0.454399697692999982
0.454463799725999984
0.454490892744999986
0.454611517588999980
0.454398737730000002
0.454391862031999993
0.454334359841000013
0.454315756086999978
0.454380798985000001
0.454620218573999979
0.454551802750999989
0.454724349995999977
0.454593428746999983
0.454462595427999994
0.454581477500999975
0.454261461716999992
0.454321984427999981
0.454417629139000023
0.454289039208000012
0.454251926167999975
0.454338919898999993
0.454237051158000005
0.454215522711000019
0.454356209389999988
0.454415634334999985
0.454206808587000022
0.454346507700999991
0.454292588444999978
0.454304423228000021
0.454439192019999993
0.454504629070999977
0.454338675362000011
0.454656025168000022
0.454699336494000017
0.454711797555999997
0.454533884057999993
0.454445456879000009
0.454437864713999995
0.454571027173999997
0.454551528012999972
0.454419789409000019
0.454317400569999974
0.454316976626000013
0.454320885497999982
0.454196540368000001
0.454195054295000011
0.454326585211999978
0.454306763451000017
0.454085853438000009
0.454196948006000023
0.454283582053999990
0.454324443625000018
0.454400154278000012
0.454312103136000012
0.454312302900999998
0.454356649956999981
0.454386546431000016
0.454150003932000002
0.454270072610999998
0.454351290527000018
0.454446642638999976
0.454439096528999997
0.454510687327999985
0.454533795129999973
0.454519223616999979
0.454426255956000003
0.454627874225999984
0.454579518723000009
0.454817605153000015
0.454380782147999984
0.454279475596999993
0.454242809856999996
0.454279023978000018
0.454339226925999984
0.454244784746999974
0.454351699278999988
0.454452801788000016
0.454459825737999978
0.454271267332000017
0.454532080562999985
0.454495688717000024
0.454530186145999993
0.454575789994999979
0.454841535384999995
0.454737474639999972
0.454661671787999988
0.454698826253000010
0.454442614261000022
0.454283418496000013
0.454347427731000009
0.454458774035000013
0.454347246767000001
0.454276413130000001
0.454318606336000019
0.454265527687000015
0.454247544484999988
0.454296500689999994
0.454377247957000019
0.454348024605999989
0.454270921473000022
0.454479822292999991
0.454563917591000011
0.454485681525999996
0.454296707896000018
0.454471091328000010
0.454505961918000023
0.454469378370999988
0.454397350317999993
0.454122977094000013
0.454451353052000018
0.454365615885000018
0.454341814622999995
0.454238747168000001
0.454334432381999997
0.454054451836000017
0.454178382893999977
0.454398179007000025
0.454636169486999975
0.454597030898999999
0.454376199584999974
0.454480632940000018
0.454427536891999995
0.454684320370999984
0.454496364423000010
0.454439712941999974
0.454382278939000017
0.454442974645999975
0.454288790966000000
0.454392794132000011
0.454320611027999977
0.454291374678999993
0.454280934941000025
0.454267632769999985
0.454262359211000000
0.454107602845000013
0.454195920924999996
0.454361165058999983
0.454342329406999978
0.454308200428000020
0.454430973434000018
0.454373371542000026
0.454422858205000002
0.454409367188000013
0.454300750721000013
0.454235297799999993
0.454244087517000017
0.454181736905000022
0.454343229354000011
0.454400395520999978
0.454642005256999993
0.454868615847999980
0.454785378179999977
0.454615157784000024
0.454553968934999997
0.454430946496000021
0.454610118876999980
0.454348143421999973
0.454253064441999976
0.454306369835000001
0.454328414356999999
0.454605831848999997
0.454383043160999978
0.454512781663000021
0.454674007125999979
0.454736780092000026
0.454702865032000025
0.454501930303999990
0.454496945992000023
0.454549168441000018
0.454258057012999983
0.454250402971000000
0.454259714571999984
0.454332937799000025
0.454189967299000019
0.454435554106000006
0.454511655048000007
0.454421196603000010
0.454552757731000012
0.454486389346999975
0.454419399142000024
0.454387456445000004
0.454345668345000009
0.454312994262999981
0.453970953086999973
0.454082681754999995
0.454140645808999988
0.454317817595999984
0.454443865933999991
0.454590480417000009
0.454612083948999990
0.454656819380999999
0.454622686286000000
0.454580922996999981
0.454285532436000006
0.454395941902000000
0.454313140020999984
0.454202620070000007
0.454300117569000017
0.454042292484000021
0.453946364483999998
0.454150163574000010
0.454181780789999989
0.454353980385000022
0.454422359704000023
0.454260426433999998
0.454471913600999977
0.454474606351999988
0.454394043375000001
0.454478767620999979
0.454474063872000011
0.454578497613999988
0.454366037188000005
0.454346190140999973
0.454253488172999986
0.454253586890999983
0.454149358564999994
0.454190238648999989
0.454178688235000017
0.453965575976000013
0.454203709690999990
0.454438664827000016
0.454495536711999992
0.454393138518999984
0.454369917243999999
0.454615347818000004
0.454623063112999992
0.454468804669000026
0.454642250726000008
0.454576833873000019
0.454312519570999995
0.454203469257000003
0.454050392643000011
0.454251800692999974
0.454527884767000012
0.454455206268999989
0.454231845921000021
0.454302522358000005
0.454419268604000004
0.454162830279999985
0.454209772412000001
0.454359571532000017
0.454318592086000006
0.454199408442000019
0.454282899452999989
0.454274447360000000
0.454275707364000025
0.454295121033000016
0.454378492751000007
0.454514225740999978
0.454453747713000011
0.454285683612000002
0.454416908901999983
0.454417501710999983
0.454492900339000028
0.454524162175000024
0.454280676263000005
0.454399698184999978
0.454387855098999982
0.454290158867000027
0.454353347698000010
0.454291396146999982
0.454242986874999977
0.454243346762000011
0.454200775295000025
0.454332215024000008
0.454251839880000008
0.454351802967999985
0.454533391080000015
0.454441277358999973
0.454451133780999994
0.454421794534000001
0.454618103581999999
0.454533308083999998
0.454280419559999982
0.454062720112999973
0.454284999806000012
0.454266818986999998
0.454247372144999995
0.454111471514999976
0.454201873696000014
0.454153167131000013
0.454157477995000003
0.454047419198000013
0.454161448638000009
0.454428003262000002
0.454399126526000008
0.454461917719999997
0.454444088600000018
0.454265359995999984
0.454311981796000020
0.454433585628000014
0.454332274377000023
0.454329598215000019
0.454315529258000006
0.454323323306999982
0.454521355010000017
0.454478333316999994
0.454581317536999985
0.454491548758000019
0.454492632299999977
0.454168186390000006
0.454146200250999998
0.454133510485000003
0.454206950792000019
0.454202248407000020
0.454223685356999973
0.454187983510000004
0.454105957461000020
0.454271755527999976
0.454282769999000025
0.454499635926999990
0.454508367302000005
0.454724279996000014
0.454552451641999977
0.454407618876000008
0.454436042275000007
0.454171988438999974
0.454062233049000008
0.454216158719000007
0.454393940205000013
0.454411032032000006
0.454275092890000010
0.454010481402000010
0.454188553338999990
0.454409811780000006
0.454212290638999983
0.454197085399999978
0.454245451766000008
0.454301616487999993
0.454412482176999977
0.454367785422999992
0.454528436373999978
0.454356002016999994
0.454283496111999974
0.454125197525000024
0.454101751722999991
0.454062336351000018
0.454250914687000018
0.454371901846999993
0.454323125198000000
0.454494415064000012
0.454480833829999986
0.454484312466000018
0.454385559870999989
0.454299790578999996
0.454277248425999980
0.454435272597999984
0.454496043243000025
0.454551168953999996
0.454526105131999980
0.454737190374000011
0.454421623413000020
0.454502769876000023
0.454408766568000000
0.454383283483000000
0.454326090730000021
0.454205552851000005
0.454355233783000023
0.454498573763999991
0.454399911453999994
0.454303015807999977
0.454186421622999992
0.454212342724999996
0.454101193791000002
0.454118374461000007
0.454256738107999991
0.454246720705999973
0.454269484928000011
0.454238544307000003
0.454155970636999973
0.454243920711999982
0.454085189024000024
0.454168767601999979
0.454261442954000005
0.454287357191999974
0.454433983952000020
0.454411618223000024
0.454417136208000005
0.454348766879999977
0.454297925032999983
0.454345691976999977
0.454458164908000006
0.454369027980000006
0.454126574246000003
0.454128811422999989
0.454329507623999984
0.454030140048999997
0.454024107298000024
0.453968287869000009
0.454137295145000008
0.454281586161999984
0.454409723473000016
0.454408247516999986
0.454401724745000013
0.454333112290000007
0.454270792380000010
0.454467125676999983
0.454252752681000016
0.454187093995999991
0.454186384444000002
0.454221771622000003
0.454136368908000021
0.454119143612000009
0.454279083794999983
0.454579173911999979
0.454349453587999996
0.454390959016000018
0.454330703597999985
0.454327338984999995
0.454418032355999979
0.454359134358999994
0.454362042264999988
0.454276323608999999
0.454217192252000024
0.454225671662999986
0.454354712117000015
0.454321944450999993
0.454338094914999990
0.454190671459999973
0.454106102040000015
0.454346925442000005
0.454272249176000009
0.454641887538999978
0.454496066470000015
0.454536090230000023
0.454535879739999982
0.454431528601000001
0.454572271854999987
0.454524365174000022
0.454395155938999984
0.454403078803000016
0.454385040675000018
0.454545296049999992
0.454623688573999984
0.454417518465000003
0.454749686578000023
0.454581659809999983
0.454571568124999992
0.454431082481000004
0.454371590606000020
0.454543406912999992
0.454497068308999996
0.454552477519999998
0.454629047547999987
0.454597916458000018
0.454480575890999994
0.454340372965000017
0.454346263206000023
0.454305828573999981
0.454264946777000023
0.454407731857999986
0.454602701198999981
0.454485370973999991
0.454391743818999994
0.454418268020000016
0.454380910362999990
0.454113520418999994
0.454523779043000009
0.454630819505000006
0.454449669767999997
0.454472912010999985
0.454442446810999989
0.454534110037999983
0.454546866355000023
0.454523775445000000
0.454558482649000006
0.454526248232999974
0.454532060748999989
0.454371922917999993
0.454227452754000005
0.454213251049999989
0.454545927083999990
0.454321497583999978
0.454278299411000008
0.454360597593999993
0.454304139941999974
0.454263354266999986
0.454134179121999992
0.454338205479000001
0.454435509424000017
0.454361167236999985
0.454339505535000021
0.454342751165000003
0.454242855411000013
0.454577938718999985
0.454548490756000012
0.454497213216999985
0.454425956570000011
0.454284502676999991
0.454150088698999976
0.454169032272000006
0.454136292200999991
0.454090030096000019
0.454366974428000003
0.454258212441999987
0.454186656691000001
0.454406159357000017
0.454274999417000003
0.454419604269000021
0.454407443831000013
0.454357757919000016
0.454546571881000006
0.454515145218000016
0.454631764139000027
0.454539519818000004
0.454536745159000000
0.454598456400000017
0.454503206049999997
0.454575493602000003
0.454312421088000018
0.454391684105000027
0.454493532370999986
0.454440884267000023
0.454410930044999994
0.454429972798000015
0.454618527604000011
0.454708730712999998
0.454839069985000011
0.454801379544999995
0.454580138452999993
0.454564146956999982
0.454511741761000010
0.454481101965000023
0.454371173545000007
0.454503813345999985
0.454312097493999978
0.454332140305999999
0.454310879416999991
0.454298300253999976
0.454103802835999992
0.454147927110000016
0.454288547910999985
0.454259157974999994
0.454401738712000014
0.454349721423999986
0.454450519577000001
0.454279332503999989
0.454495571350000016
0.454457771105000019
0.454249137799999980
0.454388210251999991
0.454383606908999982
0.454279597294000026
0.454358370349999985
0.454349156836000023
0.454617143398000023
0.454315045671000006
0.454380738155999997
0.454431137646000016
0.454428463038999975
0.454215775606000016
0.454363564233999984
0.454310077064999984
0.454331753180000020
0.454148057456000009
0.454205124371000024
0.454435955584000018
0.454522257983999978
0.454383092536999988
0.454336539160999975
0.454424533718000012
0.454210273532999975
0.454242894846999978
0.454382110883999990
0.454134765253999984
0.454142102087999988
0.454122571312000012
0.454340348022999996
0.454406830922000016
0.454432395534000000
0.454370532569999985
0.454440942678000004
0.454466005133999984
0.454637958657000019
0.454527805757000025
0.454534385579999978
0.454358095218000024
0.454281779070999980
0.454333126136000021
0.454335328044000009
0.454450092252999982
0.454493460144999972
0.454450857436000000
0.454229143271000002
0.454310752907000015
0.454327817952999979
0.454269957263999991
0.454275485919000022
0.454335649673999975
0.454564570737000018
0.454749450225999996
0.454626978673000004
0.454590254631000001
0.454326399009000015
0.454417139861000019
0.454394517102999995
0.454438351184000000
0.454528169596000009
0.454572788923999993
0.454416820489000006
0.454305102839999975
0.454162773294000011
0.454272430008999972
0.454446225618000021
0.454411379645000002
0.454429396573000022
0.454535608019000004
0.454342896769000026
0.454592444503000015
0.454449368784999974
0.454413742795000020
0.454450223102999984
0.454454727195999997
0.454356421884999973
0.454395461968000014
0.454583590535000026
0.454427424889999987
0.454425609377999973
0.454596311385999985
0.454573188311999998
0.454510415388000022
0.454642670101000013
0.454646418055999979
0.454560828056999988
0.454491602812999995
0.454391559426000013
0.454386521737000004
0.454529863046999993
0.454373644239000007
0.454592200281999981
0.454592090649000025
0.454594421367000012
0.454459769025000015
0.454441501548000004
0.454310141280000024
0.454217746839999992
0.454402787058000024
0.454415708987999989
0.454475182196000027
0.454644892005000023
0.454542258096999996
0.454554844309000006
0.454205254068999975
0.454178046504000010
0.454323839411999997
0.454338862110000019
0.454349408261000010
0.454422148683999994
0.454440332592000007
0.454419207807999992
0.454355251191999987
0.454412431000000006
0.454256754019000009
0.454070125318999984
0.453972137067000014
0.454115157835000005
0.454023893893000019
0.454266872852999992
0.454511309422000020
0.454494515814000022
0.454425780494999987
0.454434968988999988
0.454344222595000014
0.454180015453000019
0.454382176452000019
0.454382149983000028
0.454333652019999978
0.454474775906999973
0.454469541960000001
0.454457517036000014
0.454386416763000012
0.454280636336000021
0.454443301703000013
0.454544918362000006
0.454469443126999995
0.454507116767999986
0.454563534172999995
0.454437763331000000
0.454495157495000024
0.454375235102000008
0.454322815308999983
0.454288830197999982
0.454510753676000023
0.454389586276999990
0.454608833734999995
0.454480799553000026
0.454554772644000016
0.454276410136000008
0.454550754823000003
0.454378285027000006
0.454558873405000008
0.454552473813000013
0.454638398218000006
0.454361591241999985
0.454415976506999997
0.454436155382999973
0.454328830206999990
0.454400778248999992
0.454496584295000006
0.454491225808999977
0.454485283286000019
0.454505875647999991
0.454695320374000012
0.454775807230999973
0.454622330214000003
0.454701167929999983
0.454493163684999979
0.454512647380000023
0.454533669136000018
0.454678537463000021
0.454454846194999984
0.454400338833999995
0.454304419316999997
0.454452646826999984
0.454454385595999988
0.454476167493999994
0.454380083682000002
0.454311933850000016
0.454218116979999975
0.454477390300000006
0.454254924684000028
0.454521334429000001
0.454423054227000023
0.454538777539999994
0.454478534327000028
0.454496775221000016
0.454384989746000001
0.454402332515000007
0.454557960345999990
0.454460275367999988
0.454448501531000026
0.454329724077999986
0.454397702294000005
0.454364633899999981
0.454414262672000024
0.454586781742999990
0.454633897186999980
0.454431670253000020
0.454540664699000008
0.454400578690999979
0.454439483388999976
0.454442524145000026
0.454554329563000015
0.454425460534000014
0.454577752358999998
0.454478230701999997
0.454448155104999973
0.454472582025999994
0.454562534655999995
0.454524444290999974
0.454345834627999989
0.454374723026000016
0.454651354708000000
0.454287642614000009
0.454299485045999984
0.454363875084999980
0.454332938952999976
0.454379530686999988
0.454280911535999976
0.454404736162999978
0.454361397436000014
0.454322797840999992
0.454236993771999997
0.454195987723000016
0.454381516810999975
0.454319046299999973
0.454247642424999987
0.454374371571000024
0.454361584488000014
0.454283236950000002
0.454299643531999975
0.454393308386999983
0.454413648035999984
0.454377082662999976
0.454194090074000023
0.454167870939999996
0.453983599429999996
0.454091309531999998
0.454116980735999987
0.454160353221000013
0.454360038188000026
0.454402027877000014
0.454554959960000005
0.454425286079999990
0.454434620956000013
0.454441352829000000
0.454447182103999980
0.454116800029999990
0.454310739000999997
0.454156798488000002
0.454329740134000015
0.454489176895000013
0.454409031437000011
0.454525038162000017
0.454519964246999975
0.454522655025000000
0.454559450315999980
0.454482431083999994
0.454424720160000017
0.454301701241000000
0.454450192347999993
0.454620888685000002
0.454520782214999974
0.454508295484000013
0.454584097362999984
0.454604950002000019
0.454699316359000016
0.454592050595999997
0.454457559599000027
0.454323319067000020
0.454208153127000025
0.454339577185000010
0.454393172564000025
0.454425326409999997
0.454325059159000011
0.454455859008000007
0.454377405451000027
0.454475463952000003
0.454620406900999974
0.454435934290000010
0.454510721278000018
0.454655562660999990
0.454554914488000006
0.454415396099000002
0.454436414667999999
0.454419043648000009
0.454294529205000019
0.454266898862000001
0.454256749610000010
0.454501142472000019
0.454482657509999999
0.454408261235999977
0.454281033361000008
0.454367619602000006
0.454500641453999987
0.454360071383999975
0.454389708856999974
0.454334812352000017
0.454383711936000023
0.454303207253999974
0.454356563072999986
0.454410538475000014
0.454506464687999989
0.454375619974000000
0.454313689813999999
0.454221713670000027
0.454349444235000011
0.454159129883000001
0.454302926232000026
0.454292248595000003
0.454226548595000001
0.454185190826000007
0.454231566844999990
0.454135912191000024
0.454463147660999989
0.454573972538000026
0.454542624767000025
0.454256448420000014
0.454160354960000012
0.454256978490999996
0.454369192475000017
0.454418825620000022
0.454552841064000013
0.454483354301000009
0.454263831065000012
0.454340925951000008
0.454250783047000006
0.454310525452999991
0.454457406291000010
0.454594449663000000
0.454412794810000020
0.454336383055000015
0.454328596013000019
0.454269414571999985
0.454442115064999985
0.454634015258000013
0.454528012220999977
0.454441390888000007
0.454232304131000020
0.454168347036000009
0.454389614541999998
0.454475852406000025
0.454139380902000012
0.454356325790999993
0.454159211901000004
0.454333348678999993
0.454395448902999988
0.454400916988000003
0.454454075896000009
0.454441617221000016
0.454311649481999980
0.454158612282999974
0.454235396118999990
0.454073990144000017
0.454440382262000009
0.454381536337000014
0.454468528393000004
0.454497952990999987
0.454486478636999980
0.454631802606000002
0.454538623392000019
0.454424923940000003
0.454230582855000009
0.454231446799999994
0.454237335211000015
0.454393687197000018
0.454497067280999978
0.454376477168000004
0.454369006693999988
0.454516426754000002
0.454506105155999984
0.454308800946000013
0.454346733336999986
0.454335968496999976
0.454375739753999974
0.454291364816000021
0.454122669190999972
0.454269605405999977
0.454260323450999981
0.454335982131000016
0.454393022831000026
0.454363281733000002
0.454595995970999978
0.454522171922999985
0.454463736032000021
0.454325941888999996
0.454167693960999985
0.454375650808000020
0.454343873146999977
0.454438704626999979
0.454410592010000003
0.454274522992999974
0.454534246297000011
0.454396454233999991
0.454250563273999985
0.454120242801999974
0.454165416925000009
0.454283369325000019
0.454370520880999995
0.454442451538000003
0.454460272697000012
0.454439042125000026
0.454468006649000000
0.454384300161000010
0.454309641629000005
0.454414972408999973
0.454547180564999986
0.454561470987000005
0.454478461860000016
0.454222828382999988
0.454361317325999992
0.454268597611000025
0.454430513703000027
0.454214229636000000
0.454278423867000014
0.454388970085000010
0.454421843780000001
0.454524673775999977
0.454417084234999991
0.454489226028999993
0.454501035754000027
0.454582412594999985
0.454678444568999973
0.454522393324999996
0.454423135460000016
0.454320696947999980
0.454243307307000022
0.453997528031000019
0.454061047740999979
0.454116001144000025
0.454399752602999973
0.454502980467999973
0.454595190220000001
0.454609028364000023
0.454601811660999999
0.454696647544000021
0.454699394518999989
0.454659506039999994
0.454623045908000012
0.454337303422000016
0.454045216216000025
0.454261275853000024
0.454164992737000006
0.454232530861000017
0.454188386107000019
0.454221476898999998
0.454279002272000021
0.454396359452000020
0.454158158536999979
0.454200499039999983
0.454103649860000014
0.454205830184999992
0.454106613599999986
0.454265891882000006
0.454291231916999994
0.454134468361999999
0.454119688404000021
0.454229801247000020
0.454237298941000012
0.454298900788999982
0.454106969402000016
0.454124925973000027
0.454058177274999974
0.454144913756000024
0.454206905426000007
0.454117913310999988
0.454065204903999986
0.454188396398999994
0.454317008794999977
0.454401294550000001
0.454223697438999985
0.454280852871000007
0.454266154222999985
0.454120354030999984
0.454252965537000009
0.454309926382000018
0.454275741268000022
0.454323076875000009
0.454490141123000013
0.454562332130000024
0.454511501880000002
0.454415971068000024
0.454525857176000025
0.454227379624000005
0.454256156352999985
0.454213766522999995
0.454419648130999998
0.454346602825999979
0.454216039264999982
0.454257018840000026
0.454085373402999981
0.453997070381000012
0.454015514341000015
0.454245105395000015
0.454365958301999995
0.454374588478999974
0.454423611554999995
0.454433617971999992
0.454508500290999984
0.454384722542000019
0.454538354832000002
0.454473062578000020
0.454236954866999998
0.454228890946999975
0.454308575212000021
0.454414077076999989
0.454584500750000009
0.454640422062999983
0.454668897226999991
0.454691947295999987
0.454627020945000015
0.454458906308000010
0.454514117960999997
0.454549841770999996
0.454515433718000017
0.454532811574999973
0.454615043408999997
0.454606526622999996
0.454588553559999997
0.454755267153000020
0.454978288156999977
0.454634652292999986
0.454684481741999991
0.454550253997999976
0.454605179046999985
0.454728912345999992
0.454346101566000027
0.454268999989000000
0.454199630560000012
0.454159228969999995
0.454164727099999999
0.454394294104999985
0.454394021480000021
0.454681017040000024
0.454537212768000021
0.454489921462000013
0.454462029370000020
0.454384929684999994
0.454384929893999978
0.454374243628999974
0.454392374082000006
0.454253198719999973
0.454316880034999981
0.454134386808999979
0.454081701145999994
0.454082729846000011
0.454292127584000005
0.454438751342999991
0.454362840927000022
0.454473917422999973
0.454792520583999993
0.454390147989999993
0.454470827695000024
0.454218079263999985
0.454312723902999982
0.454470257787999987
0.454541649303000006
0.454492249776999979
0.454414943118000014
0.454396225782000007
0.454279138969000018
0.454486285468000017
0.454658902766999995
0.454688177219000011
0.454558874180000017
0.454338144539000011
0.454558178641999988
0.454627368668000020
0.454630178810000007
0.454404080676000022
0.454411194622000025
0.454508921424000012
0.454473380950000005
0.454534588773999992
0.454562558923000015
0.454662106253999998
0.454551545280000024
0.454413167760999992
0.454406250316999993
0.454362829010000024
0.454560932754999980
0.454294588188999982
0.454133351201999991
0.454245277680999981
0.454171265918000000
0.454218899652999997
0.454362320458000013
0.454460251661000014
0.454367387470999973
0.454291498931999993
0.454293178374000017
0.454302102145999975
0.454274255138000016
0.454277593910999977
0.454449978121000020
0.454359582357000025
0.454273784535999980
0.454385785272000020
0.454402322005000026
0.454422344937999989
0.454289304911999980
0.454294127358999988
0.454304740308999977
0.454337731904999986
0.454335859665000008
0.454480791755999980
0.454299079491999991
0.454483454620000005
0.454280708362000019
0.454241127000000022
0.454417024760999988
0.454247687090999996
0.454408762231000019
0.454332074036999989
0.454220811414000003
0.454156799732000016
0.454366469669999995
0.454419242654000022
0.454384173748999975
0.454511917155999978
0.454573106477000000
0.454702517738000023
0.454527314490000001
0.454444026062000017
0.454553406521000014
0.454575685073999980
0.454556605725999985
0.454444795800000023
0.454618029149999991
0.454522846340000009
0.454475998358000011
0.454395597817999986
0.454476041762000016
0.454328684528000015
0.454371898421999987
0.454425615319999976
