0.441594369785999974
0.441665577485000016
0.441763934989999996
0.441630835838999980
0.441419137881999990
0.441572734475000006
0.441599336836000000
0.441737495648000023
0.441599199461000014
0.441533268372999999
0.441519831061999990
0.441544758084999989
0.441719091102000028
0.441738655215999976
0.441557003040000007
0.441601849614999986
0.441709100420999978
0.441792017330999987
0.441561943153999992
0.441358751993999987
0.441417429334000022
0.441502081887999998
0.441576202166000020
0.441678384633000021
0.441534351049000018
0.441654613907999982
0.441496367025000003
0.441600865589000025
0.441600399912999986
0.441528810190999987
0.441431989412999992
0.441525008009000020
0.441667124843000025
0.441689624147000026
0.441887966568999979
0.441772867447000006
0.441731314947000020
0.441842423511999982
0.441629168628999980
0.441658129698000002
0.441657415391999986
0.441689784648999995
0.441526984736999972
0.441531605340000022
0.441611877385000018
0.441718588186999994
0.441643175200000015
0.441699661781000008
0.441582722872999989
0.441454306051000001
0.441556130042000006
0.441603773638000019
0.441734135460999988
0.441795776977000010
0.441758892108000012
0.441955128187000001
0.441759790727999979
0.441689680425000009
0.441640551102999990
0.441964714957999993
0.441735314586999994
0.441692127135000001
0.441696020734999972
0.441613102543000013
0.441814813784000004
0.441706411518999975
0.441848014943000023
0.441713734585999995
0.441657258348000015
0.441615191851000011
0.441940587541000018
0.441598787250000013
0.441561792225000027
0.441693441344999993
0.441589259331999995
0.441351725151000018
0.441663666384999987
0.441726690277000011
0.441750261619999973
0.441849053812000014
0.441666522860000021
0.441496686372999991
0.441216451422999978
0.441492534539000003
0.441578816160999976
0.441559070571000023
0.441656531439000022
0.441712712777000027
0.441657240135000018
0.441540940689000017
0.441534437527000001
0.441621265671000018
0.441702118066000016
0.441727148454000018
0.441736149984999993
0.441585585722000018
0.441426812172000027
0.441652667973000013
0.441797443042000026
0.441828578325999977
0.441764150854999982
0.441934096822000022
0.441533927737999987
0.441349450139999988
0.441257607629999993
0.441538406303999986
0.441688839123999977
0.441583808289999991
0.441651026085999987
0.441594793332000024
0.441654377729000014
0.441886683858999985
0.441751218215999997
0.441642983160000002
0.441683057228999976
0.441580173080000027
0.441402065949999978
0.441523336962000024
0.441788714048000020
0.441895925086999986
0.441706180238999990
0.441753013483999979
0.441615920243000004
0.441639613762999983
0.441464380508999998
0.441423937272000022
0.441423475339000004
0.441559351900000008
0.441549468128000000
0.441863959016000007
0.441696099677999998
0.441459939116000011
0.441448773432000008
0.441553433757000013
0.441516320873000023
0.441666017374999997
0.441754759727999990
0.441568180992999992
0.441547779906000026
0.441517533319999989
0.441556049926999983
0.441634495778999991
0.441634581372999990
0.441097951679999989
0.441166440988999986
0.441339480923999994
0.441438251825999994
0.441475837102000002
0.441541392109000008
0.441560996993999977
0.441607583914000013
0.441699407493999996
0.441611949740000009
0.441496753201999992
0.441647992905999986
0.441673360437000007
0.441851488833999995
0.441784366977999998
0.441555302106000025
0.441470695676000002
0.441399696715000012
0.441429283680999984
0.441384859362000004
0.441415091673000026
0.441481818510999990
0.441446794222000005
0.441351370520000008
0.441242978043000000
0.441372851888000017
0.441678246256999973
0.441640102282000013
0.441960633895999988
0.442070313852999996
0.441752334808000025
0.441753745618000015
0.441802891430999989
0.441699998687999973
0.441723019257000027
0.441652228766000021
0.441496288000000014
0.441576610064000008
0.441612529616000005
0.441543377597000020
0.441417149163999989
0.441429206163999999
0.441526785051999993
0.441752324054999979
0.441668237841999989
0.441597205546999994
0.441592869253000009
0.441672287843000000
0.441700959163999984
0.441593657468000000
0.441645351297999977
0.441649016151999974
0.441443928586000012
0.441591907788000004
0.441675706971000004
0.441658748406999979
0.441729852792000000
0.441677545279999972
0.441695947387000021
0.441611092187999987
0.441553600905999988
0.441672697502000000
0.441781028929000008
0.441930385842999984
0.441867922786000011
0.441749341999999989
0.441642294235999988
0.441417825338000003
0.441522180782999984
0.441735334967000015
0.441685243030000008
0.441668513792000006
0.441558180299999992
0.441458156074999997
0.441489447515000022
0.441515262889000004
0.441653930016000007
0.441536924376999984
0.441435104718000015
0.441392427239999996
0.441676310542999995
0.441599584493000019
0.441591824364999996
0.441519349615999979
0.441533327962000011
0.441663629213999986
0.441616755626999979
0.441780164985000001
0.441602743076999982
0.441439578127000021
0.441396223177000002
0.441498323951000027
0.441530679927999992
0.441590287410000004
0.441471399076000026
0.441420932922000020
0.441252111921999979
0.441264999955000015
0.441380089884000015
0.441242206535000014
0.441416467980999983
0.441529461158999992
0.441589975520999989
0.441591149648999981
0.441593409950000015
0.441602210421000008
0.441431679284999989
0.441625027547000004
0.441662023066999976
0.441656079054000006
0.441662305086000018
0.441471430720000002
0.441672627897999992
0.441754001341999991
0.441625977572000006
0.441645549206000021
0.441652522754999999
0.441630619186999973
0.441486413735000027
0.441523414970000028
0.441524475812999972
0.441577930338000024
0.441658459062999997
0.441563148148999995
0.441734998845999982
0.441646335965000025
0.441457723429000026
0.441713391756999973
0.441571915460999997
0.441755895770999996
0.441473046678000025
0.441623914569999998
0.441289708682000015
0.441469960983000009
0.441560593507999977
0.441683462101000013
0.441517166547000017
0.441487720563999986
0.441527523934000021
0.441613288441000007
0.441568652374000004
0.441506634826000000
0.441501718992000025
0.441637790633999994
0.441814060614000026
0.441495575894000014
0.441428137361000006
0.441420148103999987
0.441273566148000007
0.441435500009999982
0.441347955946999992
0.441434886104000002
0.441572003074000019
0.441576169994000012
0.441645638780000016
0.441825982783000004
0.441642216204000015
0.441702994163999996
0.441432774694999974
0.441534848172999983
0.441432693225999984
0.441692407878999993
0.441646882297999976
0.441549110754999974
0.441698460058999987
0.441551211478000027
0.441553592705999975
0.441647456825000007
0.441479573790000024
0.441520753165999980
0.441530566436000027
0.441612177290000019
0.441712357007000012
0.441557821311000021
0.441597389170999999
0.441529758202000022
0.441578092250999976
0.441384421181000020
0.441612697652000008
0.441601204891999999
0.441673722044999995
0.441775632738000024
0.441648220302000016
0.441653349701000009
0.441613657825999983
0.441443367097999972
0.441746884063000000
0.441652211698999986
0.441591661422000015
0.441492018011000020
0.441241340127000004
0.441242498523999993
0.441373455788000024
0.441419460376999973
0.441373323767000003
0.441592225484000012
0.441763481397999980
0.441749014411999985
0.441631398008999976
0.441497128341000022
0.441423224143000004
0.441512262242999998
0.441393994948000024
0.441633662127000004
0.441633412840999995
0.441536475117000005
0.441573560377999996
0.441481926189999985
0.441335608533000023
0.441563607917999978
0.441690821542999990
0.441497698671000027
0.441506807454000005
0.441691399716000022
0.441588477531999979
0.441704771358000015
0.441571387259000026
0.441459655600999978
0.441572098086999987
0.441568489625999983
0.441617007251999982
0.441573876141000021
0.441544425743000013
0.441556708633000006
0.441634605926999990
0.441658863071999974
0.441656266055000024
0.441701030308999987
0.441749600884000004
0.441740113885000008
0.441625275734000011
0.441386361334999977
0.441608802435999981
0.441472787186000026
0.441524589045000027
0.441673119860000019
0.441691869083999988
0.441646355797000012
0.441703165421999999
0.441812756744999979
0.441730371730000015
0.441729009381000015
0.441800182714000012
0.441664646832999996
0.441659643433999993
0.441617359134999998
0.441586104621000008
0.441588349972000027
0.441692370381999988
0.441437256800999989
0.441511737610999988
0.441588689965000003
0.441498904259000013
0.441714358098000026
0.441555549634000011
0.441652345228999987
0.441567524822999991
0.441714019575000005
0.441575188702000021
0.441852373937999976
0.441896609971999976
0.441787043544999980
0.441802122803999997
0.441753281722999991
0.441770201164999987
0.441664285446000004
0.441696380093999974
0.441762782550999988
0.441583797873000006
0.441607173532999997
0.441743457068999978
0.441931446695999985
0.441656290010999986
0.441720416263000015
0.441637824830000025
0.441323557804999989
0.441410520664999972
0.441627823726999991
0.441747280507999995
0.441592002774999992
0.441749205232000008
0.441538817227999980
0.441705412555000010
0.441462759641000013
0.441538614486999992
0.441643269314999976
0.441608998043000023
0.441578994067999997
0.441511452641999980
0.441753114718999973
0.441781822601000018
0.441832547407999987
0.441728827225000009
0.441700532929000023
0.441716832090999989
0.441828669218999992
0.441745704859999977
0.441436966298000000
0.441605428826999991
0.441600267172000016
0.441675429118000007
0.441678426828000015
0.441749607847999992
0.441779461629999981
0.441522222701999978
0.441598575765999979
0.441717203971999983
0.441726906611999981
0.441472375106000015
0.441482016036000013
0.441399150924000006
0.441583359559000022
0.441624120974999979
0.441617065556999977
0.441694437935999995
0.441611108987000012
0.441656765522000005
0.441376861868000014
0.441459593297999997
0.441478123855999993
0.441646349386000003
0.441513970242999987
0.441538194401999984
0.441401169436999974
0.441613052627000013
0.441815681986999997
0.441842399504000005
0.441916134662000026
0.441721315600999975
0.441606697097000012
0.441597121445999996
0.441684985177000000
0.441567401003000015
0.441802081785000023
0.441739162560000009
0.441710254379000022
0.441703653244999994
0.441560410188999997
0.441657430457000011
0.441507532018000026
0.441607833130999994
0.441575159790000005
0.441492664209999996
0.441660967141999983
0.441542608233999989
0.441536168974999976
0.441573674016999984
0.441571031908999989
0.441697220489000009
0.441604516240000022
0.441585487226999973
0.441554278756000007
0.441547242678999974
0.441245879499999993
0.441400449068000023
0.441421728515999978
0.441872116566000006
0.441882184321999993
0.441588261234000024
0.441503337636000026
0.441717447150999976
0.441632919233000021
0.441581100436999996
0.441667333747000013
0.441554070269000010
0.441671476466000024
0.441758281704000000
0.441518098849000007
0.441458060066000024
0.441253117254999994
0.441440331424999999
0.441507741338000026
0.441544387325000010
0.441643095097999983
0.441780265143000006
0.441779565955999987
0.441701973224000011
0.441608741678999994
0.441443561626999992
0.441559259756000022
0.441460070518000014
0.441514722510000013
0.441571446872000006
0.441677931289999992
0.441674397393000018
0.441694294262999998
0.441535780489999974
0.441630283592999995
0.441698318443999982
0.441822927262999987
0.441631322195999987
0.441716549557999993
0.441568372757999983
0.441556565949999980
0.441631020860000001
0.441579082005000012
0.441580552138000015
0.441546921774000012
0.441731051899000027
0.441739206177999999
0.441658495623000025
0.441653655039000004
0.441508993853999998
0.441475512141999982
0.441502881336999997
0.441448831877999992
0.441536494996000006
0.441557416874000019
0.441550378864000004
0.441563118387000020
0.441605425270999996
0.441557115660999977
0.441452409451000005
0.441614457617000022
0.441485312701999977
0.441648525066999975
0.441696082245000010
0.441659365528000003
0.441506606964000015
0.441449670357000001
0.441357679850999995
0.441308454445999976
0.441217217024000019
0.441334728785999997
0.441409575529000009
0.441628949022000006
0.441556441892999973
0.441303266520000015
0.441237956300999989
0.441542625470000005
0.441452250150999981
0.441695045660999985
0.441589464448000013
0.441544311314999993
0.441653156875999986
0.441631849786999986
0.441610685552000004
0.441589143655000016
0.441590714055999978
0.441536810157000026
0.441705619401999983
0.441674717769000025
0.441776705687000004
0.441393315567000011
0.441457522257000023
0.441419102745000014
0.441372343629000019
0.441508602616999979
0.441517556463999983
0.441583519432000027
0.441597806458999986
0.441613214422000022
0.441356465373999973
0.441443185454999998
0.441565763951999979
0.441788031176999996
0.441808422184999994
0.441571219956000016
0.441576671352000016
0.441663472514999988
0.441405798404999994
0.441786049050000018
0.441493619416999994
0.441325486677000001
0.441449833788000012
0.441395176002999989
0.441368868483999977
0.441461810712000025
0.441438232829999999
0.441583128029999994
0.441562590230999974
0.441774880754999988
0.441492145916999978
0.441592214885999979
0.441500864664000015
0.441387138884999974
0.441640365962000014
0.441606846222000027
0.441609048906999979
0.441522510992000017
0.441489057106999983
0.441507676655999992
0.441399116829000016
0.441365054709999982
0.441522029953999973
0.441612638363000021
0.441588220709000001
0.441617801370999985
0.441736496909999998
0.441671701099999980
0.441892286327999984
0.441853046611999978
0.441818823811000017
0.441632003039999999
0.441523504035000014
0.441608199982000016
0.441740376335999996
0.441540210385999998
0.441564696062999973
0.441522872198000016
0.441643598081999988
0.441533487979999972
0.441694077507999994
0.441807651211000019
0.441807796354000026
0.441765072310999984
0.441494727605000026
0.441637908952000002
0.441602852714999994
0.441668633832000002
0.441593343485999990
0.441591928806000011
0.441556789798000004
0.441625204386000003
0.441553281587000024
0.441554190150000025
0.441691328052000010
0.441518717135000016
0.441758754721999991
0.441654603470000018
0.441727686108999984
0.441656257094000027
0.441456363936000018
0.441653363121999987
0.441772203630000027
0.441667880146000003
0.441764886435999982
0.441529619368999982
0.441601499396999997
0.441621136625000021
0.441627681759000024
0.441766695022000000
0.441511154366000025
0.441546845430000001
0.441569334084000009
0.441726359592000017
0.441587388345999976
0.441580467508999985
0.441587387256999975
0.441699127287999982
0.441672165062000022
0.441593607083999973
0.441444482440999986
0.441602855874000000
0.441504450147999994
0.441469400246000010
0.441433456827000026
0.441315339056999989
0.441538874711000007
0.441778375248000010
0.442089540971999984
0.441729571900000006
0.441692470401000015
0.441689451367999975
0.441536197249000006
0.441591711822999999
0.441437826169000014
0.441544659610000001
0.441529379860000015
0.441727235720000000
0.441645103212999990
0.441718152490000016
0.441655418618999984
0.441629884553000007
0.441702988317999978
0.441660662737999976
0.441732226707999998
0.441429967031999992
0.441490153779000027
0.441587947470000020
0.441552625872999982
0.441450026930999995
0.441619102230000005
0.441505709523999978
0.441591448183000002
0.441583650424999974
0.441556487388000019
0.441512247412999992
0.441597819333000019
0.441398435698000025
0.441695411764000012
0.441695246496000005
0.441724020501000014
0.441671275096000016
0.441492043431999992
0.441703316545999980
0.441598804356000019
0.441333431489000005
0.441432443442000000
0.441336451711000000
0.441332538855999990
0.441414732144999988
0.441412067716000001
0.441505064808999981
0.441412730144000010
0.441551744562000026
0.441448448479000000
0.441312712218999981
0.441303285789000022
0.441347535437999983
0.441496481318999989
0.441511422142000010
0.441570338246999983
0.441533838707000026
0.441693795389999977
0.441717845345000026
0.441689449587000016
0.441503519181000004
0.441500284063999993
0.441596174150000020
0.441458288154999989
0.441601391632999996
0.441708803348999979
0.441783346643999986
0.441487028336999987
0.441777127852000018
0.441707538401000022
0.441673783591999991
0.441447427685000005
0.441607448956999993
0.441665458128000010
0.441538456435999982
0.441703297584000010
0.441711648371000021
0.441542637816999983
0.441692103687000015
0.441807754378000017
0.441798154082999994
0.441803209779999984
0.441596681551000014
0.441522248597999989
0.441455635076999975
0.441548032972000015
0.441660100680999979
0.441793380289999982
0.441816056206000007
0.441694986552000013
0.441562334058999972
0.441709280736000021
0.441635890543000009
0.441798033761999998
0.441545839511000016
0.441523435184999979
0.441387732204999994
0.441511843708999985
0.441566127615000026
0.441669295093000014
0.441613664671999973
0.441989828841999999
0.441928701550000025
0.441739499974000027
0.441769470285000021
0.441687815925000005
0.441551141415999993
0.441603125729000012
0.441498054427000020
0.441376547929999974
0.441528591753999999
0.441394806784999982
0.441502500143999999
0.441524076428999990
0.441585245637000023
0.441472834320999985
0.441323113812999990
0.441227248673000005
0.441472320518000005
0.441453375689000005
0.441524052557999980
0.441595714508000003
0.441793444159000015
0.441467824800999997
0.441528763759999998
0.441453725633999983
0.441391083312999977
0.441695808041000004
0.441751997205000024
0.441655848189000000
0.441893379167999978
0.441837117200999996
0.441806659363000009
0.441522760690999994
0.441619810281999980
0.441653455357000013
0.441482348161000016
0.441500269662999989
0.441390795027000016
0.441615658136000011
0.441605945657000010
0.441567516684000017
0.441524526219999991
0.441699448729999999
0.441475997868000014
0.441473367426000018
0.441604980701000016
0.441359137966000015
0.441563804025000006
0.441512259671999974
0.441375506320000000
0.441633774338999974
0.441749991248000018
0.441611270469999984
0.441666809794000026
0.441459559411000013
0.441525072078000014
0.441519490464999997
0.441500915636000024
0.441421892282000017
0.441375731862000020
0.441483326680999988
0.441561006742999973
0.441636840053000024
0.441637337419000020
0.441557047651000012
0.441712823011999989
0.441544650576000008
0.441483862253999992
0.441649437036000014
0.441521040152999977
0.441666907720000002
0.441638833602999992
0.441643703916999975
0.441669670120000024
0.441504687607999990
0.441715288536999984
0.441612293626999997
0.441775258461000020
0.441761825985000023
0.441531456230999986
0.441498561033000003
0.441378523992999983
0.441448155294000000
0.441534676028999984
0.441638847000000001
0.441536483769999988
0.441698769067999986
0.441788686436999978
0.441849420852000019
0.441561834747000004
0.441480862545999997
0.441694706022999983
0.441613389347999985
0.441545272764000019
0.441567632356999973
0.441493828304000024
0.441616883444000019
0.441750205082000025
0.441681856563000019
0.441336711245999991
0.441405011534000025
0.441366732044000010
0.441447505949999985
0.441439035623999998
0.441366986146999984
0.441675046668000004
0.441827073332999976
0.441817693848999993
0.441736815559000018
0.441719406294000028
0.441711561417000020
0.441586902938000014
0.441631271554999982
0.441586613736000000
0.441574631534000006
0.441652163830999978
0.441703887016999974
0.441658141143999983
0.441628394009999981
0.441441656221000012
0.441479147422000007
0.441348538416000025
0.441564350042999987
0.441614939885000002
0.441559196172999990
0.441306695671000004
0.441634927228999996
0.441789225592999990
0.441515010785999973
0.441510188360000000
0.441653297012999990
0.441751096484999994
0.441659241583999995
0.441486118137999983
0.441699580059999986
0.441965546573000023
0.441837253250999984
0.441958734886000015
0.441755205929000028
0.441713761859000020
0.441655855378000006
0.441770454475000018
0.441661527923999986
0.441861616246000011
0.441713577881000019
0.441761105157000011
0.441578706425000023
0.441575473790999984
0.441749844571000028
0.441642645318999993
0.441802631926999978
0.441942867444999998
0.441645577374000009
0.441740599645000009
0.441793351305000026
0.441846113111000027
0.441743414948999991
0.441741529884000006
0.441621069260999977
0.441608183782999986
0.441462512151000019
0.441443503391000025
0.441575465423000024
0.441613608790000001
0.441652973005000005
0.441747293378000006
0.441714789755000004
0.441635826343000026
0.441475945412000026
0.441716533876999995
0.441501287899999983
0.441624373953000027
0.441728017779000004
0.441604355584000019
0.441642140540999983
0.441686154017000010
0.441664728022000019
0.441497762908000024
0.441395119823000004
0.441471073295000016
0.441559214633999997
0.441739795421000003
0.441717983922000013
0.441403090757999994
0.441375178500999998
0.441297285039000009
0.441294250514999986
0.441470848384000025
0.441477903742000022
0.441479688077999977
0.441497676431000019
0.441741607714999984
0.441713286777000003
0.441780038471000003
0.441746407569000021
0.441565981348000014
0.441706468947999975
0.441720253529000018
0.441748052230000021
0.441601359171000019
0.441474306111000026
0.441452761839999985
0.441524757024000014
0.441517082057000021
0.441766121625000008
0.441635692578000005
0.441587455093000014
0.441429057806000003
0.441510593281999986
0.441746494026000025
0.441713500064999987
0.441782172902000003
0.441773558256999987
0.441664386813999998
0.441556702826000014
0.441524737971000003
0.441661460958999996
0.441629320727000008
0.441757651034999976
0.441622589994000003
0.441615569767999983
0.441529739028000023
0.441576167439000022
0.441579639367999988
0.441672058884000018
0.441714117944999984
0.441659204395999982
0.441766526205999988
0.441781623949000002
0.441583117550999993
0.441479716071000006
0.441459730843999976
0.441677498554999992
0.441760507748000020
0.441737343728999976
0.441737189101999994
0.441650736455000026
0.441712570349000022
0.441560434667999990
0.441666266408999975
0.441786806797999976
0.441697702837999973
0.441819441711000016
0.441705693226999985
0.441690563762999977
0.441708463423000020
0.441616714811000011
0.441648365794000020
0.441607269816000014
0.441668136250000010
0.441737759821999976
0.441621495910999973
0.441548037708999974
0.441629564748000025
0.441590033857999997
0.441803220223000004
0.441606318383999996
0.441846846858999998
0.441842288024999974
0.441836966682999988
0.441752719622000023
0.441716454596000008
0.441627277988999978
0.441571563755000007
0.441552768672999973
0.441698714478000021
0.441493253902999983
0.441406677222999977
0.441374108727999981
0.441524110794999980
0.441679779014000018
0.441612717624000006
0.441422193110000027
0.441454517338000008
0.441749017332000005
0.441659614566000003
0.441797875381000016
0.441808265847999981
0.441880606391999997
0.441934231482000006
0.441788180081999993
0.441685925378999977
0.441604541006999973
0.441712358450999987
0.441503137977000026
0.441528580637000012
0.441476419298000022
0.441472802842000023
0.441345948468999993
0.441360238961000018
0.441277552028999986
0.441415958679000020
0.441610313237000007
0.441530173058999997
0.441697024424999973
0.441837611703000011
0.441837200052999979
0.441515547155999999
0.441583564049999988
0.441499793305999977
0.441477427726999994
0.441526479392000015
0.441630887626999979
0.441706409986000026
0.441700484592999987
0.441761946291000018
0.441918810461000011
0.441654077541999979
0.441564252945000013
0.441633204494000009
0.441563247777000012
0.441537534851000002
0.441546628067000013
0.441714674992999989
0.441717378213000000
0.441636467719000003
0.441552465531000027
0.441477848896000002
0.441506616550999986
0.441548304853999984
0.441783328997000013
0.441896862007999991
0.441868074226999974
0.441744440833000018
0.441619045822000011
0.441596786043999989
0.441463661023999976
0.441585804435000007
0.441658990664999973
0.441613990475999973
0.441771366697000012
0.441743916552999993
0.441724770616000018
0.441720469017000017
0.441641766258000001
0.441827806165999981
0.441743810399000014
0.441880186599000024
0.441865783856999983
0.441754865960000020
0.441700518669000008
0.441760236807999973
0.441517993202000025
0.441665740101000015
0.441507771039999997
0.441527846780000011
0.441812893333999979
0.441836585614999999
0.441543264528000023
0.441717706400999999
0.441684985132999974
0.441589490512000027
0.441651050257000022
0.441522522106000015
0.441562238047999989
0.441651417222000020
0.441784448516999995
0.441529316901999980
0.441767660723999978
0.441626842663999986
0.441680930277999984
0.441519025519000019
0.441770257587000004
0.441720927152000009
0.441749400655999991
0.441806352964999982
0.441688376980000019
0.441784351876000014
0.441966262098999974
0.441830537204000007
0.441734205664000013
0.441511340839999988
0.441460906104000017
0.441559204958999973
0.441564572802999988
0.441473868345999998
0.441420390067000012
0.441522582611000025
0.441695704823000024
0.441663776743999981
0.441643497559000009
0.441510425262000017
0.441506825863999974
0.441414187304999983
0.441289043416000004
0.441468291944000002
0.441572665940999975
0.441562103869000022
0.441521522971999980
0.441571947781999985
0.441542578361000027
0.441572665663000019
0.441436624200000016
0.441728193448000017
0.441696323130000013
0.441506893841999981
0.441540015506000028
0.441545667169000011
0.441626007243999974
0.441670877159999975
0.441573110348999986
0.441592528814999996
0.441533326833999984
0.441520484348000009
0.441541078367999995
0.441731666425000002
0.441683882108000025
0.441854746317999980
0.441772451617000017
0.441880526266999973
0.441861173636000026
0.441972768143000017
0.441865844575000000
0.441687052861000018
0.441693913669000016
0.441617702112999999
0.441707625434999973
0.441691601190999983
0.441371995193000022
0.441712960646999997
0.441393044296000014
0.441567134942000006
0.441613213123000004
0.441527836203000013
0.441565534869000020
0.441602961068999988
0.441461966473999989
0.441634141834999994
0.441531419656999990
0.441433502122999977
0.441461418725999977
0.441482127652000012
0.441756288260000018
0.441669373028000023
0.441505523785999998
0.441574201910999997
0.441756682344999985
0.441874058203000020
0.441838612204999981
0.441769203439999980
0.441619858578999991
0.441520558479000014
0.441643704377999990
0.441664083781000028
0.441549000706000006
0.441420927946000019
0.441606379489000000
0.441494759806000003
0.441554396086999978
0.441535971482000023
0.441612261928000016
0.441802483828000025
0.441689517134999987
0.441774237445999973
0.441673041395000021
0.441794520369999999
0.441795994601999975
0.441923141051999979
0.441728132903999982
0.441559421170000022
0.441543973970999981
0.441372234713000022
0.441521703583000025
0.441556907584000014
0.441567231467999977
0.441448771728000011
0.441583540912000028
0.441578399231999985
0.441620016095999990
0.441574981257000010
0.441312592551000027
0.441427514227999973
0.441334825659999985
0.441466867862999990
0.441574859933999975
0.441321978923999991
0.441529140724000013
0.441556138007999976
0.441614714779999973
0.441618271005999985
0.441405997537999972
0.441785990191999989
0.441887282838999973
0.441719465134000011
0.441573750315999991
0.441472279517000021
0.441681877020000002
0.441733471551999990
0.441536627946999993
0.441459234804000011
0.441528390032999984
0.441533526223000017
0.441289429367999975
0.441476351476999984
0.441549845258999984
0.441653198372000011
0.441807022381000003
0.441949289867999973
0.441895635735000014
0.441764108097000008
0.441767562288999993
0.441768988021000009
0.441641128037000008
0.441793183498999986
0.441783585844000015
0.441712134558000014
0.441757740301999990
0.441797706796000000
0.441721796233000008
0.441638312757999973
0.441695193105999973
0.441517781626000028
0.441516886029000022
0.441499999194000015
0.441365969164999983
0.441536485147999980
0.441584083557000018
0.441482704090000011
0.441398661994999997
0.441712596537999991
0.441631532898999979
0.441589636682000020
0.441685957314000011
0.441682144283999989
0.441587817341999977
0.441617109655999984
0.441668534344999975
0.441699535882000005
0.441800653536999988
0.441791841093000015
0.441680627842000018
0.441673627058999985
0.441637989572000011
0.441437568629999999
0.441520090659999975
0.441557373851000023
0.441483545749999984
0.441427338938999991
0.441551303140999996
0.441455603119000006
0.441436474510999988
0.441551188423999985
0.441807065379999975
0.441740645290999989
0.441612836090000016
0.441547104050000028
0.441850304916000025
0.441838987191000010
0.441661512598999995
0.441534197274999984
0.441357851061999984
0.441514468378000013
0.441799336443999990
0.441725504817999992
0.441537589692999999
0.441432245522999978
0.441558003086000017
0.441434529118999996
0.441440022731000026
0.441425463504000026
0.441546950391999982
0.441713122429000016
0.441787482821999977
0.441662907837000018
0.441657783054999975
0.441720776200999976
0.441724214607000010
0.441708548056999994
0.441790229440999993
0.441496343939999980
0.441465380143999997
0.441437434477000012
0.441333837580999977
0.441310040327999975
0.441483268435999998
0.441452235743999999
0.441718336691000024
0.441872376095000019
0.441869741614000000
0.441878519678000015
0.441755558185999986
0.441560965350000001
0.441684110858000023
0.441731880094999974
0.441801227708000011
0.441702696506000025
0.441581860421000005
0.441541944296000022
0.441410780246000001
0.441565505219999987
0.441539329959000026
0.441518342612000014
0.441519423678999989
0.441342214605000005
0.441611440016999979
0.441480614933999982
0.441457560648999991
0.441473049083000002
0.441551156416000012
0.441713226131000003
0.441662679042999995
0.441431987204000009
0.441287290336999982
0.441234642539999999
0.441505122774000003
0.441606361715999984
0.441753642373000022
0.441861835335000008
0.441520333656999997
0.441575075912999993
0.441760948134999998
0.441643240453000019
0.441740126943000022
0.441778768343000006
0.441656694193999999
0.441769259671000003
0.441877092932000004
0.441725937670000013
0.441602116689000013
0.441606222586000019
0.441677874709999974
0.441590542997999991
0.441649240389999975
0.441685152897000000
0.441681389134999991
0.441684911741999975
0.441709503928000013
0.441544617558000008
0.441743594778999993
0.441689175370000020
0.441657579643999987
0.441627959801000003
0.441759222098000004
0.441581629500999995
0.441643169735999985
0.441435388774999993
0.441415766877999993
0.441498226195999988
0.441551263382000014
0.441664067107999991
0.441391877225000007
0.441691969721000000
0.441610149067000024
0.441631433984999988
0.441488258753999996
0.441519737204000007
0.441481957137999981
0.441538386539000016
0.441656440935000005
0.441567699300000005
0.441435247079000004
0.441475055968999996
0.441605056067999990
0.441897512810999982
0.441871677796999984
0.441806854708000019
0.441659892682000010
0.441746471847999977
0.441654448565000024
0.441504756486999994
0.441534293272000000
0.441714655098999986
0.441692878928000021
0.441735780608000006
0.441514791849999977
0.441444916896999995
0.441633661708999981
0.441657831665999978
0.441649400354999999
0.441444298931000012
0.441530882808999992
0.441390031683999984
0.441706755424999986
0.441608071041000028
0.441607651817000013
0.441688358090999988
0.441684312302999982
0.441536318578999998
0.441882366098000023
0.441932196777999997
0.441726009061999991
0.441606392211999987
0.441578589553000000
0.441631431128000018
0.441711086277000009
0.441477653487000021
0.441544563030999981
0.441531070821000016
0.441501721580000006
0.441536546909000016
0.441704421994999985
0.441588281952999984
0.441519550164000019
0.441545456921999979
0.441489151076000008
0.441546247178000006
0.441721277030000026
0.441369178395000006
0.441497558133000012
0.441625423630999991
0.441569997230999989
0.441559430558000010
0.441518658382999973
0.441424534046999995
0.441536912489999989
0.441435709534999998
0.441448068507000024
0.441357155861999972
0.441345473385999998
0.441264498589000020
0.441500295942000021
0.441579354829999993
0.441404012630999987
0.441589368417000028
0.441602253783999976
0.441431621998999990
0.441391122063999997
0.441326048638000012
0.441482059583999997
0.441451272326999988
0.441599492538999994
0.441692049548999988
0.441665578841999973
0.441792927933999990
0.441589958108000002
0.441741015101000001
0.441695809499000003
0.441760515018999989
0.441795877755999988
0.441733599282000011
0.441499443315999995
0.441574405599000019
0.441655074036999995
0.441740001471000010
0.441604280334000010
0.441468471678999996
0.441591128311999981
0.441600297535000019
0.441648892229000001
0.441601345064000006
0.441572723745000006
0.441799130265000006
0.441558058121000019
0.441514095983999988
0.441675596271000004
0.441373642803000010
0.441454786538000021
0.441490819466999973
0.441543362052999988
0.441673191691000000
0.441781028593000002
0.441660855843000022
0.441774569788000004
0.441617133481999991
0.441673137913000002
0.441580317073999973
0.441450847355999987
0.441439844658999991
0.441521774997999994
0.441555768685000016
0.441502528838999986
0.441459901877999994
0.441550669939999973
0.441372912112000026
0.441604132696999996
0.441483590360999989
0.441609864474000025
0.441719914825000004
0.441668023126999987
0.441745529952999982
0.441454793956000013
0.441593291557000001
0.441764200338000013
0.441634141754999987
0.441766260475000005
0.441827123516999987
0.441801485644000014
0.441990442185999977
0.441635300750000015
0.441528516418000005
0.441638119752999991
0.441504672812999988
0.441455927447999996
0.441304323353000016
0.441374840180000005
0.441439703341000023
0.441503123898000005
0.441746250161999976
0.441640655956999972
0.441642004164999991
0.441558824379999992
0.441412172511000012
0.441530777544999975
0.441549131343999979
0.441345875293999990
0.441531649899999989
0.441490987053999973
0.441530838997000019
0.441583922399000017
0.441670796187000003
0.441696769604999984
0.441745059198999979
0.441595630898000024
0.441671959155000016
0.441503859042999991
0.441397410433000015
0.441464980994999978
0.441418826305000012
0.441289121125999995
0.441243945703999996
0.441513405159000005
0.441469051328999995
0.441535779632000025
0.441694298124000018
0.441651610146000018
0.441718965803000019
0.441802120813000021
0.441674444449999981
0.441426004026000018
0.441561246256000017
0.441318734641000021
0.441603447505000024
0.441639293639000008
0.441647584360999990
0.441706868490000015
0.441560164954000023
0.441407838163999977
0.441554887424000009
0.441538604348000019
0.441565381265000001
0.441460784712000009
0.441555860653000010
0.441734486661000014
0.441699645053000023
0.441669104112999977
0.441777130721999978
0.441720703730999975
0.441752988266000013
0.441664697677999984
0.441808478063999976
0.441790153194999979
0.441844949087000005
0.441747185413999988
0.441582792019000026
0.441483635097999982
0.441900220201999983
0.441811741403000002
0.441647620934000007
0.441660420250999997
0.441801713272999996
0.441826675813999981
0.441660004822999996
0.441680912180999974
0.441636407067000025
0.441523967520000005
0.441812907621000006
0.441742808071000026
0.441739333213000018
0.441782990142999987
0.441792560213000007
0.441681221294999982
0.441657990494999986
0.441407126338000000
0.441635141690999988
0.441667625374000006
0.441612797381000011
0.441672187730999977
0.441515863141999976
0.441295077945999981
0.441346427930000007
0.441246239870999979
0.441185466021999984
0.441503086478999995
0.441564166510000022
0.441777505630999989
0.441551683088000024
0.441504399654999991
0.441647616922999975
0.441676109132999983
0.441781560512999993
0.441925505170000010
0.441706044429000022
0.441461230285999984
0.441674387672999991
0.441551038625000003
0.441674348034999997
0.441759391185999994
0.441874899918999975
0.441881487615999990
0.441894620838999996
0.441784038197999995
0.441778395134000024
0.441598822469999985
0.441483502234000014
0.441551244349000005
0.441602877918999992
0.441618745184999995
0.441639806653000011
0.441530727628999975
0.441639583795000013
0.441618797058999979
0.441496887555999973
0.441504386274000016
0.441540476673000004
0.441523198895000024
0.441615940420999997
0.441692986622000017
0.441646470707000027
0.441671200488999993
0.441585610442999987
0.441575796417000010
0.441736315323000006
0.441744424784000000
0.441465742666000027
0.441498722349999984
0.441404695236999989
0.441479019473000001
0.441415342114000020
0.441441407336000013
0.441654929222999981
0.441607760291000018
0.441467487832999994
0.441656953377999983
0.441681363672999983
0.441551005812999997
0.441673729718999986
0.441725221853999983
0.441508801900000025
0.441714990054000001
0.441636117273000006
0.441571886859000007
0.441466830114999986
0.441518258260000018
0.441510333867000004
0.441578961847000018
0.441557761659999992
0.441627547687000022
0.441691307608000017
0.441756563654000012
0.441675757760000010
0.441569866688000023
0.441467583333000013
0.441375595299000001
0.441510633047999979
0.441567224638000022
0.441493937712000017
0.441552922494000022
0.441313363151999982
0.441306781220999977
0.441450620497999990
0.441754206689999984
0.441627069583000020
0.441536226593000014
0.441472901274000018
0.441655398187999981
0.441776487275000018
0.441698760297999982
0.441698789042999973
0.441716314707000013
0.441780116426999991
0.441482508077999991
0.441433759959000027
0.441670383722999993
0.441530253646999993
0.441522668587999989
0.441630291941999986
0.441519088612999988
0.441404282569999973
0.441383008076999983
0.441424103746999974
0.441532235491999991
0.441556346549000001
0.441605890650999977
0.441612955410999986
0.441674212364999985
0.441610177376000002
0.441734001089999995
0.441548707503000015
0.441839511954000008
0.441829789761000014
0.441641351219999978
0.441823103602999978
0.441788227008000023
0.441838463096000000
0.441563425983000024
0.441560010228999988
0.441641019500999987
0.441616594350999980
0.441451085051999981
0.441335187758999992
0.441514121827000006
0.441441603903000024
0.441375211912999998
0.441500183652000000
0.441598030558000010
0.441701131246000023
0.441761639839999998
0.441648094479999975
0.441530474512999982
0.441500887278000020
0.441598289440999991
0.441299556325000009
0.441614358666000018
0.441577546222000017
0.441484859775999994
0.441649291965000024
0.441449571114999995
0.441383448974000003
0.441451944895999981
0.441231867107999998
0.441272694098000018
0.441355743432999992
0.441540713927000006
0.441402485585000004
0.441572133307000014
0.441633759532000014
0.441536959888000013
0.441435099883999982
0.441473834077000027
0.441413505170999976
0.441539093993999987
0.441422198049999992
0.441394787898999996
0.441396364175999978
0.441487930144000007
0.441523745500000009
0.441559856759999980
0.441412445915000007
0.441607158855000015
0.441631286043000004
0.441711284505000024
0.441768640448000016
0.441645882469999973
0.441678382008000026
0.441574755247999995
0.441638076019000014
0.441411864393999986
0.441493558745999992
0.441543846060000023
0.441368231978999992
0.441445972314000012
0.441618806766999994
0.441649397044000025
0.441610778531999981
0.441592337354999975
0.441406615145999992
0.441644126598999986
0.441596915899000020
0.441462224657000024
0.441278997406999995
0.441421656963999987
0.441457672889000008
0.441411794251000023
0.441515395698000024
0.441601056172999995
0.441501075871000015
0.441535825165000007
0.441646322219000020
0.441502634063999977
0.441617185397999990
0.441721011547999975
0.441673619427000008
0.441865649295999974
0.441857240807000007
0.441639061719000026
0.441677540480000019
0.441716559728999980
0.441571545557000011
0.441562489195000019
0.441435626485999988
0.441298387667000025
0.441622423220999982
0.441335674830000024
0.441467055025999977
0.441541818565000022
0.441437824413999980
0.441480362562000017
0.441462643820000000
0.441474227747000014
0.441597396568999989
0.441523110998000012
0.441452117139000011
0.441481144843999973
0.441571444925999979
0.441530733878000015
0.441519550476000000
0.441674114700999987
0.441735640111000027
0.441709414001999978
0.441471551499000026
0.441588761890000014
0.441534302125999978
0.441809502997999981
0.441891173201000020
0.441594426029000009
0.441574424783000019
0.441553140502999986
0.441484879418000020
0.441554541221000019
0.441506524773999987
0.441475974087999989
0.441577638175000009
0.441572841551999995
0.441648718278999985
0.441566800022999972
0.441645895801999977
0.441487116166999982
0.441586219900000021
0.441759076603000012
0.441667789934999999
0.441661221873999976
0.441492709684999984
0.441580384105999979
0.441537606620000023
0.441641169950000023
0.441411160495999988
0.441380178030999992
0.441486104127000012
0.441611884101999974
0.441461682944999989
0.441664870456000003
0.441750190145999977
0.441567433208999993
0.441391801955999974
0.441596549105999991
0.441582654929000007
0.441535169324999976
0.441404474090999976
0.441337575859999998
0.441473882583999999
0.441530988675000013
0.441700376102000025
0.441786084816000013
0.441740659094000010
0.441828302396999995
0.441672214085999992
0.441693059885000017
0.441540523844999977
0.441604875088000004
0.441790307892000023
0.441694047754999986
0.441554115432999994
0.441629207266000023
0.441586768889000003
0.441434466033000017
0.441535013019999978
0.441544385247999993
0.441727151754999992
0.441830030019999986
0.441461970987000019
0.441658581614999990
0.441571666565000021
0.441571262575000012
0.441552233524000026
0.441643287010999974
0.441514084526999973
0.441691271541999997
0.441691190037000025
0.441568635436999979
0.441615580439000011
0.441649685160000027
0.441615036859999976
0.441732295624000015
0.441686803863999999
0.441696877202999993
0.441815391775000010
0.441840034147999994
0.441848633544999980
0.441583807537999973
0.441449377179999991
0.441351315013000012
0.441482008902999989
0.441622572734000018
0.441600054166000011
0.441780055243999992
0.441805523912999987
0.441805799145000011
0.441878971018000000
0.441699973596999973
0.441617752475000014
0.441623831354000018
0.441668726760999997
0.441700855113999979
0.441613577581999983
0.441626415273999984
0.441541253003999989
0.441741147547999979
0.441820761175000021
0.441642423554999997
0.441787579175000000
0.441755540238000011
0.441816457674999996
0.441747503084999993
0.441693256009000002
0.441594109321999995
0.441657552658999975
0.441638393045000022
0.441676000914999978
0.441611524874999994
0.441771892268000010
0.441830469472999976
0.441572771919999996
0.441471117101999988
0.441571017595999982
0.441732605471999995
0.441666999173000008
0.441392651778000022
0.441733443994999975
0.441631105623999987
0.441669310169000018
0.441679215758999988
0.441397446969000018
0.441591287471000016
0.441854466692000014
0.441611278561999998
0.441695768260999988
0.441569997292000027
0.441589444298999989
0.441689692099999975
0.441584072162999997
0.441823536809999973
0.441777754269000011
0.441870011702000021
0.441726604879000007
0.441694980741999976
0.441485393973999996
0.441347597184999996
0.441506475166000001
0.441632766151999978
0.441477732151000002
0.441363977628999982
0.441650960230000000
0.441669707706000003
0.441719190614999979
0.441724309204000021
0.441559640186000024
0.441397824268999983
0.441602768696000014
0.441662717541000005
0.441597330567999991
0.441793796796000005
0.441671246864999978
0.441683066464999996
0.441650181430999988
0.441564996822999989
0.441776073925000012
0.441758814384999976
0.441674396716000006
0.441759557758000021
0.441519540784999998
0.441603816995999987
0.441621592070000013
0.441641877703000008
0.441456105478000016
0.441457689436999978
0.441582772007000024
0.441624210244999982
0.441555709110000028
0.441570109554999979
0.441503909779999981
0.441776163140999989
0.441705891424000019
0.441689865041999974
0.441800858216000014
0.441761141229000009
0.441719848658000014
0.441708240422999998
0.441534922993000012
0.441418739702999996
0.441643117797999973
0.441938380681999976
0.441619743348000027
0.441485247284999993
0.441492980719999983
0.441458124414000008
0.441459026126999998
0.441311201461999980
0.441316129374999977
0.441460241478000004
0.441608025409000016
0.441528328279000015
0.441505210548000016
0.441541484154999997
0.441615042389999990
0.441429862206000001
0.441538014731999995
0.441863032021000024
0.441835806960999999
0.441789044858000024
0.441696723828999993
0.441731606645999975
0.441454614442000015
0.441604684372999989
0.441686675831999997
0.441524802180999987
0.441553293291000015
0.441628863711999997
0.441472954093000025
0.441442412145999996
0.441624515406000007
0.441594070499999991
0.441775883493999988
0.441672886368999984
0.441656191225999972
0.441667738049999981
0.441581011819000002
0.441566189725999980
0.441612752955000021
0.441456819807000023
0.441546032357000018
0.441531803055000005
0.441570469497999996
0.441562528801999976
0.441707127395000010
0.441497001863000005
0.441673520066000025
0.441617179683000016
0.441772700823000020
0.441505288521999995
0.441608063946999974
0.441572487316999995
0.441543432580000006
0.441794907243000023
0.441483527837999989
0.441368669774000022
0.441274677848000008
0.441262595485999998
0.441387636460000010
0.441481641945999981
0.441483271966000013
0.441793184625000002
0.441702968277000008
0.441489377342999978
0.441565142568000002
0.441479114707999998
0.441469883883999992
0.441407747108999993
0.441482352106999987
0.441751415593000019
