0.433161865325999984
0.433107886717000012
0.433156128781000016
0.433090281026999979
0.433121329175999992
0.433099215298999973
0.433166575857000025
0.433082128628999974
0.433203122788999972
0.433270542739000009
0.433146386325000021
0.433117503655999991
0.433129407705000025
0.433191269671000023
0.433287224485999989
0.433282924567000016
0.433373422331000013
0.433141484553999978
0.433179653662000008
0.433190845501000010
0.433177014039999975
0.433172080233000023
0.433105603434000008
0.433095680772000002
0.433006885871000002
0.433197580786999992
0.433220883677999991
0.433343439391000007
0.433332147893999986
0.433272848900000007
0.433533042465000018
0.433420121228999977
0.433470382233999973
0.433427807911999974
0.433179075798000024
0.433379568671000026
0.433284424642000010
0.433281164577999978
0.433264246600999992
0.433351149463000018
0.433340102522999981
0.433466145063000019
0.433243979487999975
0.433333169818999997
0.433403295550000012
0.433194480762000012
0.433180587620999979
0.433187940484999978
0.433231989746000024
0.433334081827000006
0.433249313296000027
0.433213466431000005
0.433254676017999996
0.433241423394000014
0.433214584653999979
0.433123910007000013
0.432992909119000013
0.433026003611999999
0.433284976471999983
0.433191252545000016
0.433230841006999989
0.433254736753000025
0.433391105679000022
0.433432902233000017
0.433395517795000018
0.433351769807999998
0.433470971880000000
0.433525562639999973
0.433530392736000025
0.433254590704000020
0.433232421513000010
0.433169741976000000
0.433218064239000000
0.433244442366999993
0.433241077666000007
0.433243527773999992
0.433155838251999992
0.433449437160000006
0.433515898499999996
0.433491236034000027
0.433352149623000005
0.433576402347000012
0.433398986875999981
0.433309644777000014
0.433313557128999993
0.432957756354000023
0.432994746988999979
0.433006012335000023
0.433015092538000024
0.433080780280000022
0.433080899239999983
0.433221155555000015
0.433283328969999992
0.433353168700999991
0.433265603273000011
0.433151111939000022
0.433121483714000000
0.433012340574000010
0.433381314595000011
0.433171803427000013
0.433074910049999984
0.433220170477999988
0.432917566716000013
0.433201214238999988
0.433242272363000003
0.433300963533000016
0.433420507906999986
0.433329514251000025
0.433437714984000022
0.433474768138000011
0.433289324668999998
0.433105410864000007
0.433187521083999993
0.433268277398000001
0.433399512752000005
0.433246699700999993
0.433252412618000016
0.433215562700000001
0.433170475865000015
0.433410251879999986
0.433500609827000005
0.433673912296999975
0.433517489676999990
0.433454350062000004
0.433163401738999976
0.433300236644000025
0.433400195320000015
0.433327160455000027
0.433211837072000006
0.433148076423999995
0.433351213525999979
0.433434643816999976
0.433339161538999984
0.433224596663000006
0.433211365803000015
0.432968582416000003
0.433098556577000027
0.433327661630000027
0.433184023114000005
0.433242965659999979
0.433276954898000000
0.433378529003000001
0.433361519498000003
0.433320155855000000
0.433150118086999991
0.433054009874000001
0.433261517458000012
0.432971385551000010
0.433346299782999989
0.433412904598000026
0.433332713882999987
0.433149934555000005
0.433153399446999987
0.433427694877999981
0.433453674105000020
0.433116290738999987
0.433016876104000026
0.433094159265999978
0.433154226782999974
0.433351720576000021
0.433291183533000002
0.433089391925000011
0.433039945041000018
0.433191527500999984
0.433267070520999997
0.433252704310999992
0.433284925097000007
0.433385211037999984
0.433436093314999993
0.433111081492999983
0.433038337494999981
0.433121831673999980
0.433237121823999982
0.433170936622000013
0.433212204052000005
0.433409174808999986
0.433381718573000008
0.433479483034000024
0.433606618579999992
0.433438948684999992
0.433511600291999977
0.433275204030000027
0.433170161175999990
0.433361427718000014
0.433261253595999984
0.433731518558000018
0.433531043045999986
0.433401242203000026
0.433207405785999977
0.433031960378999992
0.433175475593999992
0.433198779701000014
0.433124295082000010
0.433088067026000001
0.433220388763000008
0.433241889659000012
0.433200404268999972
0.433205897976999987
0.433022302854999985
0.433171270113999973
0.433270153486000009
0.433446401184000019
0.433329335274000027
0.433267907653999973
0.433425146285000007
0.433617847797000022
0.433469568606999978
0.433512329029999977
0.433421994997000015
0.433604273172999988
0.433603817180999995
0.433219765340000007
0.433107726754999978
0.433187463089000024
0.433239261132999987
0.433071175355999982
0.433163174679999985
0.433270703962000014
0.433113561224000021
0.433223324766999984
0.433080972125999997
0.433209278011000010
0.433255861013999988
0.433472725270000026
0.433302734462999994
0.433123580866000002
0.433202452824999973
0.433259952356999989
0.433330209369999997
0.433297959728000004
0.433330657745000014
0.433348135394000022
0.433284093413000004
0.433279987709999981
0.433526371261999999
0.433324765047999994
0.433468797675999995
0.433513830606000017
0.433457989001999999
0.433482255059999988
0.433417539219000003
0.433421963389999998
0.433171664562000014
0.433197492637000026
0.433268149518000023
0.433360198904999994
0.433356765403999977
0.433458750951000005
0.433332575227000028
0.433222435188999999
0.433134345643999996
0.433049293424999981
0.433394488405999978
0.433385156047000009
0.433210187558000004
0.433415768651999989
0.433258629692000019
0.433270632450000026
0.433137359840999991
0.433050534431000000
0.433055979932000013
0.433190322317999976
0.433170217296000026
0.433129085670000025
0.433123568971000017
0.433025177468999989
0.433040485116000018
0.433219513981999982
0.433350820397000014
0.433252796102999993
0.432963352335999974
0.433040947115000019
0.433027074143000013
0.432927552002000005
0.433067591721000011
0.433156482077000027
0.433229397833999996
0.433130138878000004
0.433095734246999986
0.433125800210000023
0.433157285780999990
0.433451606917999999
0.433449807390999975
0.433421062931000023
0.433352653257000009
0.433181386185999995
0.433306402207000008
0.433072690686000017
0.433132386277999992
0.433314963355000027
0.433440497608999997
0.433396462772999980
0.433511262775999995
0.433402212815000021
0.433288604633999985
0.433238826668999988
0.433376534832000004
0.433105445611000006
0.433263232374999974
0.433297265947000021
0.433266009406999997
0.433093162182999980
0.433112179413000009
0.433129852651999991
0.433296479836000004
0.433152468244000000
0.433177089319999986
0.433295974553000007
0.433369741837000000
0.433403268823000010
0.433436444723000025
0.433456275097999999
0.433425067554999988
0.433569303936999995
0.433460817948999988
0.433410311441999985
0.433438225545999978
0.433437491790000018
0.433376342282000004
0.433285738505000018
0.433248605499000017
0.433473995456000016
0.433222773055000010
0.433175830516000004
0.433336499900999983
0.433422236836999986
0.433352111938999973
0.433371304108999988
0.433454803654999998
0.433378605033999997
0.433357979993000020
0.433470123794999995
0.433181215966999988
0.433272830885999993
0.433311199734000008
0.433285595349000019
0.433024388079000011
0.432986417660999989
0.433076645666000015
0.433063027975999992
0.433054969028999981
0.433059959155999985
0.433214836060999975
0.433168286512999989
0.433113135490000023
0.433095471690999989
0.433201849583999987
0.433370637266000003
0.433351558809000004
0.433480538683999994
0.433388458947999988
0.433194960404999996
0.433263020629000017
0.433262536181000024
0.433180509963999982
0.433181504296999975
0.433107190443999979
0.433255845937999984
0.433426989932999995
0.433500688788999999
0.433510592678000017
0.433294483544000020
0.433164114516999987
0.433195561594000023
0.433088873300000010
0.433158379169000018
0.433478337366999977
0.433239350962999981
0.433095703371000007
0.433164281458000011
0.433303633562000023
0.433221890961000000
0.433319421717999975
0.433163618191000022
0.433350849416999973
0.433359705152000008
0.433380810308999997
0.433370000854999993
0.433191755309999982
0.433278984104999987
0.433287038013000003
0.433435877168000028
0.433222525842999973
0.433328791582999973
0.433447678047000018
0.433444680003000016
0.433420363674999976
0.433435362277000025
0.433636499732000025
0.433694431541000014
0.433524822817999977
0.433490893356999973
0.433448244704000007
0.433306451693000028
0.433154632126000028
0.433001353638000019
0.433097297047999985
0.433124630023999979
0.433157101551999990
0.433492096983000008
0.433093608961000021
0.433255555108999990
0.433519174517000005
0.433175603000999998
0.433186986167000021
0.433153854574000019
0.433061826844999997
0.433071998658999979
0.433249251240000022
0.433331820066999995
0.433208336608999989
0.433132756777000028
0.433158834526000014
0.433192869879999998
0.433162741730000023
0.433333328721999977
0.433560537778000021
0.433432965399999981
0.433105973799999988
0.433199454772000003
0.433137513146999997
0.433115220715000027
0.433309289423999988
0.433303097533000003
0.433161023260000000
0.433323206863999999
0.433516720636999975
0.433210459054999997
0.433228652431000005
0.433293887958000001
0.433276854825000002
0.433350742896000007
0.433404339413999973
0.433356817865999999
0.433319424519999996
0.433239740747000002
0.433230243643000001
0.433046154108000014
0.433132067786999975
0.433212400283999988
0.433197460859000016
0.433038716830999981
0.433049047259999986
0.433135551286999987
0.433142862259000005
0.433364777543999991
0.433273236682000018
0.433295380974000000
0.433188569834999981
0.433077011469999995
0.433279768190000025
0.433223366780000008
0.433320835909999980
0.433431667568999979
0.433291440272999984
0.433371843598000017
0.433440040196000020
0.433391660655000011
0.433410838977999979
0.433419759635999990
0.433187984816000016
0.433239857582999988
0.433374008653000020
0.433108360144999982
0.433142460816999975
0.433272629500000006
0.433320576417000003
0.433200956618999988
0.433082561493999985
0.433138625175000014
0.433276444942000016
0.433248008151000008
0.433568485720999985
0.433526537242999999
0.433459638029000005
0.433492291470000013
0.433356823767999999
0.433470057856999991
0.433403304383999988
0.433400565007000027
0.433249275890000007
0.433317685986000012
0.433310250341000014
0.433363191736000020
0.433418377410999978
0.433286266651999985
0.433412802175999978
0.433257785351999991
0.433503273901999997
0.433443095308999993
0.433307559519999996
0.433217809075000015
0.433243915011999992
0.433331792273000005
0.433341853908000008
0.433160927969999998
0.433290992802999986
0.433305189403000002
0.433268003544000024
0.433207420268999999
0.433326404695000000
0.433388904038000011
0.433356851514999974
0.433404139705000024
0.433324019065999988
0.433322542387000020
0.433471513505999995
0.433376612700999975
0.433491966105999993
0.433206591207000002
0.433395199810000020
0.433117061728000019
0.433386699922000018
0.433347015941000002
0.433165214588000003
0.433265572767000007
0.433176944906000005
0.433155378031999994
0.433277351769000008
0.433327734756000005
0.433488121411000016
0.433375858680000003
0.433524536645000014
0.433323699918000016
0.432823567334000014
0.432976765694000010
0.433056002649000016
0.433234133537999999
0.433203416750000014
0.433282179285000013
0.433147760797000014
0.433154315577999993
0.433117716802000008
0.433117198235999978
0.433298291938999991
0.433320784474999998
0.433214401412999994
0.433371652880999991
0.433492820486000019
0.433515787671000019
0.433549884217000026
0.433302946585999993
0.433315324532000001
0.433246346509000013
0.433451663411999977
0.433234779680999993
0.433227504037999978
0.433212714356000006
0.433205937215000003
0.433343788785999995
0.433186490584999973
0.433210117615999979
0.433200957910000017
0.433261429392000019
0.433285251277000016
0.433152401911999996
0.433367082239000001
0.433181558625999996
0.433229479023999997
0.433257489263999984
0.433326203660000020
0.433223805381000027
0.433165888092999996
0.433197667048000001
0.433321627268999976
0.433349217098000006
0.433406362646999999
0.433606635999999990
0.433377040012000003
0.433444026726000020
0.433463806677000019
0.433362042396999991
0.433385604678000025
0.433242944221999993
0.433215274227000013
0.433292084159000002
0.433114726108999981
0.433038263016000013
0.433161056052999982
0.433070466561000011
0.433152600489999984
0.433070488516999974
0.433036103806999972
0.433078210808999997
0.433246285527999986
0.433142903329000017
0.433175233260000014
0.433269396325999978
0.433138697658999983
0.433127037960999994
0.433507073939000009
0.433404910952000011
0.433021086198000005
0.433094847743000000
0.433170842727999994
0.433172992636000009
0.433113203881999975
0.433225251566999980
0.433124523308999976
0.433288346682999981
0.433282892924999996
0.433275278498000016
0.433303491769999993
0.433312664186999985
0.433038424540000022
0.433267224103999982
0.433341836606000008
0.433431190316000026
0.433274103537999999
0.433182207072000003
0.432921583363999996
0.432934588933999998
0.433148039839000021
0.433230269133999979
0.433309354535000024
0.433318807954000018
0.433345068554999990
0.433320907390000010
0.433557382785999978
0.433380046301000021
0.433350117440000016
0.433270571862000020
0.433254006739999975
0.433224955914000009
0.433294954329999982
0.433348144619999986
0.433416460000999981
0.433307213088999998
0.433355428940999987
0.433130095366000001
0.433248661483999986
0.433187487601000010
0.433032666914999975
0.433173529015999981
0.433109630088999997
0.433137353516000023
0.433041801713999974
0.432806119378999987
0.432952405518999994
0.432959046143000015
0.433137242372999998
0.433191865720000013
0.433242970840000019
0.433371563000000015
0.433102141722000011
0.433093813047000009
0.433178213109999988
0.433217727197000024
0.433253141396000019
0.433213958708999980
0.433262248123000016
0.433404028449000001
0.433279152288000013
0.433270316285000012
0.433246687086000004
0.433367857605000018
0.433276347612999990
0.433218776573999986
0.433388747889999981
0.433227062853000000
0.433234241444000023
0.433214155740999973
0.433254463965000003
0.433176710545000010
0.433173850633000013
0.433087226110999979
0.433082767023000026
0.433076329859999998
0.433179886941999992
0.433045976567000002
0.433121719286999995
0.433047353292000003
0.433136509359999977
0.433340309312999994
0.433296357410999977
0.433475782792999975
0.433392932557000010
0.433283479791000015
0.433286348792000009
0.433367159464000007
0.433314245551999988
0.433260605352999983
0.433382283571000004
0.433403477598999998
0.433382059787000007
0.433320410626000019
0.433208775940000013
0.433152538470999993
0.433011634528999989
0.433171104221000025
0.433187267662999975
0.433217321767000008
0.433265953337000020
0.433293970139999984
0.433219020944999977
0.433343274482999974
0.433335015425000025
0.433251660809000017
0.433483751307999987
0.433400277700999981
0.433349808208000009
0.433312330317999983
0.433190682780000003
0.433156556219999989
0.433184962660000006
0.433259058839000011
0.433357894394999998
0.433333281788999991
0.433324288323000018
0.433239876613000008
0.433303684098000019
0.433425492179000005
0.433309393406999976
0.433330023771999973
0.433213670670999973
0.433026660088999982
0.432939283216000004
0.432974449150999974
0.432856933782999997
0.433053600413000006
0.433115376785999984
0.432995712884999995
0.433078307659999995
0.433390964217999997
0.433437222392999977
0.433256217795999987
0.433395432761999988
0.433192255525999992
0.433482550640999997
0.433370738407000022
0.433222829229999995
0.433320219243000015
0.433114791303999991
0.433202594255000017
0.433296991590000014
0.433291468992999973
0.433254230367999982
0.433150216932000010
0.433246807118000010
0.433440411033000017
0.433516201702000004
0.433421623736999995
0.433490958034000007
0.433502421985999975
0.433387216088999994
0.433412455661000007
0.433478847055000005
0.433335782030000005
0.433220442147000007
0.433064910837999972
0.433011580166999976
0.433003408400999990
0.432974943702999993
0.433162995556999997
0.433298856688999978
0.433390862594000004
0.433424594873999980
0.433418267131999990
0.433298078789999985
0.433360568670999979
0.433421039785999995
0.433270595323999974
0.433391639268999984
0.433129851047000025
0.433139398479000015
0.433280630248000009
0.433195848461000010
0.433290538178999984
0.433270781178999975
0.433505881220000000
0.433591187371999975
0.433383658160999996
0.433514621074000017
0.433549349593000011
0.433214003271999992
0.433229455516999984
0.433375251660999994
0.433297582640000012
0.433061867988000004
0.433282543688999988
0.433296461701000002
0.433327001443999993
0.433262933038000009
0.433502841003999995
0.433264465857000014
0.433343571902999991
0.433273269961999996
0.433273315290000016
0.433426646694999973
0.433424213527999980
0.433233163885999972
0.433334557002999998
0.433568318512999984
0.433381430013999980
0.433569084577999975
0.433482130365999974
0.433503432126999988
0.433389280654000009
0.433289265972999993
0.433398376699999976
0.433180078159999982
0.433180431553999989
0.433104551005999983
0.433063380724000024
0.433100950895000003
0.433003880564999999
0.433186525774999998
0.433293295595999994
0.433223498400000018
0.433472224924999983
0.433451099840999998
0.433435053105000023
0.433244004879000000
0.433142646334000014
0.432971049451000012
0.433102787669999989
0.433400922026999980
0.433304129039999986
0.433386292474999990
0.433309529385000003
0.433317218959999972
0.433487709492999973
0.433340251476000027
0.433364876801999976
0.433357737942999977
0.433300453129999985
0.433381619290999998
0.433397973258999980
0.433381971955999978
0.433417684616999976
0.433451951742000019
0.433239167917000012
0.433398327309999998
0.433371190580000010
0.433237870465000008
0.433393125094000020
0.433416984120000015
0.433412521667000006
0.433377450649000018
0.433145669093000008
0.433196902408000017
0.433330385255000006
0.433205795713999975
0.433288087062000005
0.433373144235999985
0.433262163265999978
0.433178723988000003
0.433262152414999990
0.433245007650999991
0.433409804567999990
0.433275779738000022
0.433446678073000025
0.433428892637999996
0.433218888826999993
0.433195508446000022
0.433512493993999992
0.433498528975999997
0.433414678875000015
0.433427525987999995
0.433575530847999990
0.433407950367000028
0.433318736337000021
0.433312120350999974
0.433349666658000010
0.433162572591999973
0.433260386132999997
0.433349429130999997
0.433028212563999981
0.433269445405000009
0.433228753417999990
0.433194678306000003
0.433219184598000018
0.433234773816999985
0.433286321131000018
0.433276301977000011
0.433289663363000010
0.433265591238000014
0.433182522825000027
0.433092417479000014
0.433251966237999997
0.433288813557999974
0.433269773613000009
0.433514328032999996
0.433367957756000011
0.433318029601000021
0.433553045337999987
0.433520839195000007
0.433194286747999979
0.433171247525000025
0.433145490655999998
0.433210801588000016
0.433203666062000003
0.433206195819999973
0.433262104857999986
0.433325373705000016
0.433287681362000021
0.433267427578999997
0.433256869155999980
0.433210710333000015
0.433364053405999983
0.433364514982000015
0.433046563170000010
0.433169543719999994
0.433307122466999983
0.433220777602000007
0.433507374780999988
0.433299173412000027
0.433382886264000011
0.433377878661000027
0.433522074784000011
0.433502369413999999
0.433511707575000016
0.433202377558000007
0.433319973959999993
0.433305714447000001
0.433264623708999985
0.433045206716999975
0.432969374362999981
0.433100982337999985
0.433209752981000007
0.433145129918000027
0.433277118193999999
0.433243096566000019
0.433266103690000015
0.433373522090000018
0.433042841851999982
0.433126167276999985
0.433112344453000009
0.433083771785999994
0.433217535603000026
0.433288920688000012
0.433330960712000002
0.433245768478000004
0.433297334623999997
0.433387180835999974
0.433446645297999977
0.433373188806999987
0.433459210358999980
0.433360701058999986
0.433204745055000007
0.433325510362000010
0.433320834114999998
0.433347321048999978
0.433395976322999976
0.433500282030999995
0.433470605590000002
0.433269908074000010
0.433177063548000008
0.433217989977000006
0.433173409005000010
0.433232943468000009
0.433147829824999997
0.433374824988999985
0.433436759594000021
0.433173415093000003
0.433135636958000003
0.433039760353999992
0.433158285703000023
0.433316682728000002
0.433403420239000026
0.433080968489000018
0.433142385718999989
0.433204617768000011
0.433144589553999981
0.433334453170000022
0.433106645331999995
0.433067724071000026
0.433392169057999987
0.433128891183999998
0.433263858913000011
0.433395107308000016
0.433297358164000002
0.433322201590999989
0.433173848094000002
0.433323425069999990
0.433296778496000012
0.433363278806999985
0.433238632432999982
0.433375188764999975
0.433307827691000014
0.433209493283000013
0.433200556394000014
0.433156205349000012
0.433269730304999989
0.433134388122000002
0.433357033722999996
0.433422975061000026
0.433160069182000007
0.433228944587000009
0.433123738382000023
0.433142402859000020
0.433081575749000025
0.433084427396000005
0.433179983034000016
0.433113433499999978
0.433210013328999999
0.433261189857999995
0.433242228815999997
0.433181621116000004
0.433096302455000026
0.433188080235999973
0.433315948843000009
0.433222251261000002
0.433186340188999985
0.433298418008000008
0.433395521534999995
0.433346835957999998
0.433253763489000021
0.433202927848999997
0.433171236439999996
0.433015887772000008
0.433136339305999984
0.433193769723000000
0.433105716748000025
0.433071947522999989
0.433313616835000026
0.433260675167000009
0.433272641881000009
0.433232703860999990
0.433129877908999983
0.433216564964999995
0.433125171711000012
0.433181866423999973
0.433199150839000013
0.432927344074999998
0.433071695395999989
0.433388421028000015
0.433468788961999973
0.433500017382999980
0.433452836449000012
0.433330805503999994
0.433241265490000027
0.433206273714999979
0.433130896027999979
0.433151155520999975
0.433186173298000021
0.433298182064000004
0.433398775858000018
0.433186054470000026
0.433242507035999980
0.433360935815000015
0.433319251999000010
0.433386226583000023
0.433436834368999990
0.433379808013000023
0.433287864902999975
0.433216378532000013
0.433188541774000013
0.433099043018000007
0.433273092467999998
0.433490116144000015
0.433291700358000020
0.433467732203999978
0.433300982657000011
0.433152152299999982
0.433161571352999986
0.433178736386000018
0.433190096603999986
0.433178133380999975
0.433092033293999978
0.433181796690000009
0.433483809627999983
0.433359935774000005
0.433174882947999995
0.433262455034999994
0.433231209516000026
0.433216297616000001
0.433117199605000003
0.433305324278000004
0.433330063887000017
0.433255966998000008
0.433374364201999984
0.433367907729000024
0.433323248519000004
0.433198502895999982
0.433202852653999992
0.433131544433999982
0.433151043306999994
0.433157462205000010
0.433385609208999989
0.433378200619999987
0.433456131136999989
0.433361459293000018
0.433156915478000004
0.433283862964999988
0.433331092814000007
0.433256594897000025
0.433168340739999991
0.433062772583000022
0.433164905134000022
0.433195690334000016
0.433317414635000009
0.433415477250999992
0.433380354718000016
0.433319367861999982
0.433279486563000027
0.433217570009999997
0.433184605677999990
0.433168894856999998
0.433343742561000000
0.433321715920000017
0.433366791280999974
0.433220304552999980
0.433192829208000008
0.433196290501999981
0.433083509914000020
0.433228461286999988
0.433199140215999978
0.433149131402999987
0.433167681761999990
0.433380872967000008
0.433309156867000000
0.433443830098000027
0.433389633850999989
0.433282692879999987
0.433217691492000012
0.433040293653999986
0.433018217676999995
0.433096983282000025
0.433262739474000014
0.433508982676000021
0.433346369958000022
0.433212807699999980
0.433249211555999991
0.433103627744000019
0.433147306675000010
0.433061515293000021
0.432963435013999975
0.433192499537999987
0.433313984077999981
0.433193135830999998
0.433083367704000022
0.433305558285999981
0.433241993493000022
0.433213790059999992
0.433273492265999982
0.433223114429000022
0.433230068886000019
0.433351696003999975
0.433227172022000007
0.433389845772000015
0.433289767325999997
0.433226366452000022
0.433230923167000015
0.433119107938000014
0.433190547205999976
0.433211550333999995
0.433378758631000005
0.433235397136999989
0.433101197498000023
0.433219494992999998
0.433188282591999985
0.433398315919000021
0.433419419969000019
0.433552497769000011
0.433105552720999987
0.433196203856999973
0.433304012492999990
0.433068803893000009
0.433062117631999977
0.433299261611000019
0.433319874281999973
0.433397517115000019
0.433128985658999988
0.433235180408999998
0.433321668120999981
0.433465026207000004
0.433470970552999990
0.433468938937999981
0.433270580083000012
0.433240370222999993
0.433270069038000027
0.433247660408000002
0.433240395539999990
0.433156003998000028
0.433254149558000012
0.433424598005999973
0.433039588653999996
0.433284052259999997
0.433340381807999997
0.433208575438999988
0.433528426763999997
0.433314436089999977
0.433175905443999976
0.433180126080000005
0.433220022704999985
0.433250973483000013
0.433237206285000009
0.433268512599999989
0.433332983497999980
0.433272844782000011
0.433465218809999997
0.433359744157000015
0.433404937794000022
0.433195087975999982
0.433355843474000024
0.433302356145999990
0.433415932870999998
0.433490256286999998
0.433304217089000021
0.433187718893000007
0.433249648614999983
0.433250010138000019
0.433323248152000018
0.433059751842999996
0.433384767401000015
0.433315920098000018
0.433286871715000022
0.433221542221000011
0.432973387940000010
0.433238847297000018
0.433281663260999983
0.433316683787000001
0.433113668866000001
0.433150864352999987
0.433200184637999974
0.433233158737000024
0.433134746035999996
0.433385325094000018
0.433288184721000003
0.433216263967000026
0.433290399504999979
0.433273066516999983
0.433185540777999978
0.433297613889000011
0.433208875119000025
0.433277153334999998
0.433344356543999998
0.433375860140999991
0.433297525923000026
0.433037524336999990
0.433330586942999973
0.433257502156000007
0.433187932803999975
0.433279503964000001
0.433221463410999985
0.433061586870000015
0.432924998326000010
0.433388613992999994
0.433182359637000025
0.433068206540999978
0.433138289820000022
0.433121174890000016
0.433321568744999996
0.433367593968999987
0.433258367087999974
0.433287546691999981
0.433371800207000002
0.433356842676999976
0.433395591859000007
0.433296952020999993
0.433393571774000008
0.433478450402999982
0.433293346909999988
0.433181889358000005
0.433323094655000018
0.433470003912000024
0.433545076791999995
0.433591066758999999
0.433481812051000004
0.433272911496999980
0.433264455729999998
0.433178082909000006
0.433027579007000007
0.433144598867999997
0.433062021264999986
0.433190561041000011
0.433234530896000003
0.433289745755999989
0.433259976802999991
0.433193077415999994
0.433051283269999976
0.433228305390999990
0.433348256987000024
0.433431262446999976
0.433186989861999994
0.433369407571000009
0.433117547396999980
0.433347199539000028
0.433318621374000013
0.433251471858000003
0.433416079959000000
0.433262921264999989
0.433467956521999986
0.433372857828000002
0.433555566316999985
0.433437603552000006
0.433246225027999976
0.433336719960999983
0.433407785802000012
0.433194657666000016
0.433215044223000001
0.433296520181000011
0.433404486920999976
0.433184436871000000
0.433093569173000015
0.433270160507999991
0.433203113563000008
0.433309306855999998
0.433261890101000025
0.433281842355999980
0.433440751121999979
0.433250949770000005
0.433197959028999990
0.433322158387000000
0.433216289172999980
0.433347320159000016
0.433444786018000017
0.433443129776000025
0.433349694329999979
0.433219823379000002
0.433098889084000016
0.433207139954999987
0.433176382447999997
0.432995445491999975
0.433044228804999987
0.433197472350000001
0.433274820103000002
0.433158728082000011
0.433279304448999980
0.433213419019000012
0.433302729376999984
0.433370700911999973
0.433095587870999998
0.433127684078999986
0.433137773971000006
0.433260736727999973
0.433040850583999992
0.433079422255999991
0.433351445260000023
0.433241768350999978
0.433233602358000014
0.433216289864000015
0.433353058921000012
0.433144924102999984
0.433172075177999993
0.433087429826999992
0.433236099230999983
0.433201127006999975
0.433142455796000025
0.433166349324000000
0.433155261023000004
0.433314926606999995
0.433371641066999991
0.433634902142999989
0.433479744848000004
0.433153398573000004
0.433373421634999978
0.433344324479999987
0.433370896888000012
0.433366451491000004
0.433418022909999978
0.433513286606000026
0.433672827593000021
0.433511712719999998
0.433289771852999994
0.433297809656999988
0.433280257727999996
0.433371545347000009
0.433308407915000027
0.433216653522000006
0.433246799758999990
0.433405701074999983
0.433322508431000009
0.433238748378000027
0.433195829889000017
0.433151871678999989
0.433285497454000024
0.433350437890999973
0.433406306869000002
0.433437441282999991
0.433256916860000008
0.433317231623000010
0.433184858258000016
0.433198078451000002
0.433179345242000025
0.433211055906000009
0.433149647515000014
0.433112904763000017
0.433251192866000001
0.433257267780999988
0.433168183917999994
0.433197825051999996
0.433229974013000008
0.433395166640999974
0.433113529971999978
0.432946354350999985
0.433079386091999974
0.433239131120000009
0.433259151698000000
0.433225831639000025
0.433372656936000022
0.433512782042000000
0.433359759683000001
0.433334422019999999
0.433311057687999990
0.433208981616000022
0.433019052810000027
0.433175419088000002
0.433294997425999973
0.433425221789000004
0.433449085030999992
0.433482106152000002
0.433355072858000012
0.433262850603000016
0.433341012385999980
0.433125340678999993
0.433265014354999978
0.433359794276999999
0.433336150648999996
0.433543181966000002
0.433369589323999993
0.433399551561000018
0.433402802472000026
0.433332819299000027
0.433175064911999974
0.433262505844000001
0.433556880102999975
0.433409251366999981
0.433067283106000012
0.433149783361000018
0.433191447439999988
0.433033691963999989
0.433240082172999974
0.433454800463999979
0.433544820123999974
0.433455581867999984
0.433271163065000020
0.433278752772999987
0.433274353757000019
0.433245327106000000
0.433339394878999973
0.433203084121999982
0.433264940182999991
0.433104378846999982
0.433386902796999984
0.433480641775000008
0.433229312478000006
0.433277835182000026
0.433306436030000020
0.433233508849000026
0.433065697854999987
0.433082678223000006
0.433166079476999977
0.433165402432000024
0.433205107442000026
0.433308859558000026
0.433300926217999982
0.433398492981000028
0.433242689492000010
0.433273658843000009
0.433348919820000011
0.433200637589000015
0.433165911336000020
0.433333089253999992
0.432971663426999998
0.432938567373000016
0.433024754035999992
0.433158764852999978
0.433348299958999983
0.433268348192999975
0.433314308983999974
0.433355783180000009
0.433264088395000024
0.433657897362999978
0.433651290008000012
0.433490191357000010
0.433137303593999989
0.433158034156999994
0.433158587578000021
0.433337905050000027
0.433170643068999994
0.433205560024999992
0.433315062096000014
0.433303249991000006
0.433322707440999988
0.433180625889000026
0.433319340579999990
0.433360321952000027
0.433454508033999986
0.433328451905000023
0.433160850375000017
0.433195739038999994
0.433404414377000002
0.433334416619999996
0.433300741574999981
0.433069863353000017
0.433328422360000021
0.433376415256000014
0.433407865951000004
0.433366392812999990
0.433286153467000001
0.433465665238999986
0.433399387977000006
0.433451645762999993
0.433350830462999992
0.433115231440000026
0.433119339049000018
0.433252665884000021
0.433341636073000025
0.433362259502000025
0.433245583501999987
0.433179410579999979
0.433194623983000016
0.433049277010000011
0.433020571369000018
0.433169268014999997
0.433180048451999977
0.433289285736999985
0.433267080595000020
0.433299255135000005
0.433373240662000003
0.433402558649000014
0.433474566683999973
0.433436673178999976
0.433293191193000027
0.433513620837999991
0.433570678473000015
0.433429984740999974
0.433409318810999977
0.433284409222000011
0.433210741173000013
0.433146599151000011
0.433084231564000000
0.433211172653999999
0.433422735712000018
0.433565810720999978
0.433407681313000004
0.433360185244999974
0.433452224328000013
0.433277727421999992
0.433263373537000007
0.433181520360000016
0.433072055221999985
0.433006126561000015
0.432964376867999989
0.433004957467000018
0.432996757926999987
0.433250860284999983
0.432970128698999979
0.433077610660999979
0.433150052981000011
0.433229654665999997
0.433053151942000003
0.433185694178999992
0.433302879947000008
0.433394483694000021
0.433362218116000009
0.433327268636000018
0.433370981418999990
0.433499390649999983
0.433487469949000004
0.433321952437000002
0.433240952938000023
0.433165579357999986
0.433148525145999996
0.433365150999000026
0.433262221757999999
0.433193293086999998
0.433332659727000025
0.433299253960999997
0.433248235995999986
0.433273006989000009
0.433460522582999996
0.433275143535000018
0.433332353271000004
0.433240611441999990
0.433290763769999976
0.433108393939000025
0.433102841971000019
0.433488460394000019
0.433377653866000023
0.433253556586000010
0.433521469554999983
0.433532160961999979
0.433393612543999995
0.433282916761999981
0.433216044987000004
0.433376057930000003
0.433091074375999974
0.433177516814000019
0.433295354089999973
0.433112825260000001
0.433152518983999979
0.433315594354000022
0.433402786466000001
0.433281368815999990
0.433456909685000003
0.433373868278999985
0.433162940401000007
0.433220016012999976
0.433185194750999980
0.433285375392000016
0.433231284070000000
0.433229493701999979
0.433395694807000020
0.433340756391999982
0.433115541915000013
0.433317386134000004
0.433428129833999976
0.433164121768000010
0.433409305756999985
0.433338932693999979
0.433278810193000019
0.433136856003999982
0.433348341129000003
0.433283826618000023
0.433345063207000003
0.433275587884000002
0.433496290881000002
0.433330631156000012
0.433257180071000003
0.433249790462000017
0.433216555760000011
0.433149804162999974
0.433110288943000021
0.433280087423000004
0.433399991069999990
0.433213814994000024
0.433278706392000001
0.433010643038999998
0.433089142819999995
0.433190218505000002
0.433169590205999988
0.433245138440000011
0.433025182567000011
0.433107999493999973
0.433200050090000011
0.433317818869999982
0.433225108789000002
0.433364124296999997
0.433341098899000021
0.433345649552999979
0.433171325075000002
0.433264503989000016
0.433108270540999984
0.433290287582000000
0.433363184856000005
0.433292942971999995
0.433265945810999975
0.433196864404999993
0.433093790337999995
0.433148695463999978
0.433157496254999996
0.433182083009999996
0.433107939720000001
0.432933915338999997
0.433068959960999977
0.433143725922000011
0.433234459409999995
0.433197278191999990
0.433258541527999974
0.433279260348000017
0.433308690857000023
0.433381951097000007
0.433244413955999996
0.433341255576000006
0.433158474432000007
0.433268940863999974
0.433450752107000015
0.433452674280999983
0.433358819900000025
0.433275922157000004
0.433024330971000015
0.433139683624000016
0.433168634993000012
0.433468668637999988
0.433377902920999980
0.433280343938000023
0.433174844531000025
0.433113404247000011
0.433215610553999986
0.433289300185999982
0.433166320438000019
0.433205523122000002
0.433171492466999986
0.433276222450000026
0.433169652495000002
0.433285413727000024
0.433467027981000008
0.433470633283000006
0.433320563027000005
0.433287669731000025
0.433403110922000012
0.433259309365999989
0.433084839444999981
0.433056441512000012
0.433283684489999987
0.433252855222000022
0.433262386612999983
0.433467262789999974
0.433357740802000013
0.433293805942999988
0.433057212106999989
0.433078953810999978
0.433114180866000009
0.433072174862000003
0.433107721484000008
0.433124003240999977
0.433199649636999973
0.433198563430999994
0.433119435055000002
0.433283413900000025
0.433431911619999999
0.433491992353999989
0.433219082478000006
0.433040514102999985
0.433223579076000009
0.433287885127999983
0.433094025694999996
0.433056910274999984
0.433169180795999975
0.433235353784999999
0.433147563617000020
0.433347059515000022
0.433478165267999982
0.433250500867000010
0.433304917334999984
0.433278667758999980
0.433310421556000025
0.433453229276999974
0.433173826681000018
0.433235543730000006
0.433298847466999981
0.433341985712999977
0.433242801417999979
0.433313255823000010
0.433433767613999987
0.433663657889999998
0.433326957482000008
0.433038603545000012
0.433209509443999996
0.433208720119000024
0.433330980912999986
0.433267995359000013
0.433198626995000002
0.433202297158000016
0.433201209531999976
0.433096208920000003
0.432948897451999992
0.433161432113000011
0.433170791662999988
0.433089715661000019
0.433304418232999977
0.433332178015999991
0.433138901477000016
0.433155838558999973
0.433310371856999998
0.433300984306999981
0.433360801294999987
0.433383306317999983
0.433531141678999976
0.433497396435000015
0.433540524932999993
0.433416863904000027
0.433284045258000017
0.433298286543999989
0.433349284632000009
0.433264267161000027
0.433233465948999974
0.433185450887000001
0.433428654490999987
0.433672714208999999
0.433444991574999994
0.433137469875000014
0.433261432577999983
0.433360427872000020
0.433507154499999992
0.433405103891000010
0.433232163238000012
0.433403611342000006
0.433208029182999999
0.433264841437000003
0.433256226821999990
0.433326558297999986
0.433469517379000024
0.433267617335999999
0.433403384469999986
0.433349049438999989
0.433284257928000016
0.433369650142000018
0.433375162885999976
0.433409801860999977
0.433212581134999997
0.433300395993999998
0.433205352220999984
0.433138390220000002
0.433129380638999972
0.433342319217999983
0.433117321022000012
0.433235723638000003
0.433249098150000012
0.433415499307999996
0.433171340251999992
0.433177594765999985
0.433428292516000013
0.433236337693000018
0.433351646754000008
0.433402048001999995
0.433177957639000022
0.433283050095999989
0.433396791062000020
0.433290812505000011
0.433194346800000019
0.433312949002000014
0.433275737270000016
0.433064189084999995
0.433212091011999978
0.433252512751000018
0.433290528938999997
0.433335303128999982
0.433561171186000016
0.433420476785999986
0.433340170116000012
0.433452774134000018
0.433394746177000023
0.433509766613000003
0.433514752644000023
0.433429559683000010
0.433395739800000013
0.433411510285000023
0.433354346856999972
0.433511871208999977
0.433441496646999991
0.433399628900999978
0.433236028371999982
0.433386799378000009
0.433386928366000013
0.433419663135000022
0.433389165419000022
0.433333097112999999
0.433438551838999986
0.433271651940999980
0.433138078819999994
0.433196283673000004
0.433100047489999973
0.433188247497000023
0.433184326233999994
0.433333150509000009
0.433335424847999973
0.433289424423999980
0.433378455185999989
0.433070332000000002
0.433074367741999977
0.433213849387000027
0.433380747823999990
0.433314840438000004
0.433223483902999973
0.433217665435999988
0.433472376225000011
0.433330185305000004
0.433229146582999991
0.433255508866999983
0.433243818971999983
0.433187405932000003
0.433305358282000008
0.433201911857999999
0.433188359605000017
0.433280071814000023
0.433458536507000003
0.433407521884999980
0.433546751379999984
0.433467138267000007
0.433259722843999995
0.433401823038000011
0.433217271823999994
0.433307464781000018
0.433468555696999991
0.433260544616999976
0.433395354841000002
0.433298945574000005
0.433259975826999988
0.433081623909999991
0.433128850281000011
0.433232147708000004
0.433176166733000023
0.433057180485000026
0.433138200149000008
0.433228436632000002
0.433351599284000022
0.433104103422000009
0.433076604711000013
0.433043513295999993
0.432972592443000015
0.433160410917000027
0.433089140741000023
0.433209412986000020
0.433306335092000006
0.433323484277999993
0.433508617613000025
0.433347009617999990
0.433349155724999990
0.433048878397999992
0.433079629866999993
0.433242179012999995
0.433267765585999998
0.433280743470000007
0.433357034601000002
0.433271130989999975
0.433278834951000003
0.433196989245999975
0.433306480346000000
0.433321255415999973
0.433260336992000006
0.433201856830000009
0.433037484749999979
0.433103192146999993
0.433111838571999974
0.433248184603000019
0.433300290611999983
0.433139061611000020
0.432931960683999972
0.433155484210999975
0.433133719493999980
0.433331476730999976
0.433064251351999996
0.433088187731999974
0.433206164238999991
0.433194738018000014
0.433476628277999987
0.433460982576000020
0.433393676007999995
0.433305362621000001
0.433306172335999995
0.433183292213000004
0.433197896686000006
0.433190538914999979
0.433261109694000002
0.433239938376000000
0.433242596455000017
0.433275782778999974
0.433074105746000027
0.433035573846999977
0.433191260397999989
0.433457968254000015
0.433389931702000020
0.433465982413999973
0.433132498194000015
0.433362023761000026
0.433314348163999996
0.433245918494000015
0.433348367808000012
0.433313393637999977
0.433296131645000027
0.433285491552000024
0.433246026050000010
0.433181277648999996
0.433102873860000015
0.433190698009000008
0.433268523758000013
0.433272512639999996
0.433171085042000026
0.433315238990000018
0.433136491630999987
0.433118175619999990
0.433153620635000014
0.433157459259999988
0.433431455774999974
0.433358640304999987
0.433155811486999998
0.433127183580000019
0.433345126956000026
0.433385526972000001
0.433339848766000013
0.433206482456999997
0.433168694573000002
0.433260416480000021
0.433267080600999999
0.433332063300999992
0.433215577791999984
0.433171045264000021
0.433410417867000020
0.433369252378999981
0.433287542743000020
0.433244793008000006
0.433150570838999993
0.433217381271999991
0.433172600088000015
0.433371661216999993
0.433287299748000010
0.433200586491000017
0.433082383602999998
0.432919080921000010
0.433100028886999999
0.433358171713999984
0.433463717643999991
0.433613044226999977
0.433539153600000005
0.433444271681000026
0.433371287955999995
0.433289967469999981
0.433456002908999993
0.433279349097999977
0.433145490972000002
0.433095907263000013
0.433122156807999981
0.433172928043999983
0.433170581747999994
0.433226286289000007
0.433395000822999976
0.433268283586000003
0.433389530784999977
0.433291954644999977
0.433274638391000000
0.433300170408000007
0.433471458410999988
0.433393632314000021
0.433407206634999986
0.433317109164000014
0.433307753502999993
0.433272095455999984
0.433183808110000013
0.433407600053999975
0.433384109116000005
0.433189443283000020
0.433363569896000000
0.433353505977999987
0.433243306499999981
0.433277217797999992
0.433080440266000011
0.433274856285000010
0.433096163894000019
0.433104109440999974
0.433008886832000006
0.433119413358000027
0.433260554347000004
0.433075731931999997
0.433198336904000003
0.433226795486999994
0.433291923035000026
0.433166059303000006
0.433115435699000018
0.433264748897000007
0.433215240910000021
0.433344181587999977
0.433289287967000003
0.433336724334999979
0.433414179484999995
0.433295848074999990
0.433330260364999997
0.433448575491000021
0.433313706557000022
0.433314292649999988
0.433188233919999999
0.433194922806000027
0.433059703485000003
0.433325666760999983
0.433251512451999998
0.433254506583999999
0.433301332488999991
0.433431057861999980
0.433347819173000026
0.433398832281999991
0.433245858057000000
0.433227054353000018
0.433327540532999989
0.433159481457999984
0.433188314337000002
0.433120703345000024
0.432974016073999990
0.433046257897000020
0.433268678530999984
0.433268508266999974
0.433160139737999994
0.433217698894000025
0.433315559317999976
0.433392421904000014
0.433396768488999995
0.433402357115000025
0.433448361486000022
0.433363600236999991
0.433083174869999976
0.433221479405999976
0.433173229062000009
0.433157281477000000
0.433110645540000005
0.432988326987000016
0.433120401596999993
0.433186813100000012
0.433214464454000026
0.433209012772000024
0.433165690829000027
0.433301145840999991
0.433305056701000002
0.433342053574000019
0.433201195385000015
0.433101494658999997
0.433092318320999980
0.432972737920999995
0.433133968250999979
0.433267214364000008
0.433072568370000022
0.433095974672000006
0.433154279842000001
0.433372309510999976
0.433233791207999985
0.433169257428999976
0.433289940169999999
0.433237875125000005
0.433186146257000027
0.433112802424999999
0.433295467360999997
0.433097359615999988
0.433297026013999997
0.433332513546999976
0.433210548804999984
0.433308719045000013
0.433550581617999975
0.433350194671000000
0.433297392712999996
0.433226312389000001
0.433118926680999994
