0.434508571214999972
0.434512999186000004
0.434350768210000016
0.434416963769000020
0.434325199562999975
0.434386210468000022
0.434409970102999976
0.434357967354000007
0.434152454404000021
0.434224586741999985
0.434103941581999997
0.434092663193999972
0.434193351351999990
0.434310555345999993
0.434485375035999988
0.434379169329999981
0.434533574696000013
0.434238145723999991
0.434433530254999978
0.434522306515000012
0.434550260490999984
0.434441140032000017
0.434339503291000018
0.434247645771000002
0.434351262131999982
0.434502357396999994
0.434256191539000025
0.434414898722999987
0.434389450135999999
0.434518977842999976
0.434589850112000020
0.434629229930000027
0.434549669621999979
0.434341722659000007
0.434432494424000004
0.434465805139999994
0.434586168514000004
0.434404453221000020
0.434398324562000004
0.434428723384000015
0.434462235641000005
0.434295025808999979
0.434492172012000022
0.434383048481000011
0.434458817163000000
0.434265755683999999
0.434318582629000027
0.434399649958999989
0.434430083560999991
0.434447779066999995
0.434395107552000004
0.434473279188999972
0.434581180938000022
0.434411829026000007
0.434461241364999973
0.434318846684999982
0.434480975893999977
0.434543420427000004
0.434398768553000025
0.434408078232000006
0.434224550039000012
0.434351328897999989
0.434179110987999994
0.434514397356999982
0.434569782367999979
0.434695171549999981
0.434497850369000016
0.434514304379999994
0.434500517249000018
0.434501316199999987
0.434499220405999975
0.434252188962999996
0.434328224125999973
0.434311452375000018
0.434349949309000005
0.434380283202000006
0.434309432225000014
0.434331624387999993
0.434366589337999986
0.434241147002000005
0.434386421357000008
0.434386561248000014
0.434286357048999982
0.434248752424000017
0.434338471554999994
0.434450434198999980
0.434287415095999996
0.434323372149999998
0.434444774282999990
0.434518089323999990
0.434521809515000024
0.434624791567999991
0.434709932503999974
0.434589536700000001
0.434528921677000024
0.434506267986000005
0.434470268619000011
0.434561120241999999
0.434599132145999989
0.434376719076000006
0.434323386235999975
0.434441286280000005
0.434550917172000006
0.434563648646999978
0.434195230017999978
0.434271788396000002
0.434340700590999995
0.434434354658999988
0.434599371577000015
0.434494173802999983
0.434371472917000012
0.434445982657999996
0.434608089929999997
0.434583477532999973
0.434455752379000026
0.434414930817999978
0.434521622069000024
0.434409366745000025
0.434374459486999986
0.434497778743999974
0.434409456731999988
0.434201751726000007
0.434456035758999992
0.434554060552000021
0.434280264271000027
0.434222427981000025
0.434448891155999994
0.434154435135999994
0.434279745516000015
0.434335124015999996
0.434325188021999986
0.434280049027000015
0.434231640269999997
0.434340505975999991
0.434447116387999988
0.434564966034000022
0.434380470412000008
0.434315858652999987
0.434316828283000000
0.434383222944000003
0.434390715229000024
0.434440893659999994
0.434491090947999981
0.434473116591999997
0.434508148854999998
0.434428072564999990
0.434479049775000015
0.434438344315000002
0.434452854624000018
0.434333204964999997
0.434240801053000003
0.434454594736999988
0.434416681297000007
0.434384518223000005
0.434393498870000005
0.434389121247000021
0.434391936290000003
0.434486079711999984
0.434531449881999987
0.434503544595999991
0.434520043831000014
0.434346726327999977
0.434362609456000026
0.434297691978000000
0.434418572492999977
0.434380464053000015
0.434375897776999975
0.434267260233999974
0.434238557590000018
0.434358940884000011
0.434283578160999995
0.434305770184999995
0.434363402517999986
0.434292982120000004
0.434235259458000011
0.434206763991999978
0.434480464813000011
0.434309710249000003
0.434313357115999998
0.434477239816999983
0.434342638369999978
0.434127186785000008
0.434462538356999994
0.434490813932999986
0.434468221785999975
0.434491065906999985
0.434281679204999993
0.434338870423999990
0.434381276498999991
0.434403924328000013
0.434487576900999983
0.434556494510999980
0.434372808042000014
0.434295023865000018
0.434303752591000014
0.434409352297999984
0.434409873803000002
0.434229407633999975
0.434238290653999992
0.434310071505999984
0.434263468212999992
0.434274181535000026
0.434494189884000015
0.434448620806999974
0.434374680971000016
0.434374829871000012
0.434266541083999980
0.434248646532000016
0.434278820590000003
0.434490531532000013
0.434492220225999981
0.434484072956000000
0.434396885998000026
0.434488647785999993
0.434596890156000004
0.434603947401000001
0.434641475955000023
0.434511799041000013
0.434413460124000006
0.434377206449999997
0.434341687244000019
0.434320799485999998
0.434366015707999986
0.434345719126000007
0.434366742952000007
0.434534622465000020
0.434571783403999989
0.434575630067000007
0.434317383707999993
0.434482758532000024
0.434600730817000014
0.434530330831999989
0.434465513748000021
0.434145731822999981
0.434355899007999979
0.434347233818999978
0.434420368715999983
0.434300308488999975
0.434447850003999991
0.434388738336999980
0.434247240899999998
0.434227551910999987
0.434345129503000027
0.434519006900999982
0.434439000369999995
0.434265576611000015
0.434218809237999992
0.434473190316000013
0.434404069900000023
0.434632492832000006
0.434496662483000007
0.434374761012999988
0.434385638066000002
0.434436126518000010
0.434490124430999991
0.434410962909999976
0.434429996709999988
0.434482335499000005
0.434492205417000010
0.434368435782999995
0.434448212888999985
0.434230007796000017
0.434305767786999974
0.434485493827000024
0.434427630266000009
0.434334688957000004
0.434165094967999987
0.434259277145999989
0.434320949233000020
0.434259902990999980
0.434452397674999991
0.434487992789000022
0.434293665090999981
0.434479869128000018
0.434489383331000012
0.434493721622999984
0.434500462739000004
0.434482014014999973
0.434615492463999997
0.434542598584999995
0.434747979617000013
0.434593826823999996
0.434526898561999997
0.434586058481000015
0.434373121425000008
0.434409181242000009
0.434317975352999985
0.434299029047000018
0.434392000298000014
0.434340239272999973
0.434462390342999993
0.434221804947000023
0.434335283076000001
0.434284187345000017
0.434507890642999994
0.434577661379000002
0.434410439591999986
0.434540970932999981
0.434270240500999993
0.434078574646000026
0.434325331410000015
0.434376297008000012
0.434422048807000027
0.434605773809999985
0.434491720917000002
0.434620756253999985
0.434454535122999974
0.434440038837999976
0.434535356252999994
0.434397547290000019
0.434429629415999996
0.434060678563000013
0.434200534886000022
0.434443658557999990
0.434410178217000009
0.434335049568000009
0.434588986208999994
0.434484120531999973
0.434611756397000004
0.434511351692000003
0.434630137827999974
0.434631669230999995
0.434522173209999973
0.434431117573999992
0.434419109892999977
0.434488042530000007
0.434325530108000013
0.434244439358999978
0.434463943322999979
0.434369830369999987
0.434410230329000002
0.434617004731000012
0.434607822819999989
0.434488876134000002
0.434380199372000009
0.434445829981999987
0.434372181375999977
0.434263503842999998
0.434287957295000027
0.434445492523000021
0.434392990473000007
0.434404174746999994
0.434260765260000015
0.434212469278999980
0.434145641414000028
0.434168752621999998
0.434354820548000009
0.434363747083999996
0.434349740930000006
0.434387166970000016
0.434302985325000002
0.434482275698999998
0.434494184002000017
0.434265476428000008
0.434334269413000018
0.434304458004000027
0.434484608466999989
0.434538900773000003
0.434605070719999986
0.434534655865999986
0.434329991119999981
0.434348004198000015
0.434414151164999984
0.434294518856999989
0.434457639963000020
0.434411141547000001
0.434292300598999981
0.434291899342999999
0.434237730215999984
0.434363653756999979
0.434371756459999980
0.434483707157000021
0.434594509567000020
0.434587281564000005
0.434440590281999994
0.434259644471999995
0.434431436456000020
0.434366942503999987
0.434526740365999975
0.434523973506000027
0.434345184356999980
0.434354763214999995
0.434381133096999994
0.434302793309000013
0.434531859387000008
0.434458192387000008
0.434374045955000010
0.434338591642999983
0.434197866744000016
0.434621432591999979
0.434510487742000018
0.434508354365999994
0.434411658924999999
0.434424508305000012
0.434445466888000009
0.434357715453999982
0.434537309415000017
0.434434781975999995
0.434465664106000016
0.434437022775999993
0.434469895198999978
0.434433645352999998
0.434463941698000011
0.434521493408000004
0.434530110088000021
0.434645236458000017
0.434454071020999977
0.434282712710999996
0.434538074175999989
0.434543542650000003
0.434393694423999999
0.434326004478000016
0.434397660445999978
0.434518313812999990
0.434407134169000009
0.434362718914000023
0.434470671822999976
0.434251282537999994
0.434204504692000004
0.434381420038999988
0.434439233470000019
0.434382692585999985
0.434463061476999979
0.434149225191999999
0.434225273693000013
0.434349815485000013
0.434156040450999980
0.434262334257000004
0.434411008629999984
0.434256704130000004
0.434157992785000002
0.434334585699000020
0.434473625844000011
0.434441298887999983
0.434441626716000007
0.434452080103000016
0.434556136825999972
0.434469509433000001
0.434325701321999991
0.434411000617999976
0.434442868977999996
0.434258747665999978
0.434247627422999993
0.434342632294999975
0.434361075147000009
0.434460139337000006
0.434269983342999988
0.434280174389000018
0.434094302561000012
0.434228854092000016
0.434303680216999999
0.434181381789000009
0.434233624445999999
0.434093229404000025
0.434078316352999982
0.434033792430999987
0.434222656704999987
0.434107403546000026
0.434296353754999975
0.434287872161999988
0.434440150176999995
0.434587678952999990
0.434438394743000000
0.434490662116000015
0.434451761642000001
0.434665004370999974
0.434577515849999985
0.434391058534000007
0.434575015512000007
0.434391299770999995
0.434376690733000004
0.434415160204000006
0.434388800173000023
0.434470210879000007
0.434346500838000027
0.434292868138999977
0.434386309169000007
0.434402612485000006
0.434423318502000000
0.434636453839000014
0.434518550431999995
0.434524767314000027
0.434476336823000020
0.434395206633000019
0.434367690588000011
0.434360647129999999
0.434358843262000027
0.434402226162000027
0.434329879649999973
0.434301615254999995
0.434370811723999994
0.434418821012000023
0.434570807072999998
0.434682860499000012
0.434354709170999997
0.434270854192000011
0.434371169895000020
0.434479997610999980
0.434383667206000024
0.434418491733000012
0.434363712259000001
0.434284611267999998
0.434239088654000016
0.434330613473999982
0.434390043326000008
0.434487784026000023
0.434206291365999975
0.434236153301999994
0.434308994702999995
0.434574521313000006
0.434510841862999986
0.434567528360000011
0.434325368343000007
0.434515437098000001
0.434484792873999992
0.434323879184999984
0.434324469725999973
0.434432168886000003
0.434495529456000007
0.434475821576000010
0.434608135231000003
0.434537513471000003
0.434484548164999984
0.434526825717000020
0.434392665705000014
0.434282921619999984
0.434277300483000006
0.434408645001000016
0.434458438083999976
0.434577864714999984
0.434763287842000024
0.434627384376999992
0.434523810120999998
0.434370273384000027
0.434416183452000004
0.434354114856000006
0.434208353489999976
0.434204702183999980
0.434303790919999988
0.434400132298000008
0.434404293679000020
0.434502291603000024
0.434553142052000019
0.434430819668000012
0.434359088536000026
0.434233640757999972
0.434211243839000005
0.434359117653000004
0.434398367271999986
0.434325180169000014
0.434397690403000025
0.434439676248999984
0.434327514425000005
0.434439973817999980
0.434546594632999994
0.434712690070000018
0.434605401622999987
0.434442233070000017
0.434303383729999992
0.434399846696000014
0.434387469826999995
0.434375114572999987
0.434307098494999988
0.434371875108000016
0.434426050291000010
0.434490804316000012
0.434398777771000000
0.434231551240000013
0.434430727231999991
0.434616332724000021
0.434528323546000017
0.434272747976999995
0.434241147087000012
0.434343868457999993
0.434297539640000008
0.434273462785000008
0.434492151552999972
0.434602753145000020
0.434510256579999976
0.434379597110999993
0.434476774524000020
0.434469234220999978
0.434590580107000024
0.434444891516999998
0.434376690758000006
0.434437656971000008
0.434212573918999978
0.434381115732999978
0.434413766719999983
0.434568996024999987
0.434440162625999993
0.434585667002000020
0.434389025125999972
0.434364268860999991
0.434283860831000013
0.434324223022000022
0.434742274860000000
0.434502092592000011
0.434440018074000012
0.434259794658999998
0.434445119627999976
0.434346835194000025
0.434521957632000022
0.434560571908999993
0.434202586364999976
0.434474117415000027
0.434398210539000018
0.434300859867999989
0.434578775224999991
0.434569043978000003
0.434372153310999987
0.434247882026999987
0.434262775481000007
0.434154244447000015
0.434312795751000014
0.434250631192000025
0.434307009836000013
0.434393561022999974
0.434304992800000011
0.434332483390000024
0.434405046141000006
0.434425032523999999
0.434452514023999981
0.434442385072000004
0.434500892392000015
0.434437020655999984
0.434493056298999980
0.434495248727999994
0.434420163159000006
0.434549471400999976
0.434437378152999987
0.434382282560999977
0.434264645931999982
0.434339059307000008
0.434492403806000016
0.434720894793000023
0.434721834315999978
0.434550689804000023
0.434524200402999994
0.434419545836999987
0.434446335560000008
0.434436840069999997
0.434263065946999982
0.434216280763999984
0.434282879871999983
0.434361153785000009
0.434443558464000013
0.434419345603999973
0.434494916948999998
0.434430446979999996
0.434458470202000013
0.434408049409000019
0.434218202935000019
0.434301161860999985
0.434337484986000000
0.434402649909999994
0.434519585413000009
0.434519425680999993
0.434455435685000002
0.434310988273999998
0.434268651712999998
0.434300673919999991
0.434247419492999998
0.434180330589999997
0.434212028571999975
0.434303878601999982
0.434454194888000023
0.434626156937999997
0.434442950797000016
0.434443550078999985
0.434679013514999990
0.434473266557000026
0.434299183752999973
0.434513547120000010
0.434596323710000010
0.434490369985999991
0.434565641052000018
0.434438598175000024
0.434503871957999999
0.434437520227999974
0.434336811745999973
0.434442949204999984
0.434372930253999978
0.434440622747000016
0.434434890527000017
0.434306863539999977
0.434349688811999979
0.434335432878000027
0.434426942413999984
0.434516565618999984
0.434374513306999999
0.434326579865000006
0.434501655686999999
0.434429105629999979
0.434398531874999994
0.434482961035000004
0.434433080535999994
0.434434086880999992
0.434405267476999979
0.434162726388000020
0.434353575049999996
0.434620935905000005
0.434529531969000016
0.434318950751000021
0.434472651082999983
0.434544879310999999
0.434498517453999977
0.434283570896999982
0.434323338885999999
0.434355329559000025
0.434263517371999974
0.434231617012000026
0.434454010534999990
0.434511967619999995
0.434525296527999982
0.434462946246000015
0.434439773927999984
0.434502625553999988
0.434473077237000016
0.434578822999000025
0.434425653159000003
0.434511829783000014
0.434434057372000026
0.434409097158000024
0.434463329406000021
0.434611575462999999
0.434606509666000007
0.434393382140000006
0.434475297553000017
0.434352201709999997
0.434520597519000018
0.434486297946000022
0.434432800712000022
0.434772479933999978
0.434657552976000006
0.434479110913999989
0.434375678087000006
0.434397241159000025
0.434577019411000021
0.434283046328000022
0.434342207884999998
0.434374862197000000
0.434369242052000004
0.434455445318000011
0.434699344659999987
0.434563248569000027
0.434334581885000015
0.434381022602000011
0.434431783653999981
0.434393142886000005
0.434475119911999996
0.434654686953000025
0.434594371430000015
0.434453557443999994
0.434584171911999995
0.434484545491000018
0.434586841010999980
0.434388613935999979
0.434307621119000009
0.434296180312000013
0.434380438443000005
0.434233882838999996
0.434387142070999988
0.434413270708000010
0.434471956727000008
0.434453629429999988
0.434595385767000020
0.434431974687999989
0.434650219434999985
0.434741097038000013
0.434401387972999986
0.434372343474000000
0.434293979882000025
0.434477154340999983
0.434437678709000019
0.434385370787000014
0.434251032525000025
0.434426633589000022
0.434209431879999996
0.434101444715000007
0.434269778147999996
0.434516614319999994
0.434552093844000009
0.434367106456000018
0.434305860253999976
0.434306751591000018
0.434353739018999985
0.434431398442000016
0.434461015677000018
0.434631133213000009
0.434460605298000013
0.434521993125999983
0.434436687617999973
0.434355454508000005
0.434404839614000005
0.434350830075000027
0.434169685079999979
0.434152764475000008
0.434288131668999988
0.434294436722000021
0.434303625194999987
0.434466509531000022
0.434472390270999986
0.434567818727000010
0.434603482089000015
0.434484754987999988
0.434448346566999988
0.434530178930000011
0.434552786884999986
0.434432322934000026
0.434378424082999981
0.434394076924999983
0.434502175975000016
0.434444265113999972
0.434431247572000023
0.434340176869999983
0.434465146568999983
0.434538897874999996
0.434527169955000014
0.434371672260000008
0.434387278423999990
0.434446063867000021
0.434398658355000022
0.434315198450999973
0.434465382552000012
0.434450254244000023
0.434555929931999985
0.434458063338000022
0.434572290636000003
0.434346488601000003
0.434299278858999993
0.434258982444000019
0.434407227931999984
0.434249872159000017
0.434333359664999974
0.434295389704000001
0.434360941516999999
0.434420563282999994
0.434572398141000016
0.434237583204000022
0.434107240318999998
0.434393722963999973
0.434380208857999994
0.434153726743000012
0.434321854944999974
0.434382940782000015
0.434551457194999990
0.434502894974000020
0.434372523991999993
0.434277367695000027
0.434240083110000008
0.434279981531999981
0.434247218880000008
0.434382334769000011
0.434513845710999991
0.434580872575999977
0.434434769098999973
0.434545435885999976
0.434589592442000017
0.434561001709000028
0.434403082237000027
0.434313419659999977
0.434316208327000020
0.434319631648000026
0.434558319492000023
0.434351696732000025
0.434317335783000025
0.434419938291999985
0.434574143171000016
0.434502785708999972
0.434567431831999973
0.434607410427000018
0.434448037542000010
0.434427775173000019
0.434405660169000007
0.434383786656000026
0.434429431458999982
0.434401485372000018
0.434429047316000017
0.434338474049000001
0.434437444504000014
0.434329799505999981
0.434448849839999984
0.434495551357000021
0.434408179971999986
0.434284396420999974
0.434447353021999993
0.434410435016999996
0.434314482000000002
0.434397495194999983
0.434592124558999982
0.434447667939000026
0.434416448663999977
0.434399758299000016
0.434379583820000026
0.434288032087999987
0.434522818649999976
0.434500768041000018
0.434312231489000000
0.434222126380000017
0.434310115529999985
0.434449143521000003
0.434280264354000023
0.434385192417999999
0.434333146482999977
0.434422333163999974
0.434352959385000015
0.434611605888000019
0.434578923695000008
0.434369873166999987
0.434404792782000004
0.434379978674000022
0.434449222681999980
0.434359304188999984
0.434270332431999972
0.434220497940999983
0.434091561948000026
0.434152603261000025
0.434310558750999998
0.434341033192000014
0.434440979378000025
0.434389668840999998
0.434479462162999985
0.434542804875999999
0.434600409691000000
0.434541890049999990
0.434466850003999983
0.434619059006000008
0.434307809787999988
0.434157579186999987
0.434228164443999975
0.434385064988999980
0.434347218656000011
0.434302801731999977
0.434373406201999990
0.434357139843999984
0.434291158067000027
0.434366233757999987
0.434360551473999990
0.434480413098000007
0.434599354353000011
0.434402257191000007
0.434452842050999988
0.434545291562999980
0.434421705446999984
0.434453200350000013
0.434435076367000017
0.434379610485000012
0.434308984279999977
0.434464822731000011
0.434481974609000010
0.434402653124000004
0.434166811599000002
0.434264945755000020
0.434326767567999983
0.434240475344000010
0.434307209999000021
0.434301417648000010
0.434327364250999992
0.434375874170000009
0.434610734265000020
0.434507708875999987
0.434371123613000010
0.434251251240000025
0.434123497111999990
0.434269099935000014
0.434349129250000021
0.434389065384999995
0.434450042865999975
0.434326283280999981
0.434264002942000016
0.434277087705000009
0.434546114503999992
0.434506026915000010
0.434461480999999983
0.434430168201000000
0.434272892648000008
0.434273446328000023
0.434393041437000027
0.434597370076000022
0.434566982679999991
0.434362869701999998
0.434335842462999999
0.434344841621000011
0.434411500693999975
0.434410711484000012
0.434466108096000003
0.434550359363999994
0.434390141885000025
0.434307504279999979
0.434206850014000001
0.434382856122000005
0.434273265123000018
0.434521037785000008
0.434514166945000002
0.434410753237999991
0.434447879480000021
0.434356507722000018
0.434219918234000024
0.434363964260999991
0.434368125506000013
0.434214563261999975
0.434117939908000017
0.434263924783999999
0.434200215489999986
0.434401142947999974
0.434345332430999986
0.434433054328000001
0.434418262976999980
0.434534436620999998
0.434669635647000008
0.434435837637999978
0.434398222484999985
0.434517927907999979
0.434614550784000020
0.434391657390999997
0.434391128035999996
0.434456403883999975
0.434232935902999995
0.434305901074000023
0.434275539943999977
0.434411008706000024
0.434525031627000013
0.434561381927999979
0.434473720429000010
0.434395398298000002
0.434284898154999988
0.434379758765999990
0.434473295094999989
0.434396627639999977
0.434373265605999981
0.434487528361000019
0.434479397134000023
0.434552193528000008
0.434512469946999991
0.434425304587999994
0.434481569575000004
0.434685884129000000
0.434421421430999988
0.434439990916999974
0.434285913269999990
0.434184024077999997
0.434209333460000013
0.434276017444999995
0.434296557911000025
0.434414629745999981
0.434415859138999993
0.434333990494999989
0.434177361420999997
0.434196958871999994
0.434250609366999996
0.434379252461000009
0.434386440804999996
0.434469106534000005
0.434441797956999998
0.434442935056000012
0.434314391889000007
0.434587024496999985
0.434682608442999996
0.434465876458999978
0.434385828708999999
0.434605108909000004
0.434563209521000027
0.434676170513999982
0.434577398625000000
0.434514782654000009
0.434292498980999975
0.434348129109999981
0.434345668685000019
0.434384390171999979
0.434409022910999976
0.434474119528000025
0.434432441950000026
0.434256987249000026
0.434168166814000001
0.434293749728000000
0.434173700281999975
0.434264478417999977
0.434340939269000026
0.434300051374999996
0.434229217190000016
0.434327347482000026
0.434413618221999975
0.434705745038000024
0.434527142169999991
0.434496754455000023
0.434182379449000011
0.434064100750999993
0.434440443582999991
0.434313036909000028
0.434475114707999988
0.434610751277999974
0.434471412426000014
0.434458421628000024
0.434360406428000001
0.434454877548999974
0.434352963016000015
0.434341925658000005
0.434564488620000022
0.434552568689999974
0.434455896351000015
0.434617454881999987
0.434430591392000021
0.434391803583999980
0.434419253203000011
0.434508608937999974
0.434342343424000021
0.434555657749999991
0.434300797814999973
0.434477200660000007
0.434323228279999973
0.434480629288000020
0.434431161201999982
0.434573121366000015
0.434383831727000014
0.434462886426000006
0.434227737025999982
0.434277977149000016
0.434205468363999980
0.434332743666999976
0.434410261743999992
0.434542432006999990
0.434277357252999985
0.434123114457000026
0.434109181228000018
0.434385062260999988
0.434232453281000019
0.434214208185999984
0.434278002634999993
0.434279164398000017
0.434398365595000002
0.434440908685999994
0.434339348638999978
0.434347128212000000
0.434482088360000018
0.434495263475999982
0.434389477630000020
0.434724211116999992
0.434601554290000025
0.434494846250999989
0.434472167181999991
0.434210555905999995
0.434337060060000002
0.434431056317999997
0.434483480408999978
0.434395958495999990
0.434283741740000007
0.434209562222000023
0.434171042163000009
0.434298264689999991
0.434264544116000017
0.434301081975999981
0.434234717739999998
0.434415260975999973
0.434416874680999987
0.434503617607000014
0.434539925356999979
0.434522579640999995
0.434269819928999989
0.434404375604000026
0.434385192769000006
0.434396219428999975
0.434492736356999976
0.434426838417000027
0.434403410403999990
0.434378805412000024
0.434443757448000012
0.434342970524999983
0.434421593341999979
0.434226968897999999
0.434394790249999996
0.434259012933999988
0.434421592989000016
0.434375363148999993
0.434342925232999999
0.434455893413000005
0.434443087624000024
0.434446156350999979
0.434282015492000018
0.434394914557000023
0.434481647746999988
0.434620815381000003
0.434586521570999973
0.434244930954999997
0.434456321117999977
0.434524248338999997
0.434570049296999994
0.434536443446000009
0.434549563068000022
0.434379423825999977
0.434374907744999983
0.434407657328000019
0.434560549876999991
0.434396276061999986
0.434435883001000001
0.434193388783000012
0.434403100200999981
0.434399771461999984
0.434424610827999991
0.434386180208999995
0.434529406341000013
0.434444771547000008
0.434393455701999998
0.434512584997000018
0.434474367786000015
0.434413323994000011
0.434574565374999999
0.434712865840999996
0.434393116939000012
0.434338114458000024
0.434537220241999977
0.434500124923999975
0.434560671203000015
0.434566135484000027
0.434377297918000005
0.434267713617999984
0.434427742384999982
0.434481604493999973
0.434428953250000027
0.434452877111000002
0.434459006335000009
0.434314587796000018
0.434366157944999998
0.434522158980999995
0.434712557265000021
0.434442126717999977
0.434618117887999977
0.434420916104000021
0.434592872964999988
0.434437215543000022
0.434510894310999984
0.434518247068999997
0.434548065270000006
0.434467039439999980
0.434449091723999981
0.434638625762000019
0.434600349175000011
0.434578677470999986
0.434599395524999987
0.434604250776999990
0.434528917090000022
0.434390090996000011
0.434646943063000002
0.434529099038000022
0.434277372943999984
0.434291163917999989
0.434307805955000015
0.434149125753999998
0.434187537296000015
0.434313821285999990
0.434379685683999983
0.434404912902999985
0.434261546403000021
0.434172199330000008
0.434282704179000001
0.434367651588999981
0.434383357093000022
0.434372520965000009
0.434286954378000023
0.434063918195999987
0.434072130838000003
0.434275380611000017
0.434323382074999986
0.434288523827000006
0.434534503889999979
0.434461612205000014
0.434518951671999998
0.434587313997000013
0.434428275393999974
0.434521966235999979
0.434441876639000024
0.434464212452000009
0.434439498112999978
0.434495973380999989
0.434313046854999996
0.434240827007000008
0.434246959973999980
0.434320418541000008
0.434369254957000017
0.433982593636000002
0.434285279414000025
0.434394810791999986
0.434373420289999979
0.434256084371999973
0.434377393268999989
0.434425729802999983
0.434248725567999982
0.434333928879000020
0.434486540701999990
0.434292727837999992
0.434426701656000003
0.434415552219000023
0.434536646724999975
0.434183051884000026
0.434491316086000001
0.434317495735999981
0.434518520718000012
0.434657628537000018
0.434586326801999989
0.434662604863000013
0.434617006834999986
0.434494851364000012
0.434487925956999976
0.434646288918000001
0.434428971903999983
0.434615123616999999
0.434463240021000008
0.434338643648999989
0.434338466410999990
0.434419450215999980
0.434176077802999993
0.434276756209000026
0.434518519471000009
0.434317453891999994
0.434209814728000021
0.434033940851000000
0.434064347715999999
0.434261326680000004
0.434382540704999986
0.434486510918000002
0.434607623270000021
0.434585772219000022
0.434351205086999981
0.434408220369000009
0.434339487269000013
0.434331304556999975
0.434304959873999974
0.434442657236000007
0.434404452192000023
0.434212538985000007
0.434263665505999985
0.434131060527000012
0.434307254141000021
0.434422628546999978
0.434241029562000003
0.434474366017999991
0.434270537427000003
0.434263787066999973
0.434465289590000026
0.434435953102000005
0.434480613174999974
0.434453888906999985
0.434321692711999996
0.434188517310000022
0.434300275090999999
0.434180266375999990
0.434240892875999984
0.434401788023999980
0.434507586105000010
0.434478047751000018
0.434313349085000022
0.434492974119000008
0.434318154509999999
0.434466823835000016
0.434389261728999998
0.434406251420000000
0.434388128493000014
0.434401921791000012
0.434291546493000002
0.434140047380999983
0.434094046474000017
0.434365046217000006
0.434119890958000021
0.434379253164000001
0.434392076259999982
0.434603608199999991
0.434223520465000012
0.434375423757000001
0.434285259204999996
0.434485954916000006
0.434393619991000013
0.434319185887000025
0.434321304409999998
0.434428155267999994
0.434527287396999973
0.434316566219999978
0.434343124761999988
0.434207220898999990
0.434204999962999993
0.434090656025000021
0.434296626972999977
0.434457361149999999
0.434463086092000017
0.434406238107000020
0.434174763495000005
0.434009879817999988
0.434070965659999974
0.434294149369999993
0.434256222972999983
0.434510798588999991
0.434618507511999985
0.434580043121999993
0.434687955846999985
0.434508588300999976
0.434687694243000022
0.434721151714999976
0.434662913041000021
0.434477726918000018
0.434352871525000017
0.434389269640000020
0.434274653529999999
0.434205137236000016
0.434321727408999991
0.434407208247000021
0.434488458291000024
0.434516551510000015
0.434397074172000019
0.434261095511000006
0.434508573303000023
0.434452499243000001
0.434514491040999984
0.434562902724999978
0.434518835897000022
0.434454498437000014
0.434343861040999979
0.434528556138000011
0.434482647087000018
0.434359788992000007
0.434471974972999997
0.434339658209000001
0.434110238347999999
0.434206122144999984
0.434316505929999985
0.434284897813999982
0.434467372595999990
0.434574485964000001
0.434676388339999997
0.434413754162999988
0.434341959333000016
0.434461121052999999
0.434580467580999996
0.434451386996000000
0.434398526858000011
0.434409946285999993
0.434388350992999994
0.434568360446999979
0.434587155855000018
0.434580094753000024
0.434355406739000027
0.434389723787000026
0.434339397168999997
0.434423870920999988
0.434299635829999975
0.434314244401000027
0.434364107403999999
0.434342289434999973
0.434421557088000010
0.434312733863000011
0.434260242301999999
0.434287812491999992
0.434348960243999993
0.434351545148999985
0.434360360785000010
0.434515548846000021
0.434627587358000000
0.434418315170000013
0.434425935458000012
0.434263694578999992
0.434450977861000009
0.434533222122999996
0.434345080167999997
0.434317127483999976
0.434249182846999981
0.434381485273000023
0.434562437590999995
0.434534634116000018
0.434412184142000002
0.434618653675000022
0.434470161663999987
0.434625237689000021
0.434418071738000011
0.434439202808000025
0.434568506123999998
0.434464564044000023
0.434449456223000019
0.434330964965000010
0.434298051480000002
0.434218314225000013
0.434372065149000008
0.434341583405999987
0.434519755364999982
0.434455008255999975
0.434449463511000000
0.434426300343999983
0.434253412374000003
0.434170898239000014
0.434302901430999977
0.434436230819000013
0.434604351393000021
0.434506399990000014
0.434420753097000012
0.434383449277999989
0.434332970016999997
0.434066546913999984
0.434271461134000003
0.434369992546000006
0.434423674272999993
0.434240848058000006
0.434185749615999983
0.434221619559999994
0.434218490168999993
0.434153984393000014
0.434272673963999989
0.434568197822000013
0.434457495902000002
0.434439899214000003
0.434281198189999995
0.434238483918000018
0.434189581852999995
0.434347964628000016
0.434350139447000017
0.434411707596000007
0.434543841277999998
0.434661908358000004
0.434641803797000015
0.434490717307999985
0.434368772434000017
0.434470522665000025
0.434316840624000000
0.434322013801999973
0.434351040349000017
0.434406347972000006
0.434522960544000025
0.434548273724000012
0.434431036739999998
0.434427454840999983
0.434199327344000019
0.434112163614000013
0.434229360525999974
0.434125346108999999
0.434396666704999990
0.434514121144000010
0.434738249269000010
0.434515174341000010
0.434402334153000003
0.434371065805999990
0.434275667957000011
0.434363263946999978
0.434241356994000016
0.434340950313999996
0.434378866962999988
0.434337966766999983
0.434373036634999987
0.434521555050999986
0.434505477166000020
0.434559027032000000
0.434403223341000011
0.434416874143999987
0.434396645731999986
0.434367025176000010
0.434259639270999975
0.434363427442999994
0.434333138088999982
0.434539579068000004
0.434456852381000014
0.434433855234999999
0.434252936457000027
0.434568182738000020
0.434487346042000011
0.434275445470000021
0.434170729167999980
0.434172183004000012
0.434229695457000020
0.434295908226000005
0.434393824890999980
0.434410764226000001
0.434340134012000001
0.434061941595999978
0.434272596665000010
0.434293199638000005
0.434289542849999988
0.434615277271000022
0.434618731782999979
0.434439709703999977
0.434384104084000022
0.434309990678000024
0.434629365827000014
0.434393578078999976
0.434321748017999998
0.434252148052000020
0.434466481673000005
0.434295523957999974
0.434526124311999995
0.434351108491000004
0.434289225943999990
0.434512085820000005
0.434308853353999991
0.434343070291000000
0.434343885150999975
0.434276645484000023
0.434394897940000024
0.434522389273000020
0.434397758181999993
0.434132345733000025
0.434217178114000013
0.434355356916000024
0.434396172709999973
0.434128678616999997
0.434258155821000025
0.434373895361000018
0.434277011325999995
0.434217989247999980
0.434249795632999980
0.434368351180000001
0.434431228988000018
0.434409146430000004
0.434552692450000000
0.434233217160999996
0.434283236239999981
0.434371753927000004
0.434305700602000022
0.434385435378999984
0.434256593784999978
0.434300285911999984
0.434409414263000004
0.434507413557000011
0.434538862433999973
0.434600878557000025
0.434613091981000010
0.434301764488000008
0.434532744791000014
0.434404718693999992
0.434441610385999988
0.434338204196999977
0.434437747313999978
0.434398388528000001
0.434532483562000027
0.434458965209999992
0.434308377698999992
0.434376908956000007
0.434173130673999985
0.434198231423000014
0.434263805871999975
0.434384228744000012
0.434454663041999978
0.434384113191000010
0.434261163497000002
0.434270898492000013
0.434257736916999981
0.434364339187000015
0.434519940433999996
0.434624195353000009
0.434594144771000002
0.434331133051000018
0.434473560092999977
0.434449593073000018
0.434471648606000016
0.434507200057999976
0.434497325920999988
0.434584629695999980
0.434370804579000014
0.434268637665999990
0.434267028301000002
0.434494678055000028
0.434604888412999990
0.434579174183999994
0.434456966143000001
0.434431775121000008
0.434407641562999991
0.434583005252999977
0.434609799364999994
0.434616408040999991
0.434584874525999976
0.434605103933999981
0.434299278931999988
0.434530476263000009
0.434641251610000001
0.434686054822999990
0.434585577782999999
0.434367750835000010
0.434455591689999976
0.434473494432000007
0.434388460087999972
0.434426578753000003
0.434565758124000001
0.434583208875999993
0.434305668560000024
0.434458583810999999
0.434660509749000001
0.434535994094999989
0.434521439723999980
0.434356617675000001
0.434561684592999986
0.434614612311999993
0.434496136769999985
0.434671329694999997
0.434489683558999973
0.434378777022000007
0.434508220416000013
0.434590696935000020
0.434396764960000015
0.434485511925999990
0.434334798086999985
0.434374368489999996
0.434373766281999973
0.434342801220999997
0.434525318885000011
0.434481945791000024
0.434384878560000021
0.434530534502999999
0.434460841207999993
0.434281416114999985
0.434215716405999985
0.434295714768999974
0.434253824735999994
0.434408630078000013
0.434485052844000019
0.434285372386999990
0.434410619976999979
0.434269876484000006
0.434430559283999984
0.434279462737999999
0.434292239023999993
0.434401745015000007
0.434319910990999980
0.434370012879000011
0.434432502102000018
0.434356337446999974
0.434289456997000001
0.434452408058000006
0.434342989525000001
0.434389596456999982
0.434435143778999999
0.434572452504000006
0.434572499963999992
0.434574113694999986
0.434488330229999997
0.434455957670000004
0.434488862586999980
0.434424450818999996
0.434658542849999996
0.434424857082999993
0.434216632290000015
0.434204540191999999
0.434341633022000018
0.434145225093999998
0.434534958817999972
0.434408377911999988
0.434536790652000016
0.434428221610999976
0.434362226414999997
0.434294904345000010
0.434205069321999981
0.434231019025999976
0.434331961002000000
0.434312700280000019
0.434380206641000022
0.434410609125000013
0.434579821649999976
0.434391589091000008
0.434089186535000005
0.434189254149999981
0.434018193082000014
0.434257578769000008
0.434303347113999982
0.434133954084000018
0.434357128167000006
0.434551982188999986
0.434413236257000013
0.434323684039000013
0.434381572498000024
0.434456467653000000
0.434303170362000002
0.434237521643000002
0.434214779253999983
0.434385976349000003
0.434448743337000010
0.434401584472000002
0.434617003358999998
0.434545210279999983
0.434491012334000004
0.434500005352000007
0.434397391277999978
0.434528494228999973
0.434558284226000013
0.434641698407000010
0.434401743426999998
0.434201482774999981
0.434265829955000016
0.434360289780999997
0.434505625783000005
0.434613939687000017
0.434564095377000026
0.434347856601000004
0.434578826723000022
0.434386321603999981
0.434320546488000003
0.434189483845999979
0.434522252464000003
0.434573396747999996
0.434493298711000009
0.434469739194000004
0.434548599741000019
0.434342330361999984
0.434480656750000027
0.434483169384000001
0.434330081837999982
0.434254427782000019
0.434461435954999975
0.434301595706999999
0.434415478891000018
0.434412395467000001
0.434507382770999984
0.434487617149000027
0.434468561468000003
0.434497355716000011
0.434419536750000002
0.434404842668000002
0.434546940686000027
0.434421934482000005
0.434315998952000015
0.434254117704999998
0.434417256719999978
0.434639717606000009
0.434388214416000007
0.434657478064000014
0.434464378001999996
0.434504635921000026
0.434224425743000020
0.434251016360999997
0.434419027467999985
0.434507388353000013
0.434608335424000014
0.434635579767999991
0.434643055531000022
0.434859735555999993
0.434511831462000009
0.434500634135000008
0.434398986551000010
0.434400159246999984
0.434661781191999996
0.434496860958999975
0.434583042498999983
0.434697651625999992
0.434619845896999979
0.434437052902999998
0.434457845815000021
0.434286337139000000
0.434289305256999991
0.434180257823999993
0.434112786274999995
0.434004583118999976
0.434067459438999992
0.434443209541000019
0.434335322528000001
0.434579316514999980
0.434308559443000008
0.434417837766000015
0.434475934984999979
0.434264524184000023
0.434251943387000017
0.434110086765999992
0.434212448061999989
0.434130918844000013
0.434313146952999996
0.434392627094999983
0.434381454133999978
0.434424224317000007
0.434469047785999984
0.434435932708999994
0.434482340387000010
0.434519242663000016
0.434383808378999980
0.434428152269999979
0.434495458762999998
0.434296637037999977
0.434354462398000019
0.434359124215000003
0.434665095426000014
0.434546173575000028
0.434523161308000005
0.434425837940000004
0.434380450101000015
0.434398509764000018
0.434409159388999988
0.434148003243999991
0.434353003480999977
0.434439950505000005
0.434441221077000006
0.434353700936000009
0.434426598481999993
0.434417052279000016
0.434371500389999998
0.434496563103000000
0.434502548001000022
0.434539525126000026
0.434565600479999981
0.434574498638999995
0.434411317176999989
0.434440875303999996
0.434433616472000017
0.434355121838999991
0.434369606036999978
0.434370347742000007
0.434393819645999990
0.434410441970000005
0.434505620169000017
0.434358617404999980
0.434344332308000014
0.434456989620999989
0.434286989685999991
0.434328592066999974
0.434443135049000007
0.434417378831000012
0.434547066111000024
0.434693285945000008
0.434745363178999977
0.434679824238999979
0.434475040919000022
0.434408766371000010
0.434528121549000002
0.434658491555000026
0.434602638752999981
0.434742125736999996
0.434487512969000012
0.434499903385999975
0.434575041358999992
0.434284119284999992
0.434194985049000004
0.434392166237999977
0.434254769568999999
0.434436073628000019
0.434369803529999987
0.434439145224000012
0.434414120003999982
0.434475398640000010
0.434503030735999995
0.434403384296000006
0.434490128550999999
0.434529447763000010
0.434476657568000024
0.434341758977000003
0.434342957654999973
0.434375429122999979
0.434385898267000026
0.434312454552000016
0.434325330683999977
0.434534980012000027
0.434502202875999999
0.434522921850000021
0.434372598122999998
0.434342883816999981
0.434483116747999998
0.434268438523000011
0.434289798439999986
0.434414196395999985
0.434284315649999975
0.434234930653000006
0.434243998666999975
0.434247573664000019
0.434611799628999984
0.434538007487000000
0.434380838536999991
0.434474549207999994
0.434395713148000018
0.434386563916999979
0.434266450039999974
0.434405818913000008
0.434498211139000001
0.434374999212999990
0.434411572119999978
0.434419594997999980
0.434285072647999981
0.434120254169000019
0.434343848192000004
0.434494723899000013
0.434441875453999982
0.434376094017000003
0.434454982265000011
0.434610177950999987
0.434365313144000009
0.434388609019999983
0.434621555413000016
0.434348284488999981
0.434270796459000019
0.434448603227999997
0.434419975622000021
0.434523814216999982
0.434587304038999978
0.434437192681999984
0.434321925988000013
0.434526409524000012
0.434552046751999987
0.434652346869999984
0.434501603881999987
0.434561717108999990
0.434473013462000013
0.434463272414999990
0.434636598034999988
0.434476379823000025
0.434524506277000011
0.434537535492000027
0.434292566533000024
0.434261505672999981
0.434248782689000024
0.434285225601000024
0.434446126471000005
0.434354965046000019
0.434338616996999993
0.434524104866000016
0.434441417433000021
0.434488387084999983
0.434364026291999994
0.434331799219000003
0.434366633802000024
0.434297089799999980
0.434282884039999983
0.434383774639000020
0.434438951452999989
0.434396485296000001
0.434259514866000007
0.434343402584999982
0.434393600631999999
0.434437706011000013
0.434599141339999995
0.434566574310999987
0.434626918242000004
0.434477620364999984
0.434518097770999978
0.434575015384000007
0.434400292678000011
0.434676153032000023
0.434606644383000007
0.434663140762000022
0.434545583944000002
0.434434865705999984
0.434602829854000006
0.434438552749999984
0.434425047181000001
0.434292718944999989
0.434236483938000017
0.434405916110000012
0.434425151023000000
0.434580930295000001
0.434448213937999983
0.434506021244999985
0.434434209989999987
0.434425616284000005
0.434297684793000016
0.434252064493000023
0.434247824785000014
0.434499984625000002
0.434557194257000012
0.434290426580999978
0.434349741657999999
0.434425531822999977
0.434225632761999991
0.434148823565999986
0.434318793709999984
0.434291476218000017
0.434401241471999988
0.434402130868000003
0.434473593991999973
0.434556700731000001
0.434480305564000024
0.434435220677000022
0.434634774037000016
0.434580328018000006
0.434602775318000012
0.434590515550000001
0.434583346438999985
0.434404454649000016
0.434387365133000025
0.434321522183999997
0.434358554206999981
0.434469678816999993
0.434523972207999987
0.434585330674999992
0.434534244251999990
0.434339804567999976
0.434348012135000017
0.434345705387999992
0.434440474861000014
0.434260103826999977
0.434353158720999999
0.434285308588000019
0.434456861635000025
0.434468200345000000
0.434245128164000016
0.434222865638000000
0.434312042735999992
0.434493467025000024
0.434415519926000027
0.434415784600999999
0.434633341097000025
0.434388471376999985
0.434379376385999993
0.434453537910000021
0.434366733501000024
0.434391941981999985
0.434480064955000023
0.434431515706000027
0.434527136769999989
0.434531392809999972
0.434636267921000019
0.434653444310000026
0.434600141119000027
0.434479938116999975
0.434424158411000016
0.434525393295999984
0.434401816275000019
0.434490421219000000
0.434465066916999987
0.434496646062999980
0.434631439241000006
0.434432033380000027
0.434408226412999976
0.434400731009999985
0.434462505270000021
0.434469911659999986
0.434486590349999979
0.433985932366000027
0.434056299907999987
0.434014340587999981
0.434145613280999987
0.434355601343999975
0.434291118566000001
0.434418375758000019
0.434248238228999994
0.434176217107999973
0.434375671992000001
0.434478607206000011
0.434500496120000024
0.434426751617000007
