0.436001628648999995
0.435834506446000025
0.436103347244999995
0.435994407505999992
0.435931014986000009
0.435843200105999973
0.435985447498000001
0.435818473727999978
0.435767449490999992
0.435781704538000025
0.435793342084000002
0.436061480122000023
0.435971934038999975
0.436096145639999988
0.436135432719000016
0.435956789216999985
0.435851963545999976
0.435946015053000013
0.435941926709000005
0.435807812730000022
0.435849880477000018
0.436073243281999978
0.435902423568999997
0.435891639263000008
0.435770471923000002
0.435752198832000004
0.435849734576999992
0.435902747013000025
0.435812461240999982
0.435876094272000025
0.435939434424000016
0.436019240748000025
0.435987500098000025
0.435843092812999988
0.435918191833000013
0.435904305596000019
0.435978666638000001
0.435892589619000015
0.436045025975000000
0.435890504273000023
0.435995495045999992
0.436068411044999993
0.435876096471000007
0.435904006181000003
0.435679526101000025
0.435836857136000011
0.436035255673000000
0.436118613436999980
0.435918096796999999
0.435814972304000015
0.435790945470000024
0.435817969477000022
0.435910998533000027
0.435950249924000000
0.435865536835999989
0.435975844270000024
0.436168340942999999
0.436009789772999978
0.435957919202999977
0.436055959604999988
0.435867213656000008
0.435902410374000016
0.436049361161999993
0.436029015588000002
0.435966619032999991
0.435900016165000015
0.435996594096000001
0.435970143340000005
0.436115430011000005
0.436143761778999994
0.435960552795999989
0.435920419971999984
0.435929560100000002
0.436052494276999991
0.436078841421999985
0.436082397933999999
0.436010800192999981
0.436034624761000023
0.435828536764999996
0.435855687855000007
0.435769091845000012
0.435803331259999982
0.435832116965000016
0.435883438693999981
0.435764365192999992
0.435943004053999994
0.435865292322999975
0.435807345322999973
0.436062967071999985
0.435872446059999974
0.435967080737000023
0.435874734466999980
0.435842074437999993
0.435604100233999980
0.435699254166000027
0.435673894361999992
0.435898836680000012
0.435732214645999982
0.435733768543999977
0.435877236622999986
0.435970085078000003
0.435967705571000008
0.435961416654999989
0.436133804703000005
0.435996513354000026
0.435830885120999989
0.435892287330999995
0.435891077889000000
0.435941684710999977
0.435938668563999987
0.435914274142999991
0.435873648547999981
0.435814437416000011
0.435927563763000014
0.436003069901999996
0.436118216752999999
0.435921621129000014
0.435972284742999983
0.436037683604000026
0.435885542898000022
0.435848239814000005
0.435929750988000020
0.436117835434999990
0.435885050102999994
0.435968571006999983
0.435852300224000011
0.435978650936000023
0.435978544038000015
0.435803002799000028
0.435818094061000028
0.435882762038000027
0.435834081335000012
0.435817884905000008
0.435818233744000028
0.435972561560000027
0.435981804136999995
0.435922376273999990
0.435791598958999993
0.435802074972999998
0.435756392953999983
0.435661202567000028
0.435832351582000010
0.435830636212000022
0.436007567340000013
0.436045973671999987
0.436032403816000003
0.436040116551000001
0.436003350951999991
0.436052600254999978
0.436065737143000010
0.435984589804999989
0.435790628046999973
0.435918467591000003
0.435939767693000024
0.435796732264999986
0.436057707367999980
0.435860717276999987
0.435863316167000026
0.435923838354000004
0.436213616073000021
0.436205462815999978
0.435976823017000026
0.435994511874999990
0.435928931447000012
0.436065785682999973
0.435769448522999980
0.435717509770999989
0.435707122504999989
0.435786133794999975
0.435782303330000009
0.435784593093999972
0.435887212377999989
0.436222545866999989
0.436048870357999996
0.436049809999000004
0.435970434696999976
0.435884672523000005
0.435843461313000002
0.435936379343999980
0.435847033315000021
0.435983840527999988
0.435652981832000019
0.435616961601999975
0.435473297671000015
0.435637312087999995
0.435737358595000013
0.435981133946000021
0.436037852186999975
0.436003928599999979
0.436174556845999983
0.436193285955000010
0.436153969753000026
0.435930354859000002
0.435867017555999992
0.435854246602999984
0.435861210167000024
0.435870748109000006
0.435942881298000018
0.435908535503999994
0.435947612305000010
0.435897871799000025
0.435893254928999996
0.435945775290000004
0.436066697057000019
0.436153014404999984
0.436217792980999997
0.436165855320000018
0.436196661172999989
0.436002234157000013
0.435904619230000012
0.435802611361000014
0.435750476689999999
0.435919618667999997
0.435843243832000016
0.435828947345999973
0.435599322595999983
0.435588848166000020
0.435977181599999986
0.435934569612999978
0.435728213152999977
0.435761733736000023
0.435777415936000001
0.436056814720000019
0.435920468743000000
0.435739605104000005
0.435800762783000006
0.436036482506000023
0.436059698968000009
0.435990276359999984
0.435929980140999984
0.435804883340999982
0.435911041863000004
0.436158026676999988
0.436163628633000011
0.436040387603999990
0.436122459580000010
0.436046956633000027
0.436091006401999992
0.435899444375000000
0.436009737258000019
0.435849257172999993
0.435854141573000009
0.435989874318999993
0.436019439469999992
0.435934077992999991
0.435903827508999975
0.435954874426000005
0.435864164318000014
0.435927871675000023
0.436091342491999989
0.436216937209000011
0.436120377093999978
0.436034480055000007
0.435927457166000010
0.436062455058999987
0.436081451108999985
0.436172483714000025
0.436115404134000018
0.435842791718999978
0.436152484529999995
0.436091044074999989
0.436246778755000009
0.436212851570999982
0.436049231280000005
0.436012959004999978
0.435937146797000019
0.435865462102999979
0.436135056994000014
0.435955883797999988
0.435828569014000022
0.436061978733999989
0.435895013911999973
0.436137574533000005
0.436017060668000001
0.435970930132000001
0.435920649416999983
0.435731039938999976
0.435951048206000003
0.435832114087000011
0.435902498984999998
0.435863937972000015
0.435778746318000010
0.436177402745999976
0.435915586841999991
0.436004234333999985
0.435970130339000006
0.436028501402000002
0.436095561675999999
0.436041982170999987
0.436017006857999989
0.435872935362999980
0.435863730650000003
0.435770395337000016
0.435875222893000014
0.435937924385999986
0.435860830340999983
0.436032027706000025
0.435924687237999986
0.435998311084000001
0.436064841550000026
0.436003591360999976
0.435868452134999973
0.435995761368999979
0.436072528795000025
0.435980037983000002
0.435936819031000011
0.435958139457000016
0.435845010269000022
0.436145825980999990
0.435825592215999980
0.436014248378000013
0.436307536306999977
0.436087277188999978
0.436096402057000010
0.436083188130999999
0.436198260823000006
0.435907580324999988
0.435917334862000017
0.435952646551000023
0.435985805366000012
0.435860390988000002
0.435938377903999974
0.435818347198000000
0.435989230612999989
0.435995836224999989
0.436267934997999984
0.436102460916000023
0.436008474766999998
0.435842371208000012
0.435827894765999979
0.436041596621000005
0.435904625002999979
0.435955995689000009
0.436235906612999991
0.436150599618000012
0.436036882623999977
0.435862674070999989
0.435939196839000009
0.436084998660999978
0.435874251483000019
0.435950210815000017
0.436103235501999975
0.435963865131999972
0.435964938221000020
0.436210541939999974
0.436275444562999992
0.436045670484999981
0.435959855567999988
0.436009795067999972
0.435954301737000005
0.435917264457999998
0.435925017621999977
0.436044501216000024
0.436049763636999987
0.436107924355999987
0.436008153040999991
0.435744937088999973
0.435877063939999976
0.435876418820000000
0.435983843786000025
0.435907322692999977
0.435992428589000003
0.436208549644000021
0.436143307653000023
0.436190472104000027
0.435889638217999975
0.435880173648000024
0.435951546021999981
0.435956228029000026
0.435882746839000024
0.435921494048999991
0.435927124007999989
0.435808378592000001
0.435838453944999982
0.435831976863999992
0.435708593400999988
0.435812154093999982
0.435840840758999981
0.435844638278000018
0.435912003632999978
0.435916041610000027
0.436128880669999996
0.436025158254000011
0.435849193565999993
0.435856909545000004
0.436033248373000004
0.435995563907000006
0.436136702963999978
0.435939783344999998
0.436003045006999990
0.436027821593000020
0.435949209351999989
0.435803166555999988
0.435706719871000014
0.435802731617000005
0.435781041827999982
0.435925800339000025
0.435924060363999999
0.435828581725999975
0.436071900108999988
0.435895525687999996
0.436076529478999997
0.435899375586000004
0.435815579943000020
0.435813115132999973
0.435870031468999997
0.436116544054999999
0.435834195154000015
0.435770754749999989
0.435789729733000009
0.435872807127999973
0.435994779951000000
0.436214857517000010
0.436209727622999976
0.435969737680000025
0.435819583818000011
0.435877497682999993
0.435736732545999983
0.435768181586000003
0.435979255609000027
0.436156296812000022
0.436285096767000002
0.435986200815999980
0.436044248329000017
0.435997154364999973
0.435974353842000006
0.436033888511999979
0.435859859171999986
0.435822860812999979
0.435948932010999990
0.435889691651000000
0.435867079438999994
0.435909529645000016
0.435949223311999978
0.435906024200000020
0.435836275692000008
0.435881542196999983
0.435970108962999980
0.436100679391000001
0.436117182085999977
0.435937567876999998
0.435978313577999987
0.436060626025000009
0.435842832866000007
0.435856810530000027
0.435880521314000013
0.435946815950999988
0.435989439500999998
0.435972889678000020
0.436097948515000000
0.435965141255999999
0.435926985057999983
0.435789910610999975
0.435805696437000012
0.435943499981999993
0.436146107303000019
0.436137168843000023
0.436019043336000001
0.435830180979000004
0.435851265034999991
0.435822522097999987
0.435867843854000014
0.435673140414999993
0.435745785193000001
0.435696532171999995
0.435925029294000010
0.435691134689999982
0.435851332495000021
0.435987990438999995
0.436122980049999998
0.435978246291000016
0.436117489542000025
0.436011203188999996
0.435989482320999988
0.435927147916000013
0.435951233990999998
0.436077519806000014
0.435783492970999997
0.435960308284000009
0.436017824677999988
0.435994238713000026
0.436237579483000015
0.435968966876999986
0.435954280231000024
0.435930764839000007
0.436023423653000008
0.435913450199000019
0.435957761022000012
0.435951927713999987
0.435977414620000003
0.435920725720000013
0.436166427282000002
0.436154925937999982
0.436186246428000024
0.436083296637999995
0.436104666051000012
0.436228156154000013
0.436051161650999997
0.435825225001000016
0.435851210686000023
0.435934409359000019
0.435859174916999992
0.435670794019999974
0.435907378261999989
0.435979110035999984
0.435987769357999988
0.435980301557999994
0.435878209484000023
0.435861298667000019
0.435999948633999990
0.436056266746999988
0.435896311438999984
0.436000930121999974
0.436021334892999990
0.435740101110999978
0.435740449806999997
0.435831800765999977
0.435860436050000022
0.436008267268999994
0.436097630178999995
0.436082233784999995
0.435862590202000022
0.435838352860000000
0.435808530892999979
0.435755721534999974
0.436025309066999989
0.435977370781999995
0.436053900799000027
0.435888485609000009
0.435902222467000000
0.435805371371999983
0.435556401978999974
0.435590919848000024
0.435678073042999991
0.435770946624000011
0.435866987096000025
0.436004089716000021
0.436158172899999974
0.436106937204000011
0.436220441761999977
0.435979795032000017
0.436207204183999997
0.436048279860999977
0.435975335512999995
0.435886498825000024
0.435931751595000028
0.435793472218000022
0.435865892388999976
0.436059145560000028
0.436037355994999987
0.436148980447999990
0.436052696876999990
0.436192328023999987
0.436213116522999989
0.436263196048000013
0.436147947403000003
0.436144571518000013
0.436073090950999998
0.436239775981999978
0.436086741860000016
0.436024121524999975
0.435892980671999997
0.435839965762000014
0.435658483410000019
0.435731592730999984
0.435655398713000019
0.435702323118999979
0.435666669690999986
0.435638087055000012
0.435661666268000014
0.435847220681999992
0.435992866217999986
0.436046204667000004
0.436087171755999981
0.436114821707000000
0.435900501406000007
0.435870746086000016
0.435797320691000023
0.435829043290999973
0.435832150980999977
0.435875964047000020
0.435908812239999999
0.435890670260999979
0.435839277663999991
0.435691432102999987
0.435959636147999985
0.436071061244000024
0.435991113784000017
0.435809730607000012
0.435961937956000023
0.435887450886999983
0.435837990200000025
0.435924537225999997
0.436016362677000002
0.435839695003000016
0.435746193684000027
0.435951883360999992
0.435894541096999988
0.436050813927000014
0.435798925802000026
0.435861017349999991
0.435913759133999990
0.435770678994999994
0.435849690028000003
0.436088710388999989
0.436170586964999996
0.436092757717999990
0.436040984972000001
0.435849317286999993
0.435936023421000018
0.435892997649000025
0.435809858797000016
0.435809808651999975
0.435751350877999988
0.435800076342000020
0.435830068818000016
0.435959777898000000
0.435958292972999983
0.435924939717000026
0.435738329505999999
0.435843088037999982
0.436060575961999985
0.436035110823999983
0.436113529604999994
0.435832875145999998
0.435934286298999996
0.435749853538999976
0.435661080726000016
0.435875058352000022
0.435895484172000025
0.436092586966000006
0.436119943266000010
0.436062563683999982
0.435995856808999993
0.436222619423000002
0.435871663919000008
0.435692110424000023
0.435812887262000015
0.435911732637999982
0.435864805091000007
0.436037080176000014
0.436008331126999993
0.435853966192000009
0.436036022872999973
0.436055064074000021
0.435848330580999976
0.435838251306000013
0.435821369113999990
0.435729812122000015
0.435729961240999997
0.435575788412000009
0.435852244958999990
0.435871075938000008
0.435730816465999982
0.435810357152999983
0.435927723892000019
0.435776540790999978
0.435901486281999984
0.435827510014999975
0.435799714321000009
0.435694582180999990
0.435701747337999989
0.435821697118999984
0.435830568799000007
0.435813718888000023
0.435955843722000025
0.436216629987999982
0.436213033952000007
0.436082270024000018
0.436102847401000027
0.436192588345999999
0.436088785987999994
0.436122710542000025
0.435949583854999989
0.436161700506000005
0.436298618287999984
0.436105928807999976
0.436172088549000025
0.436129858746999999
0.435952587700999983
0.436054879236000004
0.436077757846999980
0.435880100589000008
0.435982819274999989
0.435806930674000004
0.435794777069999972
0.436036660733999992
0.436059991239000022
0.436184290535999997
0.436022992215000016
0.435699631106999996
0.435874657288000011
0.435739367973000002
0.435862266488000027
0.436128571364000017
0.436106347509000014
0.436017508005999976
0.435928952257000013
0.435904739022999976
0.436145501172999994
0.435958587353000027
0.436049027214999996
0.435884655261000009
0.435993055228000026
0.435797601606999985
0.436086174286999972
0.435878890023999988
0.435982232422999993
0.435983265171999979
0.435836161589000015
0.435945896301999980
0.436007641233000010
0.435961350237999978
0.436086069547999999
0.435824900690999995
0.435710193359000020
0.435899429649000025
0.435917292294000003
0.435981839669000004
0.435980910216999973
0.435954133083999995
0.436034196915999983
0.436079673810999990
0.436087036335999989
0.436027863859999976
0.436008630205000025
0.435897267142000000
0.435907757030999987
0.435821312718000009
0.435901119235000023
0.436018387855000022
0.436181700339999978
0.436181052226999988
0.436023655391000020
0.435866630054000004
0.435906761857999980
0.435977817677000001
0.436188934408999973
0.436112575514999989
0.436071568603000004
0.436037012805000013
0.436261368282000017
0.436166264084999977
0.436000952739000025
0.435754396988000003
0.435494005395999972
0.435693695543000026
0.435679463878999973
0.435531515131000024
0.435733707515999991
0.435756580153999984
0.435707007104000010
0.435839855123999975
0.435910145382000014
0.435728858727000012
0.435730517282999996
0.435750228515999982
0.435923146225999980
0.436007083618000002
0.436011039317000026
0.435996936135999991
0.436055390237000018
0.436152138824000002
0.435886574166000018
0.435991527541000012
0.436053639564999984
0.436218464064999978
0.436044083221000023
0.435837375325999976
0.436036554691999978
0.435979153778000006
0.435891368584000016
0.435873648956999982
0.436019715555000020
0.435999917999999986
0.435981742173000009
0.435893020224999983
0.435863315869999990
0.435904244709000022
0.435894035853999995
0.436088513918000020
0.435981050019999983
0.435923149595999981
0.436137742054999999
0.436105303805000011
0.436105111130999978
0.435932027913000009
0.435860960495999983
0.435756525707000020
0.436115630734999982
0.436141284540999985
0.436052503965999982
0.435853434947000018
0.435875738321000017
0.435910759501000000
0.435824815377999997
0.436115117659000018
0.435905141860000012
0.435934920201999976
0.435834873828999991
0.435716471050999976
0.435935442060000011
0.435878190396999987
0.435803446235999981
0.435898111570000024
0.435854431606000015
0.435933240552000001
0.435795786080000025
0.435918109474999982
0.435878981034000024
0.435970346416999999
0.436005354572999992
0.435978824875000004
0.435978246587000018
0.436121617562000019
0.436182969508000007
0.436106698050000019
0.436085089521999980
0.436018262707999982
0.436123233925000020
0.436011854462000026
0.435958854846999977
0.436076183409999985
0.436116972509999978
0.435992291506999974
0.436068074766000013
0.436041166746999997
0.436036271453999980
0.435867679976000011
0.436014099232000019
0.435820767471999992
0.435841055829999990
0.435980162974999974
0.435904031334999997
0.435958845907000014
0.436050506020000006
0.436060515920000002
0.436115921422000008
0.435928077961000027
0.435917443344000011
0.435818974776999990
0.435757754449000001
0.435753277065000000
0.435581383228999974
0.435539035889000004
0.435586992158000008
0.435647533801000020
0.435684353301000027
0.435913018066000024
0.435955608787999993
0.435943806474999973
0.435826120287000018
0.435902893939000002
0.435684937414999973
0.435857523033000016
0.436015634230000004
0.435854303887000027
0.435971538787999990
0.435865411574999972
0.435987948733000008
0.436067047885000003
0.435805177416000000
0.435839752018999993
0.435868423093999979
0.435962372445000024
0.436097634650000010
0.436044204812000014
0.435898450253999981
0.436062304276000012
0.436177072986999981
0.436034114157999975
0.435763480611999987
0.435740422696999974
0.435791009612999991
0.436218367104000027
0.436121847158000009
0.436022218662000027
0.435875287216999974
0.436047586591000014
0.436176318755999992
0.436285370429999986
0.436222027525000000
0.436126281539999994
0.436011882126999983
0.436087467311000010
0.436027014945000013
0.436090588408000024
0.436061137375000019
0.435975924497000011
0.436039235716999984
0.436147542617000006
0.436163062721000028
0.435820893205999982
0.436114269077999994
0.435945610315000009
0.436022423782000013
0.435982428950000001
0.436236334376000012
0.435967247233999988
0.435955216009000002
0.435934396554000014
0.436143669806999978
0.436112023008000005
0.436040550739999977
0.435839513264000000
0.435720453753999981
0.435865547710000023
0.436121624041000022
0.435720555211999983
0.435927131550999991
0.435917883309999976
0.435928015481000020
0.435885646339000010
0.436070826324000016
0.436027428498000025
0.436097466092000008
0.436154044241999994
0.436115836809000013
0.436184535019999986
0.435989812766999996
0.435970098864999989
0.436042233870000018
0.436197114270999997
0.436021323693999985
0.436115126136000009
0.435893481826999996
0.435924479139000010
0.435933870629999998
0.436096514674999991
0.435889869701999999
0.435988744388999983
0.436052819408000003
0.435948178914000006
0.435826431771999978
0.435872078582999978
0.435908226293000023
0.435732366867999987
0.435984239956999975
0.435912358363000019
0.435905717872999976
0.435772537540000005
0.435830018840000000
0.436082604659000006
0.436087978451000002
0.436102199307000005
0.435821011586999985
0.436097295258999984
0.435814434892000002
0.435894068477000018
0.435833575721000011
0.436104636930000011
0.435984990281000018
0.435812121473000025
0.435776913845999980
0.435986155475000026
0.435841407462999986
0.435961220036999997
0.436015829214999984
0.435975830150000021
0.436000480746000008
0.435949454366000022
0.435899501447999993
0.435945054251999975
0.436003002784999982
0.435815717165999983
0.435771784626000025
0.435797571489000002
0.435933523925000010
0.435930760786000016
0.436137600364999989
0.436067512157999992
0.435880396486000021
0.435972681766000014
0.436003005838000002
0.436045203401000003
0.436067786308000027
0.436061879340999992
0.436013738077000002
0.435798295305000027
0.435880189111000016
0.435918377640999999
0.435929210881999984
0.436008137823000019
0.436099821514999986
0.435995628788000023
0.436074758321000011
0.436234689296000011
0.435943757214000027
0.436041674637999976
0.436150998825000025
0.435854283604000026
0.436001829698999976
0.435880422009000013
0.435736372628000024
0.435721580105000006
0.435804050619000016
0.435826298645999977
0.435793587990000009
0.435787613572000021
0.435790208241000010
0.435927351469000024
0.435883682729999999
0.436049390149999994
0.436010859851000021
0.435972557792000004
0.435915963065000023
0.435808461864000019
0.435903172429000008
0.436001227255999990
0.435951396350999998
0.435759031666999974
0.435744837857000022
0.435855797295999992
0.435847946536000008
0.435935903258000024
0.435867650991999978
0.435932338907999983
0.435801824389999981
0.435697085845999976
0.435711202277999976
0.435816466765000021
0.435847963890000023
0.435940187935000001
0.435733017082999996
0.435779694037999987
0.435840117387000014
0.435746087928000014
0.435738790626000017
0.435780183095999973
0.436007509655000014
0.436026735403000021
0.436150748267000010
0.436103229929000025
0.435923966020999976
0.435960066112999978
0.436093691866999977
0.436167713770000021
0.436014389413000025
0.435901101710000016
0.435804760943000025
0.435779121622999976
0.435765749480999998
0.435646619422999981
0.435946982724999987
0.436130848131999982
0.436033065572999978
0.436043385098999980
0.435913401721999993
0.435882574367999986
0.436044755456000022
0.436002584332999987
0.436013345882000025
0.435727642244999991
0.436021991125999986
0.436017238006999985
0.436061668306000016
0.436025016696000023
0.436137761138999991
0.436149264865999975
0.436260572183999995
0.436050267212999998
0.435973167552999974
0.436025900853000026
0.435873329754999983
0.435930575378000007
0.435985963380999986
0.435988559288999988
0.435785487181999998
0.436039883011999974
0.436171931429000015
0.436432470623999980
0.436530458961000012
0.436246228500999977
0.436141221872999973
0.436055774020000009
0.435973777015000008
0.435868856184000009
0.435825320339000011
0.435793956450000020
0.435873862714000027
0.435831782281999980
0.435949995345999985
0.436015782490999981
0.436010806304999998
0.435970555857000008
0.435582892424000001
0.435853122016999994
0.435820978739999976
0.435748327328000007
0.435776593794000022
0.435942239630999984
0.435661227122999983
0.435716044430999982
0.435653258709999991
0.435798041272999981
0.435835979006000018
0.435966482701000024
0.436094412751000027
0.436166456026999994
0.436157167439999993
0.436025543686999972
0.436039892224000025
0.436009773892999997
0.435994056803999996
0.436073172489000016
0.435950740477999976
0.435943937398000025
0.435641251153999987
0.435923012418000022
0.435825061555999982
0.435974005697999989
0.436037095347000025
0.436256960036999986
0.436244198618000012
0.435994094057999992
0.435853531783999992
0.435897313850000023
0.435812365488000009
0.435872363175999977
0.436034838162999983
0.436038464527999992
0.436118894101000021
0.435941512965999978
0.436057823479999995
0.435917754845000005
0.436000664827000006
0.435940706594000027
0.435886443193000017
0.435868376034000027
0.435957834064000016
0.435971262964999995
0.436029921611999993
0.436089377963999991
0.436149647009999974
0.435964741257999999
0.435933870233999987
0.436043587806999977
0.436023290710000011
0.436062095673000027
0.435925778880000003
0.435828387837000009
0.436006983261999992
0.435935615675999977
0.436038291472000017
0.435935559804000006
0.435804796491000013
0.436050119911000011
0.436038821302999979
0.436075269571000013
0.436057311165999995
0.436027262866000020
0.436064732871999983
0.435898578431999972
0.435834910226999994
0.435917279486999987
0.435755339497999994
0.435819603541000022
0.435842235653000010
0.435720086660000006
0.435821647094000009
0.435993925536000027
0.436049848575999988
0.435861031514000019
0.435936179834999993
0.435866029647999975
0.436002366064999980
0.435903075345000002
0.435757354654999984
0.435831482877999998
0.435935050373999988
0.435896143022000027
0.435830967843999995
0.435923952095000011
0.436052707977000020
0.435961956661000016
0.435855382507999989
0.435979748815999990
0.435935454582999982
0.435995373656999974
0.436019023703999975
0.435998788468999976
0.435947650209999982
0.435896969455000005
0.435773274115999976
0.435818418435000021
0.435793231180000018
0.435838800156999995
0.435774397162999982
0.436029130814999999
0.436271794717999983
0.436305439218000024
0.435978183362999983
0.436076675497999999
0.435953711688000012
0.436144729447999979
0.436121886341000020
0.435890398607000018
0.435989253169999980
0.435906149409000021
0.436032206628000019
0.436094067191000023
0.435832425076000007
0.435995752633999978
0.435988548817999977
0.435895744949999997
0.435915368432999994
0.435956745224999997
0.435911885820999989
0.435882281308999975
0.435811777052000027
0.435870568083999987
0.435639987494000014
0.435884525048000016
0.435875938381000028
0.435900606334000018
0.435949209569999996
0.435881045282999979
0.435913031936999984
0.436071218373999980
0.435918481111000011
0.435896431492000025
0.435839464931000009
0.435947071839999978
0.435876140956000024
0.435910306766999989
0.436007361468999988
0.436077184293000020
0.435942157980000022
0.435965554614999973
0.435952647186000020
0.435800493296999991
0.435887943745999984
0.435779632236000025
0.435688284862000008
0.435750530703000016
0.435936566921000024
0.435934353883999981
0.435907086077999995
0.436091386603000009
0.435976709750000024
0.435898956386000014
0.435833797568000003
0.435796602511999975
0.435897166404999981
0.435787866648999989
0.435976741577999982
0.436054072924999980
0.436019417359999994
0.436129954699000011
0.436062414850000024
0.436089989707000025
0.435948633771000016
0.435872974201000019
0.436060210481000021
0.436095290729999974
0.436264001627999998
0.436154858191000028
0.436030093502999982
0.436069460460000002
0.436075029343000020
0.435957691571000006
0.435974507198000016
0.436177378138000005
0.436060144254000026
0.435978268984999973
0.436117869441999984
0.436185833369000020
0.436060656561999993
0.435949980713999985
0.435980284157000020
0.435926556216000016
0.435852810217999986
0.435898255615999985
0.436032996685000007
0.436059384903999980
0.435936810078000003
0.435910971289000027
0.436092393623000008
0.436077667233999988
0.435926007002999993
0.435982928858999974
0.435936131595999976
0.435770157408999992
0.435994000484999977
0.435872468961000015
0.435981510469000022
0.436165623981999984
0.436047811988000023
0.436003471423999978
0.435885740778000019
0.435950625862000007
0.435938949146999988
0.435819602916000026
0.436021201568000005
0.435945494383999987
0.435986975065000004
0.436114563604000027
0.435951526879999995
0.435898908548000008
0.435891506302000020
0.435993444567000010
0.436034423594999998
0.435871288618999986
0.435981162678000023
0.435994236272999991
0.435915194401999995
0.435750900140000008
0.435747776393999975
0.435844749297000011
0.435813554626999999
0.435805623234999995
0.435608528039000020
0.435813228128999974
0.435875154022999978
0.435949530889000014
0.436067410072999984
0.435973411638999997
0.436012061715999988
0.436040721643999984
0.435909169859000023
0.436169522836000023
0.436121542806000018
0.436120247605999989
0.436108677732999994
0.436029617327000019
0.436009773609000006
0.436035298475999977
0.436132454150000015
0.436091422564000020
0.436000407774000009
0.436042411025000021
0.435867194555999982
0.435972111626000025
0.435907251865999990
0.436038428724000005
0.436030348316999994
0.436075109126999982
0.436183815224999993
0.436082572592999984
0.435933904069999989
0.436047051693999987
0.435984684949000001
0.435998440333000004
0.435999707653000002
0.436098924494999984
0.436024556685000009
0.436152386176999973
0.436080191793000005
0.436096652448999977
0.436051207496999993
0.435913593072999983
0.435980328631000003
0.436030523674000026
0.435864193560999980
0.435873405947000025
0.435905764610000024
0.436219355134999986
0.436134799316999999
0.435878465436999984
0.435926708371999982
0.436030589086000009
0.436127956589999977
0.436032262037000018
0.436057566644000028
0.436119031519000000
0.435897130759999973
0.435972042120000014
0.435980862987000006
0.436060509340000013
0.436092557694999994
0.436096275049999982
0.436230194271999994
0.435868787841000027
0.435931662684000021
0.435742402342999990
0.435719819133999986
0.435829870155000021
0.435880057150000000
0.435894432973999990
0.435723564354000004
0.436112885823999985
0.436136260556000022
0.435981481211999977
0.436152998402000003
0.436091312943000020
0.436044800818000011
0.436097273008999975
0.436147173577999980
0.436179995426000000
0.436164030164999994
0.435898063745000008
0.435972265453999974
0.436064400211000014
0.436098984099999976
0.436010535664999976
0.435981633277000014
0.435950596726000006
0.435818031182000021
0.435896588729000001
0.435846931275999994
0.435891675478999985
0.435912601865000027
0.435937921599000022
0.435949962816999992
0.436118749932999983
0.435975648074000022
0.435820887586000016
0.435684182671000009
0.435694317978000012
0.435909128598999995
0.436000814863999997
0.435899533605000000
0.436048414062999989
0.436034229611000024
0.436086929042000027
0.435974915954000009
0.436148831103999990
0.436034967898999981
0.435964264549000002
0.435813998811000025
0.435882958599999981
0.436099628505000003
0.435936910251000009
0.435947647715999975
0.435888305974000023
0.436026806302000025
0.435906864785000014
0.435900007282999991
0.435702739577000009
0.435977577580999975
0.435882887775999983
0.435800373575000011
0.435679063899999997
0.435829847069999998
0.436029339322999976
0.435868694233999987
0.435846444541000022
0.435835433142999995
0.435933487539999998
0.436011394820999987
0.436026081954999978
0.435901575451000001
0.436029898337000010
0.436297398067000020
0.436205289516999994
0.436021676801000013
0.435880736875999986
0.436125362708999986
0.435895259279000025
0.435912436326999997
0.436055438928000028
0.435884854523000020
0.435839458535000002
0.435880082858999984
0.435971765617999996
0.435882316556999994
0.436033036890000003
0.436168353431000022
0.435936197279000015
0.435924947369999982
0.435797124565000027
0.435844794418999981
0.435711788980999992
0.435885577580000017
0.435781439456000008
0.435707739147999984
0.435742872401999992
0.435854305597000002
0.435983935100999975
0.435977581961000005
0.436143684703000023
0.436007681139000014
0.436016003209000025
0.435969028350999988
0.436039307398999987
0.436033154593999994
0.436206064506000024
0.436080885862999978
0.435914430326000024
0.435953517191000006
0.435900821888000001
0.435974005152000021
0.436099840806999983
0.436086903309999996
0.436013271576000006
0.435942539713000010
0.435866492960999996
0.435894979299999985
0.435849254906999994
0.435933293433000024
0.436023294534000017
0.436047074967999992
0.436011575809000018
0.435877733523000022
0.435859744034999996
0.436058623811000023
0.436033007224999991
0.436058100943999993
0.436228003397999997
0.436197678970000002
0.436173348560999985
0.436241773878999983
0.436053547483999993
0.435974368423000025
0.435989441490999996
0.435978170044000024
0.436079605551000005
0.436025555073000004
0.435968140266000004
0.436021178841000001
0.436115033215999981
0.436037306555999982
0.436060820716999975
0.436111738272999983
0.435996831309999999
0.436053555734999987
0.436116355612000017
0.436184280666999991
0.435984877423000017
0.436063626017999972
0.436062494184999982
0.436051799061999978
0.435872860014999974
0.436097565836999990
0.436205144752999985
0.436064508923000027
0.436103858409999989
0.435895159673999999
0.435987061919999974
0.436087473414000004
0.436097110640999985
0.435835242705000014
0.435989449172999977
0.436103144363000017
0.436059514443000007
0.435963583144000022
0.435855153943999984
0.435871920031999982
0.435949311999000000
0.435826851678000005
0.435809331201000016
0.435808027912000018
0.435801535696999975
0.435722850521000016
0.435641061281999975
0.435743326634999983
0.435711860140000018
0.435791999224000026
0.435898139058000011
0.435919594686999978
0.435802347864999995
0.435978782358000028
0.435827654610999982
0.435924271270999975
0.435939197389999977
0.436188767427000024
0.436084518822999978
0.435960976253000010
0.435818077601999976
0.435805727975000001
0.435827981586000002
0.435910255023000015
0.435911530054999996
0.435824020001000012
0.435786146606999991
0.435843616867999994
0.435762745941000007
0.435883594505000027
0.435939759134999993
0.436064658815000006
0.435980096081000024
0.435965987007999989
0.435836166021999982
0.435882088015999980
0.435909189029999977
0.435968758196000006
0.435887029977000018
0.436074998340000020
0.436053521306000003
0.435833294970999985
0.435810442141999987
0.436029444036000025
0.436011278341999986
0.435812105712999998
0.435852068450000019
0.435794837360000020
0.435852043809000000
0.435998639508999974
0.435951420546999979
0.436030683393999974
0.435805139966000010
0.435835655885000006
0.435610225314999988
0.435644116307000007
0.435615323359999973
0.435680752203999988
0.435931766514000008
0.436075993057000011
0.436021836057000012
0.435952623950000007
0.436250166070999978
0.436227192224000027
0.436180624382999982
0.435921774990000011
0.435982880567999997
0.435933910505000022
0.435774932812000027
0.435632781743999997
0.435788479763000003
0.435775899006999978
0.436011041958000001
0.435831269309999991
0.435767625569999983
0.435961422879000027
0.435961177814999989
0.436073681164000027
0.436103764461999999
0.435816580843999990
0.435786285963000009
0.435870366748000004
0.435904839754000017
0.436172873066000000
0.435831246170999997
0.436010626050000016
0.435901945259999979
0.435929813695000001
0.435962880837000022
0.435947902168999979
0.435908419684999993
0.435861866029999989
0.435814411194999973
0.435824325966999992
0.435779360863000009
0.435746891124999980
0.435723117747000011
0.435495568103999975
0.435689084662999992
0.436023681195000012
0.436011838232999993
0.435986681305999990
0.435826629156000012
0.436144250765999997
0.436005596253000005
0.436021826883000008
0.435923522534000019
0.436145369998000021
0.436120183459999977
0.436149982742999986
0.436091711697000006
0.436153705602999986
0.436062948436999998
0.436109970311999995
0.435962597805999996
0.436118218368999999
0.436067921575000017
0.436181943801000005
0.435994925347000017
0.435818358013000007
0.435807502931999990
0.435995417993999990
0.436074578092999987
0.435885521386000008
0.435955569952000022
0.436091350245999987
0.436113694737999991
0.436133654008000027
0.436138240848000014
0.436014871490999989
0.435750763935999985
0.435747139863999988
0.435654003030999992
0.435938990415999983
0.435843478517999983
0.436037957400000009
0.435916355541000000
0.436153169627000015
0.436010178003000015
0.435817414680999993
0.435881868675000006
0.435992712652999992
0.435868570027000024
0.435893208078000027
0.435880143403999998
0.435951429034000026
0.435940929412000022
0.435908181466000022
0.435987080453999976
0.436026696564000005
0.436167127002999977
0.435980069269000015
0.436004293072999982
0.435924746932000007
0.436027752393000012
0.435904454132000019
0.435883237422000025
0.435861783597999985
0.435975294630999988
0.436176307601999991
0.436001773879999999
0.435854786928000004
0.435867038438000010
0.435621532927999988
0.435919150292999991
0.435834674092999974
0.435768446204999993
0.435978041890000001
0.435959294365000027
0.435960292277000006
0.436057466028999974
0.436056982993999975
0.435969602412999979
0.436034318523000008
0.435616643849999985
0.435809068555000012
0.435907139185999992
0.435941287961999990
0.435955961481999998
0.436088969664999992
0.436106223718000008
0.436011513848000021
0.435869369256999983
0.436008918964999992
0.435969975660999987
0.436040850751999998
0.436170384267000000
0.435952448383999991
0.435930122658000019
0.435904426120999999
0.435752801219999986
0.435853042824999981
0.435897454414999996
0.435859941244000015
0.435901391380999981
0.436007222064000000
0.435948540318000011
0.435902007829000016
0.436117837171999978
0.435987327867999985
0.435842281654999997
0.435946531176000018
0.436018079589000018
0.435837557112999985
0.435909008583000024
0.435926876552999998
0.435934342939000019
0.435909669167000025
0.435817686019000006
0.435839110141999997
0.435995109273999981
0.436101962279999977
0.435862016811000008
0.435941468428000023
0.435969617332000015
0.436080571435000008
0.436121373872999984
0.436090348465999977
0.435799328516999984
0.435784700445000006
0.435814938295999987
0.436040431717000021
0.436082280656999999
0.436007554686999976
0.435922288925000012
0.435936686896999992
0.435950898199999992
0.435903843376000022
0.435895110620000026
0.435872663245000014
0.435895362175000023
0.435885192029000001
0.435867373536000025
0.435822581410000021
0.435775234475999973
0.435731663085999976
0.435781655295000014
0.435921551540000007
0.435782084362000000
0.435848833541000014
0.435960574647999977
0.436007824247000020
0.435933600199999993
0.436075910464000016
0.436234808066000013
0.436084323514000005
0.436141074585999988
0.436048431008999982
0.435936548561999981
0.436055964502000015
0.435993351937999984
0.436133546872000011
0.436014619433000017
0.436106178550000001
0.436066298065000024
0.435995273871999989
0.436020637840999981
0.436105486300000011
0.435937162993000005
0.435818487106000019
0.435810531034000026
0.435908837478000022
0.436060505726000025
0.435899705997000009
0.435858396440000018
0.435799910991999995
0.435898308446000027
0.435970517810000013
0.435903200922000023
0.436157697630999985
0.435989557084999979
0.436142414274000023
0.436016086164000005
0.435951623419999990
0.435862308107999974
0.435935668654000019
0.435847226355999984
0.435778729721000013
0.435818184635999972
0.435883757601999988
0.436004186000999994
0.435818486572999986
0.435955636461999974
0.435935674579000010
0.435627711688999997
0.435967898414999999
0.436045831243999982
0.436051756271000013
0.435954551613000008
0.436056202717000019
0.435964241930999974
0.435891702185999985
0.435988702404000006
0.435882641474000021
0.436204377774999985
0.436083630266999978
0.435966807605000006
0.436081817787999981
0.435996187940999980
0.436074519870000010
0.436170852767000017
0.435909175077000000
0.435818820137000018
0.436172977555999986
0.436198137993999979
0.436134655594999976
0.435989357324999993
0.435782139231999988
0.435762119996999986
0.435891506273999974
0.436123490286000004
0.436252643024000020
0.436193644466999986
0.436069590188000011
0.436137645996000023
0.435862670501000027
0.436008110983999997
0.436036340174000003
0.436131419828000022
0.436058282492999993
0.435934225820000021
0.435853334536999981
0.436057488895000012
0.436231387633999990
0.436341577942000014
0.436077608256999982
0.435909044535000012
0.436039838030000015
0.435686046986999975
0.435903863828000004
0.435886430265000013
0.435782613704999988
0.436043465058000013
0.436098827811999989
0.435848186447999997
0.435843536407999999
0.436127703343999973
0.436143947240999974
0.436157487130999999
0.436177802263999992
0.435980951620000001
0.436081791389999973
0.436093718976000022
0.435863560205000000
0.435816233868999980
0.435919975600000009
0.436089957264999994
0.435682887219000003
0.435716021160000022
0.435794446667000013
0.435834849480999986
0.435945948686999984
0.435724838414000004
0.436011605728999996
0.435948220132999997
0.435796325588000022
0.435788298116999984
0.436013942077000005
0.435810503424999995
0.435888716246000008
0.436026193196999978
0.435839071620999996
0.435993771490000015
0.435877922191000022
0.435756832293999974
0.435823307084000022
0.435974056562000001
0.436005363962999992
0.435886328416999980
0.435806447380999995
0.435828299508000006
0.435899123900000018
0.435928411535999982
0.435844971066999987
0.435863321299999995
0.435980402130999978
0.435948173433999997
0.435963849098000011
0.435967719124999986
0.435867743141999997
0.436059822107999984
0.435804090272999989
0.436008368195999974
0.435937708636000010
0.436075334194000019
0.435875497632999986
0.435855844830000005
0.435721248489999990
0.435831307695999981
0.435890123992999978
0.435891155927000007
0.435982018874999988
0.435885526417999991
0.436001167470000006
0.436143428537000000
0.435777385708999987
0.435715509883999985
0.435868138306999997
0.435790316248000020
0.435844736409000011
0.435939681969999993
0.436050952421999982
0.435976076840000004
0.435911933041999988
0.435984572884999977
0.435838437886999996
0.435894323648999993
0.435799113573999974
0.435713271801999980
0.435803989369000000
0.435943952257999978
0.436077347793999981
0.435972442549000028
0.435890707612999972
0.435985907642000015
0.435964620016000004
0.435922898374999979
0.436083607145999974
0.436110499039000010
0.435938247195999995
0.435909592452000005
0.435975943999000026
0.435915844010999975
0.436055477871000019
0.436048537266000014
0.435883496533999992
0.436005103813999983
0.436266705919999997
0.436064443789000000
0.435906310339999992
0.435952976804000025
0.435937271098000012
0.435912052664000016
0.435883410041000008
0.436014624726999978
0.435971755813000017
0.436087504229999978
0.436140378537999973
0.436008603147000018
0.436018438983000023
0.436055122154999975
0.435929723692999982
0.436074038336000003
0.436053919065000017
0.435908497301000009
0.435853286710999988
0.436148397188000025
0.436045430896000008
0.435995969443000009
0.435975915044999995
0.435872282073999973
0.435918337104000020
0.435868226041999984
0.435997593096999980
0.436007607482999993
0.435929983041999980
0.436059500090999974
0.435960857087999976
0.435885218462999990
0.436091493316000001
0.436234385654000023
0.436190514974999999
0.436071781453999996
0.435893348839999972
0.435949543238999981
0.435941687347999984
0.435749792971000027
0.435957187001999980
0.436010295672999981
0.436020214238000026
0.436035550556999996
0.435944195899000020
0.435886418476999993
0.435757860271999975
0.435896660441000006
0.436055604960000009
0.436147424511000026
0.435963392143000006
0.435897947863999990
0.436007440217999975
0.435870018884000010
0.435813096198999994
0.435858659970000006
0.435879356255000017
0.435937592232000015
0.435921611737999981
0.436138472916999975
0.435926628664000004
0.435959514890000011
0.435831999859999986
0.435905066738999980
0.435782415222999986
0.435738188995999975
0.435809981613999975
0.435843800896000000
0.435823951190000003
0.435749619087999973
0.435878943755000026
0.435925206959999978
0.436019422448999994
0.436064134710999973
0.436087118333000012
0.436175821789999973
0.436063663508000021
0.435994919653000024
0.436094515623000001
0.436077199382000014
0.436158596007000021
0.436007078948000004
0.435948629636000007
0.435979298409999994
0.435951133551000014
0.436100673070999978
0.435870678228000019
0.435846636288000022
0.435861561082000026
0.435663626711999985
0.435779777109999988
0.435984098837000011
0.435963942928000003
0.435902208329000007
0.436010249868000022
0.435960209812999988
0.435934213750000021
0.436070329438999982
0.436175607359999995
0.435943918488999993
0.436092261561000005
0.435977066774999977
0.435831845052000011
0.435896092515999978
0.435719707133999989
0.435847233873000006
0.436038524541999983
0.435838503842000013
0.436006198381000021
0.436081515186000024
0.436129965502000005
0.436174536062999996
0.435990789847000015
0.435894877693999983
0.436086971381999977
0.435887733720000004
0.435903514340999998
0.435868684845000021
0.435763148619000007
0.435900871041999982
0.435749583102999993
0.435747740609000012
0.436102880211000021
0.435876944897000018
0.435902558978999988
0.435811323432999997
0.435832281885999984
0.435820631414999993
0.435931061707000023
0.435950257928000018
0.435890427312000006
0.435852410028999993
0.435851287746000016
0.435932273508999990
0.436030203286000007
0.436055575758000025
0.436030012033999992
0.436118924788999995
0.436028728746000016
0.435950985986999995
0.436202990635999988
0.436220110627999980
0.436037091094000018
0.436069615500000007
0.436023763743000004
0.435883670719000027
0.435958226328999998
0.436012493775000010
0.435949099477999980
0.435945301750999992
0.435940707574999975
0.436293441482999977
0.436164604249999976
0.436077221972999973
0.436042602747000019
0.435908004040000019
0.435871993436000027
0.436023395932000013
0.436042175724000003
0.436074763977000013
0.436081827097999974
0.435871048812000006
0.435680818139999981
0.435863396716999973
0.435851408104000027
0.435890918261999993
0.435841255019000007
0.436014216083999984
0.435964507735000006
0.436038626579999977
0.436057964349000016
0.435942015816999984
0.435864405652000020
0.436036651913999984
0.435824448621000005
0.435976291530999982
0.435916062278999983
0.435990359923999982
0.436087535274000015
