0.430913554784000008
0.431014567203999999
0.431017735005000013
0.431316466276999988
0.430900744004000025
0.430981367609000021
0.430990305073999991
0.431018691959999978
0.431162018456999974
0.431267042845000004
0.431260514945000006
0.431109073362999973
0.431179630448999984
0.430977907459999976
0.430895551797999987
0.431050774038000017
0.430979790058000023
0.431116407614999975
0.430972935921999978
0.431017245860000009
0.431196823196999979
0.431153450581000020
0.431015629741999973
0.430949839308999993
0.430881267128000012
0.430934635080999995
0.430861057606999998
0.430905016766999993
0.431017212958999973
0.431004294033000002
0.431081622502999973
0.430961241617000002
0.430995002311000019
0.430928222892000001
0.430939592779999991
0.430766601129000004
0.430881498282999986
0.430855033143999977
0.431233935986000017
0.431193253940999999
0.431173251480999997
0.430880897190000001
0.430969178913000017
0.431025834463000024
0.431079933771999990
0.430973838280999999
0.430905378138999984
0.431150551488000022
0.431150375899999994
0.431251386174999973
0.431188631340999995
0.431217792777000009
0.431069232743999997
0.431048249742000011
0.431033394179999974
0.430947054612000002
0.430944725162999975
0.430829203406000005
0.431182779231999991
0.431150591184000009
0.431083843040000025
0.431162584798000015
0.431124305024999988
0.431094848924999996
0.431077311530000007
0.431070054644000000
0.431043294467000015
0.431022762241999979
0.430978604305999990
0.430886739753000014
0.430853452598000008
0.431063173809000000
0.431117055656000003
0.431032206161999998
0.430905718857999998
0.430955025503000022
0.430989132301999978
0.431041942176000004
0.430931186417000012
0.431093709295999994
0.431257086888999996
0.431227650076000002
0.431108490489999996
0.431064031700999994
0.431042393462999995
0.430907354484000027
0.430983422371000013
0.431104666912000001
0.431123798584000018
0.430988591229000018
0.431134093965999998
0.431127309800000025
0.431039629651000011
0.430877474350000012
0.430920288440000021
0.430980355702999973
0.430952170520000011
0.431021172707000022
0.431001555822999982
0.430803204059000022
0.430804307978999990
0.430859657625999981
0.431015142118999994
0.430883516906000019
0.431003673779999985
0.431179457506000008
0.430944748920000009
0.430587764909000026
0.430837295570999979
0.431121343817999991
0.431140334883000020
0.431252026597999993
0.431219255901000020
0.430981514323000026
0.430782489626999998
0.430846681057000025
0.431012493907000027
0.430767119937999987
0.430876792396000019
0.431041789745000015
0.431021627437999988
0.430881267964999981
0.430850709117000019
0.430892122132999988
0.430932200584999980
0.430793690043999977
0.430946925250000001
0.431049536569000025
0.431159681823999996
0.431247361966999976
0.431192190181000023
0.431337676750000010
0.431022795936000014
0.431075009316000013
0.430935653458999979
0.430937336881999977
0.430945062553000025
0.431103483893999995
0.431061293451000027
0.430974408634999973
0.431156765587000002
0.431219753746000023
0.430936231082999999
0.430990157879000024
0.431031826005000007
0.430897991865999974
0.431040287362000007
0.430923526825999992
0.430796933318999986
0.430912770609999995
0.431061727057999999
0.430895132301000017
0.431122056064999981
0.431021745052000027
0.431109103064999999
0.430951930235999980
0.431218016704000007
0.431389638781999984
0.431234380726999988
0.431125112601000005
0.431205145171999982
0.430961938430000024
0.430912978471999997
0.431014166162999979
0.430991446293999991
0.430978214239000013
0.431082192129999986
0.431243892821999986
0.431329814545000023
0.431263624731999973
0.431021003939999980
0.431088950851000019
0.430968189604999996
0.430815396723000010
0.430905884974999986
0.431031194364000003
0.430997903520999981
0.430981970423000016
0.430926858593000006
0.430834990026000009
0.431041800287999988
0.431234373306999985
0.431009537594999992
0.430954844138000004
0.430961737991000016
0.430929414181000003
0.430988041433000013
0.430733677995999986
0.430580879217000001
0.430790674727000000
0.430885605000000005
0.431084445262999993
0.431060102225000019
0.431019931069999973
0.431219750941000013
0.431499936452999999
0.431260953700999983
0.431196094319000023
0.431037818926999994
0.431090130259999982
0.430937144591999999
0.431048313484000023
0.430999913570000004
0.430848286623999988
0.430948158409000026
0.430892549555000004
0.430915143753999974
0.431175492787000014
0.431229892278999993
0.431196533772999990
0.431085657848999992
0.431023709026000013
0.430910136707000013
0.430985473901000005
0.431093052250999975
0.431029836163999980
0.431078100513999973
0.431109322186000010
0.431148172915999994
0.431234514419000015
0.431060735545999996
0.431205157005000006
0.431276198491999996
0.431135197435000006
0.431312829095999994
0.430977364714999978
0.431068828268000026
0.430904181202000025
0.431083682452999994
0.430954854022000011
0.430897446198000023
0.430694534550000008
0.430682752820999992
0.430918078676999994
0.430987091453000015
0.430988678093000011
0.431011322297999988
0.431119316508999983
0.430965919859999991
0.431004308313999995
0.430876953140000019
0.430946635462999994
0.431083916801999978
0.431102781002000002
0.431124461372999979
0.430921307867999981
0.430822680216000009
0.430882915965999980
0.430898750180999990
0.430851535283000020
0.430940641863999996
0.430968877493000002
0.431213312602999999
0.431117697013000012
0.431045852785999994
0.431069312225000001
0.430844397416999980
0.430745483087999981
0.430875975395999977
0.431002375235999990
0.430939473499000025
0.430932212312999996
0.430950862674000013
0.431005981330000010
0.430885671354000022
0.431001060124000024
0.430862188821000025
0.430833803469000021
0.430863403029000003
0.430844675702000024
0.431042638980999981
0.431014835258999973
0.431123229228999982
0.431091956637000007
0.431135508725000005
0.431078066741999999
0.431037012737000014
0.431060220722000009
0.430939629589000006
0.430979235635999991
0.431162737791000006
0.431028010991999999
0.430960897587999991
0.430801370068999989
0.431206370492000002
0.431079542737999977
0.431001114964999987
0.431016720914999985
0.431005574557000004
0.431217449570000022
0.430998934991999982
0.430995218061999974
0.431106627051999980
0.431202028228000023
0.431133788921000016
0.430994285166000024
0.431049707645999980
0.430993829411000007
0.431084548628999975
0.431258884017999999
0.431165570582000002
0.430990535650999984
0.431188501298999993
0.431086803796999984
0.430991343397999993
0.431021557045000003
0.431228833400000011
0.431316273314999998
0.431139490806000003
0.431052218536999987
0.431151773224000001
0.431061309900000023
0.431093247023000004
0.431065961231999972
0.430931087242000022
0.430917969635000009
0.431114132909000025
0.431107921306999986
0.431071537213999989
0.431079146482999997
0.430842726078999982
0.430954069817000018
0.431133705428000003
0.431166432554999979
0.430966098414000021
0.431050769717999993
0.431071819407999990
0.431111219479999974
0.431177013534000009
0.431277499969999978
0.431216689850000001
0.431301274407000002
0.431223762341999994
0.431164945244999986
0.431138610334000028
0.431036718473000013
0.431093507426000000
0.431181109321999989
0.431068095593000022
0.431032215893999981
0.430929866404999973
0.430973875326000011
0.431085752363999986
0.431112427824999977
0.431099677422999983
0.430964637548999996
0.430961855983000020
0.430779913648000001
0.430774565127999998
0.430889297027000018
0.430804929398000025
0.430841562181000004
0.430915682889000007
0.430971750511999985
0.431081331414000013
0.430892412587999984
0.430960603714000023
0.430959533850000021
0.430922239980999988
0.430844674676000017
0.430604309061999979
0.430987147951999994
0.431108479598000027
0.431006453055999994
0.431016839423999987
0.430999197702000014
0.430911276949999977
0.430818410478999991
0.431044421617999995
0.430999227067000001
0.430917022947000017
0.430916776173999982
0.430982311070999990
0.431019844014000009
0.431145101954999999
0.431168954627999979
0.431096914589999991
0.431101882021000027
0.430857357807999997
0.431020928415000004
0.430996727231000021
0.430758290915999986
0.430805419583999982
0.430913975918999992
0.431134702511999979
0.431263032097999988
0.431217750866000005
0.431130670190000009
0.431053213709000016
0.430986492557999978
0.430867756727000006
0.430988556409000023
0.430994904176999982
0.430794318600000004
0.430815351532999991
0.430845167435000009
0.430826467336999974
0.430983670330000013
0.430952708457999989
0.430922425587999980
0.431065411093999984
0.430904374172999982
0.430857249165000011
0.431082469482999997
0.431077043518000025
0.431158545472999977
0.431117081559000026
0.430796579279999980
0.430825581557999993
0.431009081482000012
0.431007982683000002
0.431051992316999977
0.431028087961999984
0.430910656251000002
0.430948404660000006
0.430925176613999983
0.431026913976999992
0.431240033136000012
0.431091909599000012
0.431154051330000010
0.430977794448999973
0.430884791110999976
0.430857335725999990
0.430891513968000017
0.430933023608999988
0.431032550161999983
0.431024751466999978
0.430858825715000004
0.430932358216999989
0.430989312963000026
0.430933260972999999
0.430735933236000013
0.431018770158999975
0.430941003852000015
0.431073317565000003
0.431057045924999993
0.430746557402000019
0.430893863340000016
0.431199064665999998
0.431126065675000003
0.431113532377000008
0.431075512129000027
0.431141455519999994
0.430958782554999975
0.430955853363999997
0.431104052560999984
0.431184339186000021
0.431207816252999976
0.431234874002000002
0.431036085283000026
0.430790052137000001
0.430791813884000008
0.431093697054000025
0.431053988596000026
0.431128431388999978
0.430841377696999983
0.431070885577999996
0.431099269540999974
0.431160574816999986
0.431210837909000000
0.431208531449000010
0.431099026335000024
0.431031345048999981
0.430944816953000021
0.430904669018999986
0.431078723283999987
0.431031301990000004
0.430988626410999998
0.431103928518000001
0.430937563705000026
0.430827724143000024
0.431105146313000009
0.430990722373000013
0.430884916441999999
0.430726428973999986
0.430843934634000003
0.431079687290999991
0.431023744403999987
0.431007170421999986
0.431172492387999984
0.431141096629000020
0.431003776928000015
0.431132094791999987
0.430918347977000016
0.430718014219000023
0.430914108901000015
0.430866497871999987
0.431010931619000004
0.430909621763999995
0.430922196997000018
0.431019394727000016
0.431060624913999990
0.431132580526999987
0.431013509284999985
0.431009262793000003
0.431097884556999988
0.431038304044000009
0.430958034647999977
0.431080837752999990
0.431158054959000003
0.431020238042000015
0.430984840051999996
0.431084160637999980
0.431017916780999988
0.430928256620999983
0.430912709579999997
0.431086299918000015
0.431090039676000014
0.430970360152999998
0.431086591650999995
0.431074430067000025
0.430911046794999975
0.430931879209999980
0.431078169364999986
0.431201851736999986
0.431059976364000008
0.431147861025000023
0.431040060152000026
0.430903040562999995
0.431188205541000014
0.431163421295000016
0.431155210023999980
0.431023333188999991
0.430975549569000027
0.430799468512000017
0.430829790403999990
0.430978086729999987
0.431044570414999995
0.431072756735000007
0.431181140101999982
0.431073745555999976
0.430948997906999975
0.431011018736000007
0.430988128646000002
0.431071675222000017
0.431058860714000014
0.431159702463999983
0.431120292141000006
0.431061917000999995
0.431176400274999982
0.431106350307000008
0.431160431454999993
0.431216849223999998
0.430922840119999984
0.430876127542999976
0.430994291759999981
0.431032954756000009
0.431002138038000027
0.431045000080000018
0.430989700749999982
0.431039737714000004
0.430962856484999990
0.431192211955999993
0.431218608215999999
0.430914339097999977
0.430762655551999996
0.430873179574999987
0.430801905736000024
0.430907017640999979
0.430978111403999997
0.431057818034999984
0.430918759147999986
0.430891609411999998
0.431016820415999979
0.431094232793999999
0.431154013123999980
0.431158347827000021
0.431214998083000012
0.431175159975999978
0.431082898948999982
0.431160181458999980
0.431244629388999989
0.431156585511999979
0.431253687065000002
0.430977269584000011
0.431141203189999989
0.431233760153000023
0.430993925243000009
0.431038950596999981
0.431020400897000000
0.431057292947000015
0.431088706923999976
0.430849488860000018
0.430818567119999996
0.430867344099999994
0.430882956250999982
0.430721340640000006
0.430708841464000014
0.430854089817999997
0.430804856374999989
0.431185017838000006
0.431117173653999985
0.431245154721000001
0.431128043055999999
0.431165029260999977
0.430994528460000026
0.431045161298000024
0.431218094546999997
0.431059788863999982
0.431230015241000020
0.431052596291999990
0.431023212400000022
0.430877682355999991
0.430714017466000021
0.430593411443000007
0.430899965283000008
0.430911904768999987
0.430939522194000002
0.430869360485999997
0.430839398262999995
0.430809936411999994
0.430877260669000006
0.430988854202999983
0.430953880073000006
0.431088530824000005
0.430944978890999975
0.430932846646000012
0.431033038875999974
0.430864874682000021
0.431022421882000017
0.431259866662000002
0.431011614202000015
0.430911404438000023
0.431025012052999978
0.431003074107000006
0.431164573993999989
0.431206055209999994
0.431128136770999981
0.431050475460000027
0.431255089006999992
0.431222474254000010
0.431085586176999991
0.431031018039000013
0.431155473612999995
0.431064659214000001
0.431131701466999973
0.431257959680000025
0.431159004096999976
0.431018902844999996
0.431003340919999978
0.431099700545999998
0.431289596160000011
0.431250324821999986
0.430886890478999973
0.430779444412000001
0.430787862600999993
0.430994528604999982
0.430844630108000004
0.431019328089999987
0.431236391554000009
0.431095325774000004
0.431071140683000009
0.431026428211999990
0.430784175345000020
0.430881024855999994
0.431080977714000002
0.430954699991999979
0.431026151380999978
0.430960274540000021
0.430988646345000004
0.431082158770000001
0.430971867115000018
0.430782187895999980
0.430983793446999996
0.430912773972000007
0.431013608770000001
0.431117948751999991
0.431072707536999999
0.430877422206000005
0.430912023039999981
0.431018690980000008
0.430914975623000018
0.430922082169000020
0.430997896137000014
0.430946194657999992
0.430992577054000015
0.430848980426000006
0.430731773192999989
0.430843422360000006
0.430684720625999995
0.430825921201999973
0.430919616045000009
0.431160195942999980
0.431133830657999984
0.431218099610000016
0.431072122263999991
0.431016263299999980
0.430973704896000009
0.430948938885000021
0.430987517122999986
0.430925480947000006
0.431006509937000015
0.430871809017000007
0.431011263658999999
0.430823497955000023
0.431014119694999975
0.430976808032999981
0.430927740527000003
0.430834377413999992
0.430945184732999975
0.430879161507999986
0.430835218733999992
0.431050813448999981
0.431011437514999984
0.431041868672000006
0.430872224558000005
0.430951481054999974
0.431026940600000019
0.430947233867999990
0.430799242869000010
0.431018147919000005
0.430900576174000016
0.431077885439999975
0.430878722117000013
0.430846216117000025
0.430878753258999991
0.430827885435000002
0.430859276969999982
0.430812902042000012
0.430856659739000003
0.430951138720000015
0.431124237460999982
0.431008172116000010
0.431116604221000010
0.431106852824000020
0.430973751977999975
0.430957163445999991
0.430894760386999975
0.430801391227999986
0.430979581002999990
0.430871824868000020
0.430953672263999998
0.431031231056999975
0.430968797826999983
0.431242477786000000
0.431280843154000004
0.431299710178000006
0.431169216005000022
0.431051374076000027
0.431155184417000015
0.430996759178999989
0.430976149661000008
0.431084594398999987
0.430946926878000014
0.430999327797000009
0.431019415301999997
0.431159202944000008
0.431084809359000010
0.430855304611000023
0.430930869657999982
0.430881492320000004
0.430974822403000002
0.430853309131000006
0.430858759373000000
0.431015894727000026
0.431073735344999986
0.430974970808999991
0.431058034056000017
0.430949116191000015
0.430890403799000010
0.431045484465999995
0.430994672267000001
0.431001285632999998
0.430906555528999979
0.430858971154000014
0.431094092541999985
0.431078794337000026
0.431230920858000022
0.431043770784000024
0.431083192994999975
0.431374271648000018
0.431217788257000023
0.431394502991999995
0.431271568534000005
0.431160492994000000
0.430851398955999998
0.431054865218000016
0.431222090524000012
0.430848585873000012
0.431108035333999995
0.431044207831999981
0.430848406111999982
0.431086555817999983
0.430933118431999995
0.430810379402000010
0.430950497659999987
0.431140122602999998
0.431010214823999982
0.431005871001999996
0.430958371030999987
0.431157845510000026
0.430974997685000027
0.431045989206000013
0.431067307883999995
0.431119563505000025
0.431107825007000012
0.431156284700000003
0.431151086617000023
0.431189618426999988
0.431034715688000003
0.430939692912999994
0.431018348792999995
0.430893943434999982
0.431156078306999979
0.430888369642999980
0.430889544125000024
0.431162615693000018
0.431051193388999998
0.431099931079000021
0.431110703450999999
0.430983495142000017
0.431138705678000000
0.430984644099999981
0.431032858628999982
0.431099898992999997
0.431029834777999998
0.430813041728999979
0.431102305133999997
0.431143576440000009
0.430958283830000011
0.431001497848000015
0.430973391521999982
0.431117921495999978
0.431000911124000019
0.431034499708000007
0.431161978870999996
0.431092818526999988
0.431242406859999983
0.431094303715000016
0.431177310816000026
0.431184070663000019
0.431242233962999988
0.431195077860999976
0.431089179489999974
0.431144795899000011
0.431011946177999983
0.430865514622999990
0.431116408434000009
0.430936126222999982
0.430880066886000002
0.431001862080999998
0.431164358566999972
0.431100271947000013
0.431026747912999997
0.431200778326999989
0.430980967544999982
0.431051447546999977
0.430990664028000015
0.431034640656000001
0.431014044938999974
0.431141936502999978
0.431269886754999998
0.431245853688999981
0.431233857948000010
0.431079433377999977
0.431017129103999974
0.431022545162999982
0.431199027806000001
0.431174535573000006
0.430989354835000005
0.431031769316000013
0.430980461049000008
0.431025778824000005
0.431150687852000003
0.431129097562000019
0.431005455676000016
0.431144152830000016
0.431081562312000011
0.431055498066999998
0.431074286734000001
0.430980132050999998
0.430834564250999974
0.430879616548000000
0.430744550918999991
0.430881134250000020
0.431011468306999990
0.430879010888000014
0.431126443906000023
0.431029154262999981
0.431189122601999986
0.431163112532999993
0.431266315442999981
0.431289702168999978
0.431082159031000001
0.431038469917000011
0.430974459440000013
0.430875840549000022
0.430953981117999985
0.430915305583000008
0.430985927677999980
0.431174567087000027
0.430993071584000020
0.431007459594999975
0.430963221652000017
0.431078294836999998
0.431017204436000001
0.431019149699999993
0.430715350960000021
0.430825519227999998
0.430914611549999993
0.430806322957999976
0.430748564288000013
0.430821588046000015
0.430753326095000000
0.430865215758000020
0.430920321413999996
0.430994126523999987
0.431022748306000014
0.431012569723999983
0.431040340540000011
0.430992449296000002
0.431187416458000017
0.431159312700000019
0.431003124891000011
0.431053693761000001
0.430819817463000021
0.430751958792999989
0.430764687618999997
0.430839605838000017
0.430843846302000011
0.431027687416000005
0.430940936506999994
0.431000824961000006
0.430862843258999983
0.430973132741000020
0.431039964822999999
0.430927877617000021
0.430925742951000001
0.431076495880000021
0.430999186014999980
0.431078287163000007
0.431059918992000024
0.431049939739000021
0.431218702291999989
0.431062990377999999
0.431112719397999999
0.431102260733999987
0.431050396002999991
0.430863193207000006
0.430641678621000001
0.430948446433000010
0.430822711141000014
0.430718545447000001
0.430907064778999982
0.430884497024000002
0.430919244510999999
0.430890649234999978
0.431062063725000000
0.431039848093000000
0.431166016353999981
0.431117300786000024
0.430933035440999979
0.430960518657000025
0.431119344193000020
0.431124632118999984
0.431124028057000008
0.431097264967999994
0.431075545218999989
0.430847825570999987
0.430925595659999994
0.431063930990000010
0.431100499415000005
0.431023398434999983
0.430887488573000021
0.431024100751000006
0.431023878485000012
0.430975671983999997
0.431179456384999993
0.431100062128999983
0.431016874920999993
0.431142829341000011
0.431153603057999990
0.430778643663999983
0.430775196362999990
0.431014803842000027
0.430892962704000015
0.431088484215999990
0.431180661914000007
0.431044368211999984
0.431228790026000008
0.431040228492999999
0.431076210372000002
0.430965281129999989
0.431284153180999996
0.431064184372000003
0.431223094669999973
0.431263479321999987
0.431178296502999991
0.431199361280000026
0.431035567286000010
0.431040760083000019
0.431171652040999998
0.431121794725000007
0.430956467281999989
0.431001208001000002
0.431028597713999984
0.430983182907999973
0.431247304311999979
0.431227731946999981
0.431210021872000027
0.431158306265999991
0.431009675915999979
0.431077141220000015
0.431000431538999973
0.431010277920999996
0.430893027496999981
0.431086557220999977
0.431070008632999990
0.430973768149000014
0.430897431143999976
0.430935747897999988
0.431059570991999985
0.431034317471999995
0.431080611961000004
0.430897557057000002
0.431103236857000027
0.431083291212999986
0.430796433400999990
0.430864916104999995
0.430996503615000026
0.431048123472999978
0.430961117881999978
0.431102557966000000
0.431364555320999987
0.431219655601999985
0.431075454660000024
0.431265430913000014
0.431161966392999974
0.431030918724999990
0.430946963753000012
0.430976985975999982
0.431185499430000008
0.431154353223999975
0.430925883542000010
0.431075359330000019
0.431157033128000022
0.430934594938000015
0.431079075666999989
0.431001795902999973
0.431018010707999999
0.430981567030999990
0.431066839791000023
0.431008023269999985
0.430839031611000012
0.431045601908000009
0.431086569671000008
0.431142101489000007
0.431147072961000022
0.431252224703999987
0.431188580707999980
0.431217324095000021
0.431109352665000001
0.431128191629999991
0.431019921485000013
0.431059874351000016
0.431172951759000000
0.431284981710000015
0.431198587946000023
0.431029050048999995
0.430853020217999982
0.430818286042000009
0.430783488764000022
0.430935514287999977
0.430756453021999997
0.430912232075000012
0.430896041803999985
0.430796333598999992
0.430901604727000009
0.431121616298999977
0.431194584021000027
0.431052345723999975
0.430834167737999985
0.430996841597000024
0.431087491436000003
0.431066601343000011
0.431045100608999976
0.430977880678000025
0.431161486599999977
0.431081237434000009
0.430885439415999993
0.431052197884000010
0.431242065592000012
0.431185818348000016
0.431057613833999986
0.431074798661999992
0.430998730506999994
0.430982850761000014
0.431023000659000011
0.431139691922000023
0.431087023329999985
0.431203244727999979
0.431014339485000009
0.430963709058000022
0.430933658340000025
0.430895427346999982
0.431009435408000019
0.430869353055999993
0.431064548978999984
0.430939547142000001
0.430820131720999977
0.430974112206000015
0.431151370887000007
0.431029266111000009
0.430962387561000027
0.430870637813000001
0.431083862405999996
0.431090431775999983
0.431073659887000027
0.431071547572999980
0.431051213303999980
0.431014666338000008
0.430914643446999979
0.430952410926999985
0.430935456617000001
0.430939225663000025
0.430856071007999997
0.430917092871999974
0.430921439956999996
0.430934322925999980
0.430938111731999973
0.431006739018999996
0.431006563279999977
0.431122449791000006
0.431063565772999979
0.431198096139000009
0.431309397824000018
0.431222813016000017
0.431275491037000025
0.431211572270000010
0.431037599009000016
0.431062533229000011
0.430973257102000018
0.430844313576999982
0.431031198437999974
0.431044752131000020
0.430987531157999981
0.430987540004000025
0.431064872022999979
0.431150510998000003
0.430877480392000023
0.430871019073999995
0.430870528620000026
0.431044982096999985
0.431003617542000006
0.431044663210999990
0.431084329709000014
0.430869043514999994
0.430965232759000005
0.430911907305000008
0.430745346463000001
0.430764969406999987
0.430779717122000028
0.430981771823000015
0.431008954346999984
0.430867449412000003
0.430996762282000012
0.430972287205000026
0.430968150930000016
0.431191959640999989
0.431261104850999999
0.431157372121000027
0.431053662439999985
0.431289251938999973
0.431246908948999974
0.430987572785999973
0.431050850677999975
0.431237311879999974
0.431305692804999974
0.431138980527000004
0.431131528378000006
0.431028425290999995
0.430931681512999987
0.430910310088000015
0.431078948761999980
0.431213049213999999
0.431200869807999987
0.431376168462999976
0.431262632580000027
0.431109856321999996
0.431112564746000015
0.431121839115000016
0.431065347069000016
0.431131184647000010
0.431010052433999979
0.430898356563000018
0.430829060355000015
0.430924523492999978
0.430953401643000000
0.431025094872000025
0.430962619026000027
0.431009390350999999
0.431059483952000000
0.430912806814000016
0.430981378463999976
0.430986621116999979
0.431118100439000007
0.430787258474000012
0.430704904027000013
0.430850942595000008
0.430898527748000026
0.430888569886999973
0.431064394091000003
0.431204504857999993
0.431165511778999977
0.431153898187999984
0.431133690387000001
0.430901912800000009
0.431015325953999995
0.431151596234000012
0.431021082078999973
0.431008990771000022
0.431004684457000020
0.431161882564000010
0.431040010498999981
0.431093533809000007
0.431335072021000021
0.431278734494000004
0.431252420088999999
0.431034144088000004
0.430998623269999992
0.430967539773000008
0.431126225302000010
0.431245940933000005
0.431080959021999999
0.431085927624999976
0.431066859811999992
0.430757431957999981
0.430864692373999991
0.431031289029999987
0.431049479356000020
0.431221240673999973
0.431187054392000002
0.431060357836999974
0.430974931098000003
0.430809171016000025
0.430964863611000004
0.430992980257999980
0.430863972884000024
0.430970326450999974
0.430940480181000007
0.430980641622999983
0.431183093509000026
0.431163058764000018
0.430947164290000018
0.431022320843999995
0.431047964504000014
0.430927122755999981
0.430788468594999974
0.430989383622999989
0.430877436860999996
0.430750366531000017
0.430938359827000017
0.430763538431999993
0.430931688754999986
0.430796294001999980
0.430818298880000006
0.430638039994000021
0.430929400296000020
0.430999464406000010
0.430994354407000013
0.431025213021999976
0.430902607970999996
0.430866090521000000
0.430952428679999999
0.430931754180000015
0.431136965513999992
0.431100049928999973
0.431047514615000016
0.431106048251000018
0.430971853976999997
0.430769869443999975
0.430882456673999992
0.430745850119999996
0.430782879153999987
0.430812132497999989
0.430934140412999989
0.431121116899000012
0.431079438485000022
0.431106971898999991
0.431111930987000014
0.431098680530999978
0.431057644991000022
0.431082885264000015
0.431193352495999993
0.431162941207999972
0.431102106694999987
0.430975253258999991
0.431093014860000012
0.430977374465000007
0.430977082924999977
0.431033096040000008
0.431036432558999982
0.430985045269000000
0.431107994004999995
0.431105149548999977
0.431134152717000008
0.431184442624999997
0.431183123517000000
0.431117760053999988
0.431078729095999980
0.431012862270000019
0.430963722835999985
0.430974520503000003
0.431043821709000019
0.430823002657999998
0.430884179573999992
0.431174800354999999
0.431073287625000023
0.431152547270999997
0.431186561354000020
0.431215636472000008
0.431045247756000005
0.431363459193000010
0.430967503427999998
0.430966701070999991
0.430879072314000022
0.430816654128999998
0.430845909259999993
0.431296018730000008
0.431339835309999975
0.431073655820000012
0.430830174251999987
0.430949311388000023
0.431026350238000011
0.431019706411999992
0.431021748506000002
0.431010128280000016
0.431269690420999996
0.431130205405000022
0.431342707331999975
0.431120876521000007
0.431114524690000001
0.430992641331999993
0.431013259736999998
0.431077504993000016
0.431024246551000023
0.431022225292999994
0.430996751678999979
0.431117765761000027
0.431114110082000013
0.431133817603000014
0.431141143497000001
0.431044325211999979
0.431307200002999991
0.431119254605000002
0.431214037464999977
0.431139416117000018
0.431134558250000022
0.431088566334000001
0.431071250369999992
0.430884206085999977
0.431218952089999996
0.431165399118999981
0.430938913516999977
0.431093290098000015
0.431239944777999984
0.431147610414000015
0.430940652648000022
0.430994425956999994
0.431214372178999994
0.431054539500000000
0.431029651582999995
0.431174205676999989
0.430961779709000015
0.431087374071999985
0.431102047418000012
0.430945582010999972
0.430953269179999987
0.431045141914000007
0.431027012220999983
0.431058615314000027
0.431236750369999977
0.431093914620000018
0.431160964596999985
0.431104791835999979
0.430924948719999978
0.431098603291000027
0.431228753294999989
0.431144369696999985
0.431103790701000023
0.431135692731999975
0.431101771282000001
0.431117096945000000
0.431044516381999976
0.430781974831000003
0.430844992047999975
0.431009778168000013
0.431240922043000019
0.431120811265999992
0.431057211910999993
0.431200044283000017
0.431182213003000026
0.431093431212000000
0.431120250398000004
0.431197560127999979
0.431085077014999984
0.431142031373000001
0.431249672111000015
0.431129311919999980
0.430998427407000007
0.430756337390000021
0.430789557004999990
0.430821562474999975
0.430870193053999984
0.431198004678000013
0.430893183459999995
0.430956979188000022
0.430716920017000016
0.430889387542999991
0.431097941774000015
0.430925082765000023
0.430886815586000005
0.430808524400999981
0.430909823889000010
0.430720983062000018
0.430873778405999996
0.430985415264000027
0.431164653338000026
0.431020730587000023
0.430980068479000000
0.431032937369999980
0.430925901803000000
0.431096223941000001
0.431253837189999989
0.430990008438999983
0.430854962875000025
0.430908989031000000
0.430979369409999979
0.430834820374000005
0.430803656734000007
0.430852041033000011
0.430968021851000027
0.431138746178999999
0.431082993286000027
0.431017029549000008
0.431112426351000000
0.431226896018000017
0.430880042005999997
0.430814108648999994
0.430781682635999974
0.430944153042999989
0.431003439840999980
0.431094774811000003
0.431048825881999997
0.431104526489999973
0.430807835295999975
0.430842480359000024
0.430910450848999982
0.430739024375000001
0.430647165240999996
0.430746784273000005
0.430875584463000005
0.431100701605000025
0.431313605521000010
0.430995291975000028
0.430872106513999986
0.431056842261999973
0.430986043137999986
0.431019249973000007
0.431169765136000027
0.431159441378999975
0.430930773335999995
0.431016866107999996
0.430999561186000024
0.431031918713999984
0.431122675750999995
0.431121643286999978
0.431020170101000022
0.430976622307999990
0.430913033384999977
0.430940242646000005
0.430941578421000004
0.430978637975000023
0.430975700921999993
0.430874392770999981
0.431048376860000027
0.431162272938000024
0.431118080718999985
0.431019647195000022
0.431023804243999997
0.430991480352000023
0.430820773052999983
0.430920864863000019
0.430887907537000014
0.431232067597999980
0.431083654692999974
0.430900917167999997
0.430776378635000012
0.430977460174000016
0.430855724672000007
0.430941670747999994
0.430968889778999997
0.431007987285000005
0.431221425285999993
0.431141647462999988
0.430918188694000004
0.430837346575999980
0.430929905286000003
0.431070775392999983
0.430904122805999990
0.430958126496999994
0.431025154397000010
0.430842491835999986
0.430815574543999991
0.430923902706000006
0.431040273807999974
0.431035155324999975
0.431007259407999999
0.431009162273000013
0.431331656753999981
0.431108596233000019
0.431212525437999983
0.431219116174999972
0.431272355938000007
0.431261545191999995
0.431124038189000025
0.431343951968000017
0.431113194247000009
0.430962887304000009
0.430943249571999976
0.431213207486999983
0.431029129475999973
0.430914778084000027
0.431052833877999975
0.430920531737000012
0.430862539272000022
0.430968838773999996
0.430998481328999983
0.431195614236999980
0.431216998154999975
0.431126249086999980
0.431133586700999993
0.431007958078999998
0.430888751818999993
0.430917379260000011
0.431033664614000001
0.431062370344000023
0.430915767173000008
0.430893794991000001
0.430895151849999991
0.430938698703000000
0.430796212731999972
0.430915986881000024
0.430784350892999990
0.430750443900000002
0.430868161344000022
0.430943979917000008
0.430788251196000005
0.430927880165999977
0.431015928150999983
0.430917171812999988
0.430907512074000021
0.431079937427999993
0.431094381821000017
0.430946481624000011
0.430923911815999983
0.430892252508000007
0.430896655241999993
0.430968536999000007
0.430995217398000008
0.430873271524999990
0.430913663976999983
0.430862006876999992
0.430895088782999980
0.431171338901000012
0.431138145149999985
0.431032722347999997
0.431182844291999989
0.431134638610999987
0.431068940590999983
0.430972664278999995
0.431209333093000025
0.431244180398999977
0.431234989173999994
0.431184255497000013
0.431295845256999988
0.431306276227999996
0.431225903939999988
0.431206982186999987
0.431103159547999992
0.430964460223000001
0.431157535358999977
0.431152141672000000
0.431048261127999988
0.430982282762999991
0.431108696485999976
0.431090191206999984
0.430917895045999977
0.430896850253000008
0.430969185929999998
0.430931083797000014
0.430803341926000005
0.430952245856000005
0.431060848665999974
0.430793965002999990
0.431013706752999992
0.430747560202999979
0.430805671105999988
0.430876388110999986
0.430970455478000003
0.431182147179999975
0.431086681736000010
0.431096528383999977
0.430948683677999989
0.431019190637000005
0.431089457241999985
0.430997795921000015
0.431047746221000005
0.431243424235000006
0.431058941701999987
0.430986692105999991
0.431022201235000013
0.431069189093000016
0.431045611062000011
0.431076868700000004
0.431189597699999982
0.431174704487000016
0.431089488392999987
0.431103676626999999
0.431043907042999996
0.431160755301999987
0.431056915097000004
0.430990039173999973
0.431110710592999991
0.431164055273999980
0.431365619390000010
0.431230251973000023
0.430988465584999980
0.430958177747999993
0.430960260579999976
0.431287907435000006
0.431035291169000023
0.430944167953000001
0.431063180923000000
0.431069544882000000
0.430873902982999990
0.430809183352000025
0.430711746698999975
0.430854235596000001
0.430835172780999975
0.430853538028000027
0.431128273171999976
0.431072461608000002
0.431136000532999997
0.431003504360000012
0.430969081141999999
0.431171860693999986
0.431164447976000009
0.431092604714999994
0.431213918691999987
0.431206851562000004
0.431144996213999987
0.431246824982000010
0.431039327819000007
0.431063455160999975
0.431187672126999988
0.431248678727000012
0.431164506148999982
0.430889650896999987
0.430910859965999982
0.430830522885000011
0.430951777924000023
0.431290711750000000
0.431390332903999973
0.431072149143000016
0.431124458238999975
0.430945723158999983
0.430846438037000012
0.430803689069999995
0.430885123701000017
0.430906609413999997
0.430742133962000007
0.430795882377999984
0.430950916603999978
0.430921140717999973
0.430983966090999981
0.430768445609000017
0.431025252003999992
0.430892147105000012
0.430872767039999993
0.430946998382999991
0.430908525217000016
0.431026382056000024
0.431179086534000000
0.431188260004000012
0.431052185192999981
0.431141810083000010
0.431245046517999997
0.431242495326000008
0.431113981779999988
0.431336092865999998
0.431177407126999979
0.431073194612999977
0.431153699983999994
0.431163604590000027
0.430989697348000023
0.430996462083999998
0.430998375046000026
0.430793377340999983
0.431106579682999980
0.431062015909000007
0.431015074230000017
0.430882851451000026
0.430819621764999994
0.430827779836000013
0.430988752262999986
0.430974179582000017
0.431098141468000018
0.430958363883999995
0.430939628168000022
0.431050439564000021
0.431115300962999992
0.431048955979000004
0.431092895985999980
0.431070360265000008
0.431062033770000019
0.431021050071000000
0.430966131706000011
0.430873836888999995
0.430801680580999991
0.430888445919999974
0.430748875013000021
0.430805075724999986
0.430638877255999974
0.430833244507000002
0.430837165113000020
0.430917148294999997
0.431076383715999989
0.431032878662999996
0.431060784018000021
0.431060773007999998
0.431080683470999981
0.431053724327999987
0.431069904023999972
0.431105966612000013
0.431025639638000002
0.430996957723999985
0.431130542703999975
0.431055796022999982
0.431217703373000028
0.431252515692000016
0.431049586603000023
0.431213647410000012
0.430959892499000019
0.430873208524000018
0.431124318434000009
0.430986996367999975
0.430955381492000023
0.431095769106000004
0.431055872424999986
0.431068682161000027
0.430928266346000011
0.430969368776000006
0.430800683311999999
0.430897350101999976
0.431159741947999997
0.430979948218000009
0.431215483564000024
0.430941367284000010
0.431022637092999983
0.431270282150999995
0.431092546387999986
0.431091530188999983
0.431052456962999986
0.431136980835000017
0.430995675972999981
0.431101696199000017
0.431077990459000027
0.431268665526999995
0.431038380050000003
0.431140039543000009
0.431214639816999978
0.431188863674000000
0.431053945617999978
0.431111853400000022
0.430833537596000016
0.430778647549000027
0.430881759352999993
0.431065626122999979
0.431028993053000020
0.431123551047000009
0.431006869090000022
0.431077189294000018
0.431015431552999984
0.431266389703000019
0.431100173949000021
0.431245357150999986
0.431151038840000000
0.430862075693000002
0.430926521911999982
0.431050669446999990
0.431006427698999994
0.430986036010999995
0.431064360869999996
0.430998459750999985
0.431070071132000021
0.430954598096000008
0.430867040478000007
0.431116350177999985
0.430807927566000004
0.430746994692999985
0.430946099124000004
0.430963457544999984
0.431049244444000001
0.430927237507999994
0.430834518730999982
0.430824452199999985
0.430852223488000008
0.430772640649999983
0.430846832028000004
0.430983378751000012
0.430858366586999997
0.430941143083000022
0.430872183267999975
0.431211791535999978
0.430831253688999993
0.430927517950000005
0.430871214000000002
0.430896970531999990
0.431040532267000009
0.430902307265000006
0.430960630442000003
0.431137902809999973
0.431267110216999983
0.431044049970000009
0.430923653464000023
0.431095780495000025
0.430788372942000009
0.430663306899000009
0.430542428049999981
0.430650036512999990
0.430819636775999992
0.431129172231000002
0.431083691978999983
0.431067171551999972
0.431105801746999973
0.430980848982999987
0.431161249719999973
0.430991114457999980
0.430945919918999998
0.431028411469999984
0.431245783426999985
0.431088390888999973
0.431250751646000019
0.430877049000999990
0.430728746554999986
0.430792229418999972
0.431059694707000007
0.430867591978999986
0.430978279834999978
0.431042498986000000
0.431187891812000013
0.431028815575000002
0.431068559186999989
0.431233499123000019
0.431171332244000005
0.430973723089000005
0.431122741397000020
0.430925750428999998
0.430951619133999986
0.431022579151999985
0.430915908046999974
0.431018069185000019
0.430936683152000011
0.431070766305999997
0.431058611588000018
0.431004227848000021
0.430880940767000009
0.430816535509000009
0.430899287429000022
0.431055261134000001
0.431076693057000027
0.430993779839000002
0.430903824416999981
0.431089799034000021
0.431283357771000020
0.431056774814000010
0.431078553119999985
0.430970088887000002
0.430904782933999975
0.430971445028000000
0.431013923631999973
0.430926234379000017
0.431001665195999972
0.430865409673000022
0.430909308002999980
0.431268478402999977
0.431150478281000005
0.430909716120999986
0.430882293347999989
0.431149373441999995
0.431240631413000008
0.431207320072000022
0.431138352027999994
0.431254771526000003
0.431151250762000005
0.431049961837000006
0.431208259997000021
0.431207121703000018
0.431095224491999995
0.431061094275999979
0.430985932299999985
0.431004226326999973
0.431189048871999991
0.431229964048999992
0.431143340044999990
0.431203226305999998
0.431069593987000010
0.431117549125999977
0.431032457589999973
0.430743750736999997
0.430787761619000009
0.430645532536999998
0.430638939311999980
0.430763796287000011
0.430788958564999991
0.430917782952000006
0.430977768041000020
0.430999681226999998
0.430891347912999989
0.431037147341000015
0.431037810065000027
0.430934712383999996
0.431022010254999977
0.430981425495000015
0.431087195428000003
0.431011945161999976
0.430923310793000003
0.431116991180999998
0.430879290866999998
0.430798908239000022
0.431020174515000021
0.430995185687999993
0.430874731961999990
0.431009796682000013
0.431161187441999993
0.430946496898000020
0.430948287737999980
0.430990360249000004
0.431124434097999998
0.430930715156000010
0.431069792941000007
0.431059133066000022
0.430944253127999999
0.430864353824000013
0.431065558036999974
0.430979034935999983
0.430981993032999999
0.431069787814999994
0.430964572072999985
0.430936173709999981
0.430827717364999974
0.430948360558000010
0.431025957113999991
0.430991735564000000
0.430951255922999987
0.431006378169999982
0.430803446347000019
0.430984056650999980
0.431035615501999980
0.431140436954000006
0.430970315888000000
0.431263661914999985
0.430957869528000026
0.430808562336999989
0.430875280859999987
0.431186317922999995
0.431180768343999987
0.430989239829000004
0.430969335461000025
0.431002331326000021
0.431027882576999977
0.431073117245000026
0.431100650601999980
0.431061966522999995
0.430940719681000006
0.431105754796999974
0.431002372472999995
0.430881795600000006
0.430765216268000017
0.430744323870000001
0.430991811956999982
0.431053055124999973
0.431032112074999973
0.430927286251000019
0.431068092627000021
0.431022040498000025
0.431004153346000007
0.431104741926000012
0.431064496936000019
0.430843770527999992
0.430989398713999994
0.431043498412000015
0.430965418845999981
0.431013099504000019
0.431180444150999986
0.431223804706000025
0.431224562490999996
0.431230118077999991
0.431176525428000001
0.430995469748999993
0.430961573212000015
0.430878800123000005
0.430791303924000002
0.431020368608000026
0.431132217757999980
0.431025366500999985
0.430949478759000026
0.431023189628999992
0.430959623763000010
0.430828476454999998
0.430876052306999990
0.430866374697000010
0.430992402222000026
0.430803160736000001
0.430940739557999997
0.430757239924999979
0.430814064614999992
0.430861110933000002
0.430889498827000006
0.431002283960000010
0.431079869840000018
0.430869976167999991
0.430808414394000028
0.430980323916999974
0.430904194141999985
0.430927327395999982
0.431105617398000018
0.431018454652000005
0.431195068038999985
0.431046916507000000
0.431223688466000010
0.430978955993999990
0.431037844105000012
0.430865162833000026
0.430919495887999993
0.431028604576999985
0.430839536035000026
0.431032412734000003
0.431046296393999995
0.430839987210999975
0.430936444094000004
0.431132116748999983
0.430984493926000023
0.430731775145999973
0.430969308652999983
0.430953284674999992
0.431014226765000008
0.431037962471999991
0.431031374693000013
0.431029323573999978
0.431096887155999975
0.431282618437999976
0.431160362291999999
0.430944544734999990
0.431216509839000006
0.431091475770999988
0.431213665497000020
0.431029262465000007
0.431058218619999989
0.430974597698000006
0.430844619922999994
0.430966166021000019
0.431068624379999987
0.430961657557999978
0.430913638145999978
0.431081140849000011
0.431030124921000013
0.431069006927000009
0.431048674723000014
0.431064598432999990
0.431044645012999994
0.431077316240999986
0.431175641657000008
0.431057739375000026
0.431129911176000025
0.431194787698000015
0.431188917198999988
0.431174755964999989
0.431113902311999975
0.431034551470000027
0.430905875837999996
0.430924474581000028
0.430882462450999981
0.430834073623000025
0.430947999798000025
0.431010803552999977
0.431234083097000009
0.431118068638999985
0.430837505500999973
0.430821899979999978
0.430901241373999988
0.430993953782000006
0.430927878827999988
0.431084930275000000
0.431043993106999979
0.431043280814000007
0.431002282766000000
0.431153326153000005
0.431206296576000014
0.430999461305999976
0.431010948441000019
0.430879314961999993
0.431017846668000026
0.431014589228000011
0.430955783131000025
0.431079570912999976
0.431131034520000012
0.431118493968999983
0.431137584500999982
0.431041920658999989
0.430984774416000027
0.431215909803999986
0.431298022329999975
0.431138371379000018
0.430973822253999994
0.431149438250999995
0.431133017861000001
0.430927954958999992
0.431106246867999976
0.431140884702999994
0.431070217709999981
0.431178318120999993
0.430939440820000019
