0.436775782484000008
0.436639140332999998
0.436693102040000003
0.436654853205000026
0.436744769403999977
0.436715088648999994
0.436808806860999987
0.436771510329000023
0.436803731583000010
0.436761208010999991
0.436673786549999998
0.436743385973999976
0.436673175660000024
0.436673973014999994
0.436953528741999997
0.436742911788000010
0.436825451565000022
0.436764897270999986
0.436733971622000006
0.436620481188999987
0.436858217715999975
0.436739996462000013
0.436746408219000015
0.436835524408999976
0.436715010319000008
0.436661496102000002
0.436776739952999982
0.436631475887999998
0.436652576786999980
0.436515471466000005
0.436683430739000011
0.436622291177000021
0.436827795274000008
0.436755188302999975
0.436646672781000000
0.436852122685999988
0.436423969372000009
0.436649284754000000
0.436746842221000020
0.436781251200999976
0.436777381650000018
0.436952646295000025
0.436786787359999984
0.436800519709000024
0.436733851665999984
0.436748101338999994
0.436745365499999982
0.436825045736999984
0.436842946146000000
0.436961366415999974
0.436976605287999975
0.437010383629000021
0.436989920485999994
0.436901503310999972
0.437124249568000001
0.437199756818999974
0.436937977580000025
0.436786336328999991
0.436696995784000008
0.436622581818000011
0.436704962829999987
0.436542177671000009
0.436715204400000001
0.436737833271000020
0.436725882831999979
0.436716751075000020
0.436636014291000019
0.436878774563000005
0.437002814647000026
0.437131837897999975
0.436952675996999995
0.436701241138000018
0.436812183066999982
0.436996563009000027
0.436825504048000024
0.436770138881000025
0.436779791264999995
0.436866343564999982
0.436838852662999988
0.436762428305000006
0.436820151662999978
0.436828249321000006
0.436726363113999982
0.436581144347999994
0.436779233621000018
0.436994408920999999
0.436894080535999985
0.436927515888999973
0.436656109914000001
0.436714325883999999
0.436724139828000013
0.436885059357999983
0.436904907783000007
0.436911363958000010
0.436574658627999990
0.436720075860000001
0.436378135823000002
0.436635286158999991
0.436552929471999973
0.436575893910999990
0.436699800001999983
0.436642264245000022
0.436593366438999986
0.436762443399000000
0.436761808259000017
0.436745970240000003
0.436765328913999995
0.436861812066999977
0.437000004717999990
0.436862629268000013
0.436768828353999994
0.436709644168000011
0.436585200933000017
0.436797046751999984
0.436920461127999982
0.436943294975000007
0.437014469482000012
0.436864187588999975
0.436794385093000004
0.436837091053000004
0.436825380082999981
0.436674226815000011
0.436847391074000002
0.436792039116000008
0.436804229988999981
0.436888471479999985
0.436710321658999978
0.436765762075999986
0.436868746305000000
0.436800430073000012
0.436841038090000022
0.436791642719000006
0.436798489005999990
0.436708478013999979
0.436978630086000019
0.436868115240999999
0.436797699032999975
0.436824090685999977
0.436682652437999974
0.436789084518000026
0.436830328802999990
0.436750324372999987
0.436857504093999982
0.436714871522000003
0.436879167850000028
0.436826989732999993
0.436968400576999982
0.436764637898000019
0.436822651278000018
0.436932447818999981
0.437217323907000022
0.437074986459999981
0.437164795473000023
0.436998426198999979
0.436841633334999979
0.436742968138000009
0.436721366938999989
0.436458360435000026
0.436576727225000016
0.436643278249999989
0.436670705499999978
0.436889383836000011
0.436940108433000018
0.436889153076000014
0.437020241847000002
0.436766639673999979
0.436645607902999999
0.436705826791999985
0.436792322683999978
0.436779003328000015
0.436778535879000007
0.436440965402999981
0.436802594112000009
0.436616880919000028
0.436655836525999985
0.436623538909000020
0.436583085794999992
0.436770237622999991
0.436813993730999994
0.436699108815000014
0.436798008116999981
0.436854176925000004
0.436664118529999978
0.436738381213999993
0.436677837916000011
0.436604706890000027
0.436555006725000028
0.436432381059000007
0.436532513996999993
0.436525378656999974
0.436427244554999982
0.436333256820000015
0.436674851320000001
0.436801209992999984
0.436763848733999982
0.436879487552000012
0.436764144041000002
0.436720566636999985
0.436744623303999990
0.436918254685000007
0.436829920621000012
0.436611738018000017
0.436827333511999982
0.436731094503999995
0.436802046250000020
0.436809035750000019
0.436645602839999980
0.436878622951999973
0.436772770001999988
0.436886829360999984
0.436993529920999990
0.436871282485999990
0.436889616563000016
0.436701507195999983
0.436618268535000020
0.436452627325000009
0.436472586293999987
0.436542225650999982
0.436652383822999979
0.436568911000000004
0.436595445036999985
0.436654190572000001
0.436713954831999984
0.436632945057000010
0.436721857972000027
0.436705656998999991
0.436456688185999975
0.436632943150999986
0.436713445994000027
0.436573561195999993
0.436632624111999990
0.436881670265000022
0.436874240267999980
0.436912061537999996
0.436927686799999992
0.436724579353000020
0.436748993531999974
0.436654861338000022
0.436683066537000009
0.436827678946999975
0.436721731714000028
0.436837633958000016
0.436594855825000017
0.436593407212999995
0.436608477137999995
0.436675461243999974
0.436613605434000018
0.436727235371000000
0.436677284609999994
0.436472116889999984
0.436475453339999986
0.436536914877000026
0.436464958246999990
0.436519739053000011
0.436591065833999981
0.436659524045000025
0.436743793732999985
0.436565510554000002
0.436704283653999992
0.436666208838000003
0.436835587598999986
0.436806069369000016
0.436686106981000022
0.436780444536999990
0.436731318212000008
0.436820742952999996
0.436544485370999991
0.436541097601999994
0.436448599157000017
0.436638222645999996
0.436435456853999981
0.436475734090000012
0.436403801965999982
0.436297405202999977
0.436509859534000011
0.436671851526999999
0.436620522096999975
0.436788620344999989
0.436767682164000026
0.436972627421000015
0.436938160680999998
0.436969617192000004
0.437019226894000024
0.436895803435000007
0.436997608398999982
0.436795302403999997
0.436681494085999988
0.436623440246000027
0.436765371090000021
0.436966449292999992
0.436870357629000006
0.436805720382999974
0.436815547186999997
0.436775834066999991
0.436717848844999978
0.436753014461999989
0.436735076514000009
0.436979737586000005
0.436890618274999976
0.436750894928000011
0.436801976219000021
0.436853538719000012
0.436776132604000000
0.436728745714999977
0.436658433274999980
0.436852299670999977
0.436789782278000027
0.436947027343999983
0.436857343863999992
0.436914006814999978
0.436690244529999994
0.436765813572999984
0.436812656304000013
0.436694059994000017
0.436799829443999976
0.436817042069000017
0.436956636758000005
0.436845350941000021
0.436923731215999978
0.436834647404000020
0.436921283669000016
0.436885071786000001
0.436769326655000012
0.436766209254999982
0.436677215825000020
0.436969537901000016
0.436855143923999989
0.436663715506000027
0.436813604146999990
0.436735934852000018
0.436745321234000006
0.436710303035000025
0.436734044850999981
0.436957214114000014
0.437039128549999989
0.436848175773999980
0.436985412352999980
0.436778291742999980
0.436904863500999996
0.436887996290000025
0.436761710786000013
0.436676463131000003
0.436754101494000013
0.436911257938999986
0.436786325490999994
0.436790484132999979
0.436861833472000027
0.436997964271999995
0.437010087503000022
0.436853266731999978
0.436720531465999984
0.436682804772999977
0.436737415577999999
0.436757432886999974
0.436752551044000015
0.436792221982000017
0.436521672144999984
0.436362806047999985
0.436641273735999980
0.436721804601000019
0.436822637023000004
0.436854580130999981
0.436764996053999988
0.436766584718000006
0.436751902437000017
0.436645646833000001
0.436576157996000025
0.436730609401000003
0.436936159569000004
0.436812163949000021
0.436669424804999984
0.436630339445999993
0.436508020637999983
0.436555903495999986
0.436598815098000026
0.436672952652999991
0.436518627654999991
0.436766916137000027
0.436716033102000023
0.436825049326000026
0.436977110305000027
0.436820225396999995
0.436843487142999976
0.436754780808000009
0.436691465399000001
0.436694259359000025
0.436667605371000023
0.436633074042000024
0.436558605591999993
0.436648316277999993
0.436751733229000016
0.436574941529000005
0.436779655469999972
0.436872715435000003
0.436736880684000017
0.436770323485000000
0.436743570630000022
0.436511914152000025
0.436410773184999989
0.436380402270000023
0.436493697924000001
0.436588219047000015
0.436637892309999998
0.436777458018999976
0.436623303327000001
0.436693902244999987
0.436981102015999989
0.437035997329000003
0.436936694329999986
0.436875231159999988
0.436895986479999998
0.436794748334999983
0.436751090926999985
0.436590739359000002
0.436808998622999989
0.436731125286999977
0.436816410147000012
0.436791636503000014
0.436581676576999977
0.436627323121999977
0.436653430522000008
0.436656754749999987
0.436730036170999980
0.436607208221000020
0.436771000696999978
0.436828334814000019
0.436950277614999993
0.436858718909000021
0.436761771582000025
0.436808655190999984
0.436729479355999983
0.436676148152999988
0.436714156984000013
0.436647008898000011
0.436880653738000002
0.436774916971000016
0.436745909027000001
0.436587492013999989
0.436619169916000027
0.436586797128000026
0.436661285399000010
0.436514238454000003
0.436634210961000024
0.436573083548999985
0.436675058768000002
0.436995718964000024
0.437010193421000004
0.436941473562000027
0.436905999654000010
0.436631441334000003
0.436871743485999997
0.436745611367999997
0.436714636644000009
0.436642915828000022
0.436713404294000018
0.436617147426999974
0.436731682567000012
0.436614087549999974
0.436664069731000026
0.436705501015999975
0.436510444118999974
0.436499958625999995
0.436406554368000021
0.436568216670000009
0.436556863003999984
0.436586840779000007
0.436731466554000025
0.436602517523999978
0.436727007349999974
0.436720233741999975
0.436728274259999993
0.436889418623999992
0.436785922353000011
0.436640251824999992
0.436939564812000025
0.436895621637999998
0.436769727062999991
0.436681231489999988
0.436772575320000023
0.436809587075999983
0.436894200529999999
0.436899790286000012
0.436868085703000009
0.436861913677999980
0.436636875949000025
0.436666083057999976
0.436694340969999983
0.436623357027000003
0.436467665797000026
0.436617654904000008
0.436692619457999975
0.436639941081000016
0.436630504463000002
0.436629330890999978
0.436913548358000003
0.436806098927000008
0.436790997778999990
0.436854791490000005
0.436687582512999994
0.436819637410999995
0.436718382844999975
0.436790378348999975
0.436826098426000009
0.436699850868999984
0.436688387301000014
0.436543953998000001
0.436588944897000009
0.436673086471999983
0.436733794630999983
0.436608278725999999
0.436648631959000000
0.436583246930999980
0.436601045859000003
0.436609390684999987
0.436652339514000010
0.436454285112000018
0.436649661121999988
0.436775349415999992
0.436718610644000027
0.436843030033000013
0.436762020101000015
0.436858010151000009
0.436681203926999995
0.436698580353000021
0.436700012044999974
0.436947570830000021
0.436704323855999998
0.436697977555999983
0.436600150583999980
0.436898256819999997
0.436730622705000016
0.436703417789999992
0.436609235955999986
0.436762321391999997
0.436606837096999989
0.436816271591999983
0.436674302198000019
0.436703372358999975
0.436759390834999983
0.436645922951999998
0.436780147650000006
0.436912060499999977
0.437019824994999972
0.436832758307000024
0.436735959121999973
0.436699327829000006
0.436661796378000011
0.436524946498999977
0.436522545488999991
0.436489373397000002
0.436476699241000021
0.436756968640000021
0.436690356511000022
0.436817982732999988
0.436933990636000025
0.436887397670000011
0.436946021292999975
0.436992202064000024
0.436911461730000006
0.436733926436000008
0.436711365675000018
0.436786168161999999
0.436913292230000028
0.436868268880999999
0.436772291744000007
0.436548029652999992
0.436748603909999977
0.436705551663999991
0.436706314967999998
0.436683408662000005
0.436763570885000008
0.436673016966000027
0.436659099255000016
0.436452967419000026
0.436626327313999973
0.436772374236000016
0.436726427979999998
0.436650093731000000
0.436711627960999993
0.436823195356000005
0.436637773585000000
0.436516721413999997
0.436826713912000009
0.436849431564000024
0.436840070477999998
0.436789823487000017
0.436817991000000017
0.436850410994000016
0.436685315221000014
0.436572640650000010
0.436774861893999999
0.436750309565999972
0.436864030226000011
0.436681998824999973
0.436653070131999999
0.436358468246999975
0.436637420320000025
0.436652421339999985
0.436667894685000002
0.436444159193000003
0.436694802451000008
0.436768954855000002
0.436599765819999985
0.436669788516000024
0.436665383869999979
0.436637333543999973
0.436781797817999973
0.436805904839999981
0.436713578180999984
0.436746773573999991
0.436590502067000008
0.436684802634000002
0.436661741474999976
0.436724436177999997
0.436847519838000020
0.436849193557000026
0.436919556215000005
0.436894684109000009
0.436835137613000024
0.436662991115000010
0.436486234525999994
0.436591668238999975
0.436714407919999992
0.436572265357000000
0.436714915200999976
0.436662477355000023
0.436676800744000004
0.436417267092000016
0.436623091116999984
0.436594876788999997
0.436736487258000017
0.436741799443000012
0.436733873544999984
0.436654329336999991
0.436517267589000002
0.436678441962000008
0.436693628009000023
0.436679312275000009
0.436642685046999990
0.436710903411999973
0.436653265545999980
0.436490530275000010
0.436579707761000024
0.436644958708999997
0.436658821613999992
0.436688666293999994
0.436812779074999991
0.436769021294000026
0.436729682048000001
0.436717569756000012
0.436701950514000015
0.436903626074000018
0.436863263792000023
0.436818034026000002
0.436781388637000001
0.436740126359999981
0.436481698892000003
0.436415119695999998
0.436456948685000012
0.436715336697000023
0.436809367256999981
0.436985562958000007
0.436868526847999983
0.436726621859999997
0.436728029939999984
0.436710056131999980
0.436570718153000026
0.436749599960999990
0.437019425417999985
0.436856064533999999
0.436818041644000010
0.436695185342000025
0.436468201230999997
0.436683219030999992
0.436815114364000001
0.436714382073000007
0.436751152950999977
0.436577020724000009
0.436502038225000000
0.436547532133000016
0.436632123535000027
0.436576842907999974
0.436780787968000017
0.436772204072000014
0.436614502337999977
0.436585985263999998
0.436564447635999997
0.436691343858000014
0.436586924205000004
0.436670685965000027
0.436831800739000020
0.436809592470000008
0.436784364026999994
0.436945075286999995
0.437001864628999981
0.436875895607999998
0.436780607037000002
0.436707883710000022
0.436835247757000000
0.436802998968999989
0.436774889005999978
0.436623105873999995
0.436717983960000000
0.436719984765000013
0.436580476586999999
0.436598624222999998
0.436661369638999985
0.436868229534999986
0.436868587269000019
0.436848542597999989
0.437132143631999981
0.436820895835999978
0.436731224686999986
0.436601514008999991
0.436759656750000003
0.436637860109999998
0.436654600047000019
0.436563300749999994
0.436701165552999981
0.437031045973999999
0.436863445317999977
0.436860401477000004
0.436733431193000010
0.436645081172999994
0.436706872201999996
0.436604876683000021
0.436485987590000013
0.436628328898999996
0.436528694421999985
0.436461972216000027
0.436427113671000011
0.436521881850999993
0.436773635847000019
0.436830602630000009
0.436752661355999994
0.436747743053000015
0.436740946738999991
0.436485422176000004
0.436557014056999981
0.436750858881999993
0.436868106147000002
0.436681293543999982
0.436482105429999989
0.436612435329000015
0.436670056829000008
0.436656348781000014
0.436623308333000004
0.436673897636999986
0.436683286910000024
0.436647093679000009
0.436690608500000021
0.436656683513000021
0.436773857892999995
0.436634327611999995
0.436451322279000020
0.436258032834999976
0.436340993494000018
0.436589616575000006
0.436578372702999984
0.436724456190999977
0.436763887738000012
0.436929746100000016
0.436620556551000016
0.436698196902999991
0.436708217816999977
0.436622986479999975
0.436570501117000020
0.436503976334000010
0.436662704798999990
0.436701268915999974
0.436889449953999975
0.436838752639000016
0.437063863725000001
0.436774227081999977
0.436886833689999976
0.437081956571999997
0.436852143974999996
0.436644871471999985
0.436458009857999985
0.436666995492999976
0.436759856690999981
0.436791072113000001
0.436716847068000014
0.436699047610000002
0.436597913539000015
0.436612912324000013
0.436578208568999981
0.436682774549999986
0.436788344448999999
0.436821076856000023
0.436784935985999989
0.436901361682000000
0.436806450243000022
0.436801109661999976
0.436747124468000014
0.436830342269000027
0.436732596285999974
0.436821425574000000
0.436521895240999991
0.436568823812999995
0.436616074450999980
0.436576616483999980
0.436611906506999992
0.436450682141000024
0.436676871467000016
0.436577500738999980
0.436737573403000012
0.436759294405999976
0.436866959659999998
0.436969119103999992
0.436760602908000006
0.436722667354000005
0.436776388118999992
0.436756569147000007
0.436830926128000008
0.436850824783000025
0.436576190093000027
0.436832717656000014
0.436777294388000004
0.436770085563000010
0.436852567249000012
0.436879555816000020
0.436784311551000004
0.436858537501000010
0.436644624225000000
0.436718348172999982
0.436559871568000024
0.436777872479999996
0.436773604408000005
0.436689956149000025
0.436668465800999994
0.436686533361999973
0.436676342978000009
0.436877597943999996
0.436898003179999994
0.436811931052999980
0.436643381037000011
0.436887967973999980
0.436841584851999976
0.436787121431999992
0.436737320486000002
0.436697857763999997
0.436633343025999987
0.436608011663999984
0.436587348642999973
0.436689646664000009
0.436681272559000022
0.436602290178000008
0.436610297277000015
0.436786369861999979
0.436738535488999990
0.436587175541999994
0.436591397240000012
0.436577971933999998
0.436584552607000020
0.436681485791000024
0.436643124971999974
0.436595076224000012
0.436542986266000022
0.436619327818000003
0.436570820641999979
0.436587424981999983
0.436763058776000024
0.436607979573000016
0.436737723610000017
0.436932102744999995
0.436847119878999990
0.436576807025999991
0.436725178727999985
0.437003189349000010
0.436733702745000008
0.436733199868000022
0.436771513707000014
0.436704907516999974
0.436670743892000002
0.436780016943000005
0.436906960805000022
0.436881606275000001
0.436911149740999982
0.437021295952000011
0.436623060715000011
0.436684141148000027
0.436829292724000007
0.436840707044999998
0.436847157616999993
0.436864330472999995
0.436868382487999973
0.436604750139000020
0.436525693125000003
0.436656049890999987
0.436578625009999999
0.436689538097000007
0.436713728048999994
0.436760298892000021
0.436734919363000018
0.436724007553000004
0.436986497314000022
0.436960933453000022
0.436700970944000011
0.436522498044000007
0.436564423029000004
0.436728103295000003
0.436941885945999975
0.436881687400999974
0.436815322753000002
0.436904453099999979
0.436683083317000009
0.437033699160999989
0.436856542050000018
0.436685970200999973
0.436668443322999977
0.436696673737999974
0.436759256204000024
0.436804800647000002
0.436800759387000026
0.436790254892000018
0.436914545205000004
0.436719521577000003
0.436613095712000021
0.436451037257000019
0.436585619681000014
0.436841250113999990
0.436835495565999987
0.436719089649000025
0.436632291309999976
0.436426398853999975
0.436687888914000011
0.436888441537000016
0.436632647613000024
0.436721497392000002
0.436551506877999984
0.436647267846999976
0.436713718510000015
0.437000743139000003
0.436838511737000001
0.436837764999000011
0.436768787805000003
0.436666336742999983
0.436573499179999991
0.436703951578000016
0.436440626739000026
0.436648757845999991
0.436632202829999982
0.436577332847999988
0.436698161402000018
0.436852707831999976
0.436721145059000004
0.436655200813000022
0.436745421744999973
0.436440620399999979
0.436562422517000004
0.436709683209999977
0.436702273026999988
0.436795483561000009
0.436971149916000001
0.436868478810000016
0.436668434373999992
0.436680617792999992
0.436828443565000002
0.436783803212999977
0.436717190550000023
0.436784815323000009
0.436713413544999984
0.436809590871999998
0.436785258808000010
0.436937002317999978
0.437001248818999988
0.436824939096000009
0.437040564359999995
0.436783265756999994
0.436728297300000012
0.436757125224000009
0.436926319452000000
0.436904095609000009
0.436778818944999980
0.436969822966000010
0.436832279278999980
0.436863125257999974
0.436637140453999983
0.436544787370000020
0.436630375038000007
0.436652772696000002
0.436750836134999987
0.436678847094000011
0.437009932790999978
0.436912306798000027
0.436895523454000012
0.436826671353999996
0.436673443190999988
0.436717420595000017
0.436651859063000025
0.436492347053999974
0.436724300078000005
0.436818676126000005
0.436765631240000007
0.436767575562000021
0.436908538728999984
0.436712675318999988
0.436709106781999978
0.436848128584000017
0.436722379712999986
0.436870525979999980
0.436982388529000010
0.436805004606000025
0.436867417839999994
0.436891507816000002
0.436979672696000021
0.436780799228000005
0.436741963399000011
0.436852933478000027
0.436803265423999998
0.436756554665000019
0.436550225816000004
0.436619126482000020
0.436616278543999980
0.436787638535000022
0.436989408819999980
0.436959173468999984
0.436874415552000017
0.436789821726000005
0.436757100505999973
0.436858407085999989
0.436742110903000025
0.436709926748999999
0.436825856080999997
0.436822764239999994
0.436857357853999984
0.436786141181999987
0.436860783488999982
0.436609902456000010
0.436682693723000004
0.436815915394999976
0.436915995880000019
0.436781579864999991
0.436825636796999983
0.436765510648000010
0.436716095658000014
0.436544848882999992
0.436516113596999988
0.436423597090999982
0.436531887600999979
0.436797854917999995
0.436674148842000009
0.436790305900000009
0.436878753116999974
0.436868469029000006
0.436859503433999985
0.436876050060000021
0.436560016677000007
0.436534732024999983
0.436532642588999986
0.436737453230999995
0.436680139728999994
0.436868923934999986
0.436798365992999982
0.436624729441999981
0.436689016762999982
0.436559837406000018
0.436511782136000004
0.436473980694000008
0.436654741726999973
0.436812949803000006
0.436714329994000006
0.436725212096999993
0.436635930880000023
0.436715687405999975
0.436684444288000018
0.436677257486000003
0.436910158335000021
0.436909448879999995
0.436850417243999978
0.436639661929000000
0.436709886451000007
0.436729900218999989
0.436913313665000025
0.436876665564000011
0.436863947344000025
0.436848602305999978
0.436882040066999988
0.436894287084000021
0.436891893498999984
0.436906809727000023
0.437004028218999974
0.436913966388000008
0.436962603529999993
0.436895126417000013
0.436784998023000026
0.436608969542000014
0.436703215357999996
0.436555371427999994
0.436636362313999993
0.436635183591999987
0.436735426380999991
0.436711954525000001
0.436813121463999976
0.436667897799000004
0.436707593517999981
0.436590501676999976
0.436800802820999978
0.436715784491999992
0.436680890501000007
0.436767282340999985
0.436555818076000024
0.436456895928999999
0.436614303235999979
0.436755498690999999
0.436731040673999982
0.436482690926000005
0.436512490498999983
0.436616724663999978
0.436563555089000022
0.436838192756999977
0.436742387143999988
0.436595525970000009
0.436738990809000027
0.436629253104000026
0.436747883762000022
0.436739112795999973
0.436579816976999990
0.436664533226000018
0.436766936059999999
0.436539925621000025
0.436715824581999978
0.436573924632999988
0.436608600680999992
0.436745059762999988
0.436818530895999979
0.436721571719000001
0.436675101773000007
0.436736018624000022
0.436728355269999979
0.436505874291000018
0.436646061340999980
0.436641564212999989
0.436578484546999990
0.436705886759999995
0.436586377842999973
0.436633696502000013
0.436596989459999973
0.436720093472000026
0.436620618735000021
0.436645629551999981
0.436647388174999984
0.436538307715999996
0.436587771065000019
0.436826253574999990
0.436785606100000001
0.436889137955000006
0.436703817225999991
0.436722321083000020
0.436527076311999995
0.436589395077999987
0.436633409039999976
0.436878768593000011
0.436785736927999990
0.436735275875999973
0.436765924437999997
0.436769849408999988
0.436752447975999991
0.436865220697000012
0.436641803193999978
0.436534567079000013
0.436520482792999986
0.436477228569999987
0.436574091213999982
0.436733739040000013
0.436812476850000020
0.436728425184000013
0.436610518353000021
0.436668712264000003
0.436748786725999982
0.436606507064000005
0.436840522825000022
0.436877274611999988
0.436863235553999973
0.436916560324999981
0.436855072613999973
0.436767546532000006
0.436735285887000002
0.436595765016000004
0.436541473382000000
0.436612877233000019
0.436720206152000023
0.436679718817000018
0.436817341532000025
0.436935484889000025
0.436647434110999988
0.436544224180999973
0.436786095101000027
0.436661461043999999
0.436759719017000003
0.436726377752999995
0.436693622130999992
0.436683194774000027
0.436815623661999997
0.436696669382000024
0.436605740000999998
0.436500529872999976
0.436647911110000009
0.436603253202999975
0.436447873471999981
0.436488103846999986
0.436551819156999976
0.436703502073999994
0.436683114581000009
0.436510616648999983
0.436835729439999987
0.436809796802999972
0.436890583953999989
0.436954639200999972
0.436896023849000004
0.436976244421000026
0.436985209468000013
0.436970640703000013
0.436720730579000016
0.436762951936000010
0.436751193950999983
0.436776771956999987
0.436758765102999991
0.436592444490000009
0.436427514600000011
0.436599576704000014
0.436616217152999975
0.436653706222000004
0.436700248791999979
0.436702918336999979
0.436952480819999989
0.436817643671999989
0.436655809755000013
0.436679307081999979
0.436330415144999983
0.436286356634999983
0.436369930121999983
0.436632501722999999
0.436885783615000023
0.436745363308999990
0.436938257818999976
0.436795741720000019
0.436506201556999984
0.436610798919999987
0.436615977255999987
0.436485710485999989
0.436854025069999985
0.436815152922999994
0.436585734554000016
0.436537947566000006
0.436534815164999979
0.436618012451000015
0.436596910695000007
0.436724335726999979
0.436948262666000009
0.437017431708999982
0.436895457360999995
0.436825545641000013
0.436779950954000018
0.436704179811000015
0.436559622473999986
0.436722486033999990
0.436791352680000022
0.436724588911000022
0.436703739739000008
0.436885739185000010
0.436868717914999982
0.436809929001000019
0.436818574972999973
0.436757937428000009
0.436728947664000000
0.436787647715000005
0.436571838446000005
0.436520270937000021
0.436692667912999988
0.436642458765000019
0.436694929856000003
0.436580299100999991
0.436736627466000005
0.436757798653999996
0.436683113861000005
0.436820249649000014
0.436699594738999997
0.436813327109000005
0.436793229807000027
0.436847332849000014
0.436801842913999983
0.436774835525999994
0.436924011838999982
0.436781473679999976
0.436668470811000020
0.436789332111999995
0.436800229413999985
0.436912947494000004
0.436659513288000012
0.436459037860000010
0.436752232429999998
0.436882288783000006
0.436907825857999976
0.436747856222999997
0.436614437522999999
0.436587181094999999
0.436670885695999988
0.436859425773000021
0.436771410191999998
0.436807798395999980
0.436511286210999994
0.436416063231000018
0.436495184807000003
0.436361046891000026
0.436437285193000013
0.436689035055000008
0.436621246776000005
0.436466091526000022
0.436476687706000011
0.436558959274000014
0.436588909124000002
0.436556182181000008
0.436722260626000003
0.436582849727999989
0.436539678769999995
0.436706613479000028
0.436624022733999972
0.436709203142999991
0.436641741796000016
0.436793813172000001
0.436734320153000011
0.436827679856999995
0.436801515886000025
0.436672518723000003
0.436758448098999996
0.436590833713999982
0.436768940684000018
0.436935886446000010
0.436660993960999999
0.436675531284999974
0.436800793507999996
0.436781889774000009
0.436530475267999984
0.436386656965999986
0.436542676497999993
0.436628790514999976
0.436622746070000012
0.436564497571999999
0.436672092687000024
0.436705726480999978
0.436903472547999994
0.436904660652000010
0.436829044725000004
0.436845336335000001
0.436886246909000020
0.436797855692000025
0.436765188513999980
0.436659452634000023
0.436865531796000017
0.436686849077999983
0.436604600190000025
0.436686198241000023
0.436682712814000007
0.436680948367999977
0.436736979796999991
0.436511181799999981
0.436599780178999974
0.436666116105000002
0.436738216678000002
0.436837287743000013
0.436724483157000021
0.436702826145999978
0.436620620725000019
0.436634236487000005
0.436800275135000027
0.436758508450000027
0.436729474529000017
0.436704908815999993
0.436639945402000018
0.436604415520000011
0.436347340809000006
0.436549535938000000
0.436796764577000007
0.436810507374000012
0.436663329789000021
0.436704396300999997
0.436788711326000001
0.436671887511999979
0.436720020142000009
0.436906198979000016
0.436974032525999978
0.436953736842999985
0.436970675904000017
0.436900280528000007
0.436741246357000013
0.436825212209999980
0.436771531682999981
0.436785396456000008
0.436673525695000009
0.436594823676999977
0.436772335991000016
0.436785419050000012
0.436807024862000015
0.436724406156999978
0.436808283956000021
0.436837051862999981
0.436689711598999997
0.436670901632000008
0.436804669033000026
0.436853265824000025
0.436590981546999990
0.436671217577999982
0.436713629225000011
0.436431053610000008
0.436463788537999997
0.436683499209000014
0.436852784883999978
0.436625285345000003
0.436688219177000014
0.436666621679000000
0.436547564750000006
0.436670421520000018
0.436587058403999972
0.436808698837999998
0.436764843136999981
0.436709485223999994
0.436848424168999994
0.436930674357000004
0.436532313467999977
0.436652398313999990
0.436758978527000019
0.436517424205000004
0.436537500234000009
0.436552766746999998
0.436412778883000008
0.436647117789000005
0.436667257497000028
0.436685587067999981
0.436787344247999976
0.436802862680000015
0.436850760757000023
0.436675936867999992
0.436673303015000014
0.436727992633999973
0.436704918363999994
0.436718338338000001
0.436648026060000027
0.436697503160000000
0.436795257548000027
0.436636530301000025
0.436562165035000005
0.436663566654000024
0.436693048723999999
0.436676934397999983
0.436779840024999977
0.436696436033999991
0.436710658388999973
0.436735565308000007
0.436738104462999988
0.436681897568999999
0.436616506816000005
0.436642360663999973
0.436688026161999976
0.436875406600999994
0.436782690581999977
0.436801083879999996
0.436707840411000026
0.436723218005000025
0.436769675003999991
0.436596081897999977
0.436836916143000020
0.436680728071000002
0.436720888969999999
0.436709400709999973
0.436765923790999988
0.436785463528999995
0.436978272988999994
0.436868700592000003
0.436590043581999987
0.436787936875000005
0.436774918886000008
0.436722834506000024
0.436734700874000015
0.436831021952999998
0.436743964170999976
0.436638949320000025
0.436625234147999974
0.436695695363000014
0.436649137989000014
0.436831583726000006
0.436513447702999990
0.436589833528000015
0.436574269896999989
0.436607705983000027
0.436616538805000010
0.436885702315999991
0.436736754537999983
0.436942879431000020
0.436892799609000015
0.436689515475000012
0.436817284094000002
0.436909947641999974
0.436717121026000021
0.436706032247999976
0.436614617754999990
0.436745196045999984
0.436744808697999976
0.436743589737999982
0.436905070931000006
0.436700504897000019
0.436468367061000007
0.436739143888999981
0.436659567159999984
0.436670521232000008
0.436737157749999994
0.436777190802000004
0.436762257780999974
0.436816586697999998
0.436586417953000017
0.436801410702000015
0.436756924019999992
0.436594569022000001
0.436768630318000006
0.436938675848000002
0.436779286820000001
0.436822626742999987
0.436646015183999980
0.436849411691000000
0.436761799093999981
0.436701937001999996
0.436835476049000027
0.436670321485999990
0.436801930622000012
0.436859946341000005
0.436669698647999982
0.436615215433000026
0.436797281651999991
0.436768395270999976
0.436806901372999989
0.436784977309000011
0.436784219610000024
0.436932804843000011
0.437112855829000002
0.436977962366000006
0.436840067004999999
0.436770427938000028
0.436714911107999981
0.436601931401000010
0.436937796727999983
0.436834575153000004
0.436776997175999993
0.436849810710000008
0.436501273502000020
0.436741142169000007
0.436654502943000011
0.436533472280999979
0.436690576682999987
0.436688872964999975
0.436780300075999994
0.436804860514000026
0.436799977707999998
0.436684654868000011
0.436733047681000019
0.436835797809999982
0.436793702306000009
0.436871096552000016
0.436888818693999981
0.436935344251000002
0.436977077360999999
0.436784748439000003
0.436825344018999973
0.436857148919999994
0.436796679341000027
0.436701070093999999
0.436667914955999992
0.436801537942999973
0.436791424679999984
0.436653651671999987
0.436717275896000012
0.436809106945000025
0.436898521714000010
0.436704363199000023
0.436714956569999979
0.436727312307999993
0.436767056589999980
0.436689352023999999
0.436652862182000001
0.436726781414999987
0.436847466086999980
0.436794371354000011
0.436743232553000016
0.436642596335000022
0.436707585625000005
0.436610721052999973
0.436807181102000008
0.436591970893999981
0.436558061453000024
0.436627548408999977
0.436664154955999972
0.436650443810999989
0.436584698167999996
0.436651277667999993
0.436521026656999989
0.436607801344999991
0.436352319845000003
0.436399188687999984
0.436558382523999977
0.436562370337000016
0.436742700122999983
0.436755598377999987
0.436639781517999981
0.436521182045999989
0.436579720536000027
0.436579711852999985
0.436493466396999985
0.436765513451999987
0.436810448799999973
0.436791439073999976
0.436910594416999976
0.436837650590999993
0.436899109178000011
0.437031322609999995
0.436802055272999978
0.436739904456000028
0.436920820164000023
0.436610696307000001
0.436805938539000016
0.436877602776000018
0.436797492810999999
0.436834185426999977
0.436898838904999975
0.436792635267999996
0.436814924684000017
0.436825247829999985
0.436756221795999988
0.436583179847000014
0.436592033445000027
0.436772568565000019
0.437010193551000015
0.436870699781999994
0.436842985987999977
0.436831971514999973
0.436830169190000006
0.437042137323999991
0.436651532311000012
0.436847181764999981
0.436423747633999992
0.436607809908000022
0.436418473575000021
0.436341082506000011
0.436503010452000018
0.436803713001000016
0.436908864013999976
0.436763261806999981
0.436556571880000022
0.436637557065999993
0.436628958424999991
0.436708151288999979
0.436657547744999985
0.436704343837999998
0.436655497283000016
0.436614492492999995
0.436685097063999994
0.436630685105000027
0.436884665590999977
0.436787455195999985
0.436792287675999980
0.436747270917999975
0.436812668966000017
0.436664170600000012
0.436642339408000013
0.436777118031000000
0.436915945882000001
0.436826278477999985
0.436799219537000016
0.436815252932000020
0.436906698664000004
0.436940401706000014
0.436780570209000019
0.436511921801999991
0.436647941508000015
0.436673548764999975
0.436494013040000017
0.436396863227999976
0.436438828200000017
0.436469598537999992
0.436649497772999995
0.436658480888000022
0.436820130606999979
0.436648287741999985
0.436727235092999988
0.436738007611000012
0.436635597368999984
0.436729321808000004
0.436742520457000016
0.436781410137999981
0.436822582246000013
0.436821417019000013
0.436643036832000009
0.436631466482000019
0.436616928542000016
0.436630716874999991
0.436935355286000027
0.436919509087999980
0.436764660736000010
0.436668158294999997
0.436662234814999994
0.436673437103999973
0.436669957607999981
0.436915886385000007
0.437017304865000011
0.436704302626999996
0.436759069704000025
0.436693301164999992
0.436789407839999977
0.436659644898999999
0.436685575968000006
0.436643568583000019
0.436733921357000010
0.436696376042000012
0.436771382757999982
0.436736114673999976
0.436798757889000022
0.436786156159999994
0.436935090036999985
0.436876506832000022
0.436582937507000002
0.436773675252999982
0.436611724254000022
0.436603515022999988
0.436605986768999976
0.437001792950000023
0.436879779262999979
0.436796256010999973
0.436696968440999977
0.436760186210000012
0.436782432539000010
0.436803500673000000
0.436757286480000007
0.436775368978999989
0.437000814530000004
0.437088794667999991
0.436984246999000014
0.436865758927000025
0.436718653199999973
0.436731166263000015
0.436990418549000004
0.436721429047000009
0.436866662314999987
0.436786129655000022
0.436664823807999980
0.436792904297000018
0.436837674045000013
0.436731343772999991
0.436885240723999979
0.436652900580999981
0.436733484331999988
0.436610906510999985
0.436597712598000010
0.436609404310999982
0.436820762038000021
0.436618372563999990
0.436739010390999993
0.436677345267000028
0.436616380161000017
0.436908579186999990
0.436961966995999984
0.436880369584999984
0.436913347888999992
0.436795922421999994
0.436803864519999974
0.436529659213000021
0.436566320241999983
0.436658061032000000
0.436729062014000025
0.436676353849999976
0.436829633770999981
0.436637166472999994
0.436628571239000007
0.436800150840999990
0.436733011166999974
0.436715912667999973
0.436700884221000007
0.436800174707000000
0.436622068618000014
0.436781295640999989
0.436781207481000022
0.436743737982000002
0.436684879959000016
0.436805026721000023
0.436563435845000014
0.436725311803000005
0.436652392323000016
0.436633501284000025
0.436707029601999974
0.436722758601000016
0.436778873253000022
0.436969171238999976
0.436619258318000025
0.436760276464999986
0.436807646125999982
0.436733880813999997
0.436945125067000006
0.436979140687000001
0.436788039396000027
0.436685062554000025
0.436671822295999990
0.436895361651000014
0.436669867611999996
0.436814430222000005
0.436805896111000014
0.436731109316999988
0.436903756979000024
0.436899665326999975
0.436848779409999999
0.436741995614000011
0.436725471109000007
0.436760116826000022
0.436824629316000024
0.436938962478999993
0.436900578827999986
0.436842684571000006
0.436866871855000005
0.436903795237999992
0.436767116178999992
0.436836648383000015
0.436709361736999979
0.436709754248999993
0.436596161461999976
0.436739059247000017
0.436726563525000000
0.436616819245000010
0.436766600539000016
0.436727303495999974
0.436781937667000020
0.436909272542000016
0.436922131592999974
0.436725760954999986
0.437023595845000001
0.436783817407999986
0.436776479102000015
0.436703645681999986
0.436739941420999978
0.436764563340000023
0.436730338252000028
0.436718018480000025
0.436664930605000001
0.436754706782999991
0.436862737556000025
0.436555426364999999
0.436665991939000020
0.436717021789000015
0.436601984970000023
0.436553253016000009
0.436481284779999978
0.436663003293999985
0.436577255127999997
0.436627188065999983
0.436693796241000021
0.436670282888000028
0.436661926039999981
0.436550506833999985
0.436693987088000002
0.436759751345999980
0.436663329561000013
0.436908233859000017
0.436892837031000014
0.436916594722999985
0.436698366439000007
0.436614843555999999
0.436570246735000000
0.436626992940000014
0.436597211431999976
0.436667363204000014
0.436717181025000012
0.436639879582999990
0.436823058486000004
0.436848526206000010
0.436876849845000026
0.436772368555000012
0.436847785755999973
0.436929684754999992
0.436813514979000006
0.436914597645999991
0.437089769831000008
0.437146776713999985
0.437075195453999976
0.437147132822000017
0.436879025814000010
0.436863168625000020
0.436607104098999999
0.436567383282000010
0.436756411868000016
0.436684413991999976
0.436745947668999990
0.436737852707999974
0.436512458637999978
0.436627092647999981
0.436689203758000022
0.436614719046999999
0.436680797994000003
0.436791185979000018
0.436631496414999987
0.436609467847999977
0.436569726609999986
0.436567862854999988
0.436804823971999989
0.436684229151000025
0.436677102006999995
0.436469717159999993
0.436657828671999981
0.436675557903000000
0.436596899491000001
0.436657714004999975
0.436601483903000021
0.436621617780000026
0.436613933633999973
0.436744646675000014
0.436769691012000028
0.436524461023000021
0.436423269986000006
0.436555112096000009
0.436586196892000011
0.436920007604999994
0.436699795556000026
0.436838283330999999
0.436767766910000022
0.436565959462999975
0.436661134200000023
0.436802994085999985
0.436917431819000002
0.436726333001000000
0.436901061935000001
0.436648873752999989
0.436611728420000011
0.436651364536000008
0.436714493254000025
0.436803146824000010
0.436735370100000020
0.436602495515000022
0.436808091276000010
0.436665153018000018
0.436573764149000010
0.436662659083999982
0.436920967328000009
0.436977904382000015
0.437068222599000022
0.437048182893000015
0.436820439871999977
0.436758151483999990
0.436762555546999998
0.436554834624000021
0.436607666348000023
0.436701884395000017
0.436576574963000008
0.436620922558999980
0.436597541044000004
0.436624423787999982
0.436745616893000010
0.436760397367000008
0.436741833179999983
0.436579145941000002
0.436401147140999979
0.436451230981000027
0.436641008042000012
0.436893815766000004
0.436835988354000004
0.436595314396000023
0.436659098763000020
0.436895931645999991
0.436665692029999997
0.436504595750000002
0.436643762499999977
0.436629221763000008
0.436532474354000000
0.436586860405999977
0.436538856970999978
0.436647598442999996
0.436679712554000010
0.436647937451999979
0.436836033580000005
0.436722212356999984
0.436822423469000021
0.436617859860000013
0.436853112067999982
0.436674823963000003
0.436748658244999977
0.436682170397000025
0.436950197837000009
0.437010155627000019
0.436980761027999987
0.436931564240999992
0.436857234546999984
0.436850353759999976
0.436750987719000006
0.436844186103000021
0.436623075372000014
0.436886629994999998
0.436683341680999981
0.436750371432999995
0.436681734468000016
0.436624840675999992
0.436697515435999994
0.436793134621999979
0.436748562627000014
0.436737651022999995
0.436753239279000005
0.436674169200999995
0.436679796082000027
0.436767377121999978
0.436752541664999994
0.436607136585999978
0.436713600044000005
0.436658182954999974
0.436843546799999982
0.436792984599999989
0.436705512542000018
0.436671113423000024
0.436729738686000013
0.436587999509000013
0.436483776433000015
0.436705973256000024
0.436756973898000000
0.436713944608000004
0.436822508067000015
0.436655809840999998
0.436790703958000015
0.436816377443999981
0.436804219534999982
0.436984133150000009
0.436777078287999998
0.436855129143000009
0.436902397692000011
0.436884536463999995
0.436772257730999980
0.436624973332999988
0.436873091543000025
0.436775619434999984
0.436748969829000022
0.436682174450000016
0.436812078722000008
0.436815895073999982
0.436722010489999979
0.436754346164999974
0.436664185250000003
0.436771089567999982
0.436711539847999985
0.436713690200000004
0.436807261356999987
0.436849978154999985
0.436620506183000023
0.436679557825000009
0.436648857366000009
0.436436045509999981
0.436464626997000005
0.436573686763000013
0.436444781261999981
0.436553380453999995
0.436541106432999981
0.436608390063000007
0.436611838749000003
0.436504485906999973
0.436396435773000024
0.436335772647000020
0.436718084609000023
0.436633448024000004
0.436744489018999982
0.436463909217999990
0.436776496113000012
0.436658957665999992
0.436735248730000025
0.436607823238999992
0.436591835372000026
0.436784023354999995
0.436704598690000001
0.436927166513999987
0.436888762428000010
0.436796244501000019
0.436957799596000007
0.436954280847999976
0.436944066249999985
0.436825743569000002
0.436826955635000014
0.436793863452999975
0.436733763110999984
0.436603924234000018
0.436679960320999982
0.436799750207000015
0.436741160507000015
0.436746368574000010
0.436782462987999998
0.436811670267000018
0.436961184115000012
0.436824895883999975
0.436705781921000014
0.436672856853999980
0.436890496991999999
0.436905616233000005
0.436983962722999997
0.436960782433999995
0.436895574677000020
0.436851591724999988
0.436836905273999987
0.436871034057000007
0.436881749624000004
0.436777925454000016
0.436759767299000012
0.436598474843999995
0.436824682783999996
0.436801004192999998
0.436840666689999990
0.436824386399000009
0.436814806645999976
0.436676245447999989
0.436665828626999986
0.436689522303000011
0.436672677653999974
0.436953357772000006
0.436945489813999999
0.436975534130000010
0.436931320038999982
0.436981483961000006
0.436756264958999996
0.436694118033000012
0.436496284841999982
0.436505040753999984
0.436522549139000016
0.436652570555999986
0.436568036160999984
0.436757303534999974
0.436754365247999987
0.436844778622999974
0.437032060885000018
0.436879546908999994
0.436715868552999986
0.436623059488000009
0.436601853940999984
0.436860845581000024
0.437006933845999979
0.436870705049999974
0.437045214527999992
0.436942866453999990
0.436936051112999990
0.436717322620000015
0.436746614977000014
0.436600112179000022
0.437076765940000000
0.436795632343000007
0.436701077739000021
0.436764391219000014
0.436788670059999995
0.436726862601999999
0.436803570638999994
0.436755516234999974
0.436856615299999973
0.436776094689000027
0.436884321223000027
