0.439519300318999995
0.439638008327999985
0.439546983032000016
0.439722170252999978
0.439765621699000020
0.439542400818999979
0.439407798502000013
0.439441816092000004
0.439672555598999981
0.439525901888000003
0.439707403993000012
0.439620091449999972
0.439487841069999996
0.439377154134000025
0.439482819646999978
0.439607563204999996
0.439421328858999982
0.439472442385999973
0.439569393874999992
0.439678988280999994
0.439540123773999980
0.439164938933000015
0.439398367081999974
0.439613553619000008
0.439701802257999985
0.439637488936000020
0.439418428134999983
0.439567794221000008
0.439465379471999984
0.439527833091999998
0.439442346561999986
0.439267045552000024
0.439344895924000001
0.439328155396000009
0.439325169366000023
0.439695175087999990
0.439644964510000014
0.439408747135000000
0.439515626230000012
0.439581696384000020
0.439599791420999975
0.439506764684000018
0.439593602297000008
0.439461071134000014
0.439559138848000019
0.439581933822000004
0.439474047887000008
0.439613241072999983
0.439556735975000001
0.439438703677999976
0.439367257971000014
0.439384527841999994
0.439512521067999984
0.439555106934000017
0.439605286601999989
0.439404557713999999
0.439449003173000008
0.439537585088999982
0.439608853148000023
0.439580217877000023
0.439685267383999989
0.439645033171999988
0.439624032727000014
0.439718853904000007
0.439790321378000004
0.439859869326999997
0.439678393604999995
0.439701733742999978
0.439582205070000009
0.439486748839999997
0.439405084504999988
0.439264942709999995
0.439397618350000019
0.439414496054000014
0.439513330523000012
0.439606723270999977
0.439581376202999974
0.439691093910999975
0.439608922228999999
0.439582459829999994
0.439724358535000026
0.439624773246000022
0.439642477262999987
0.439517137941999980
0.439748811391000027
0.439939317027999988
0.439703265500999974
0.439528680251999981
0.439607037526000000
0.439601467470000007
0.439511186388999997
0.439774198820999995
0.439699952452999976
0.439375559846999997
0.439370568738999989
0.439672564661999998
0.439784244853999973
0.439879796820000002
0.439724192798999991
0.439457618577999976
0.439628216758999990
0.439461594785000020
0.439458431578999997
0.439475781728999981
0.439688383753999990
0.439654942732999987
0.439584504792000008
0.439344076279000018
0.439424376881000001
0.439342072423999974
0.439441478868000002
0.439486951904999978
0.439322515319999995
0.439234903808999988
0.439507433241999979
0.439424646713000022
0.439634040155000017
0.439707442323999997
0.439683378537000014
0.439611226377999986
0.439496564787999977
0.439430450209999990
0.439675683621999991
0.439673264891000004
0.439638191818999990
0.439682136070000007
0.439638253583999994
0.439693165557999976
0.439572273299000005
0.439647907828999984
0.439704167839000015
0.439403307093999995
0.439567256587999999
0.439630143526999972
0.439656422172000017
0.439587405087999983
0.439423768890999988
0.439522680642999986
0.439327125510000027
0.439431865232000007
0.439202564871999990
0.439312103780999996
0.439252167872999977
0.439408125190999976
0.439562306997999974
0.439483541779999987
0.439445877217000014
0.439637238021000021
0.439502282392999988
0.439492059057000006
0.439404377736999974
0.439442761098000012
0.439516584591999993
0.439574507068999976
0.439547032537000004
0.439332751259000009
0.439224049923999993
0.439311073433999999
0.439390706944999987
0.439431992795000004
0.439482476195000027
0.439517467147000018
0.439610362769999985
0.439724113442999998
0.439707137813000026
0.439645695680999982
0.439533799005999981
0.439521564217000005
0.439608341961999993
0.439550539562000020
0.439605432794999973
0.439594512418000016
0.439365696684999973
0.439572848695999996
0.439388153785000013
0.439282527812999979
0.439324529819999976
0.439213651072000000
0.439378761713999977
0.439348917713999976
0.439441262740999983
0.439456331812000001
0.439525794781000012
0.439323321077999984
0.439251711395000022
0.439291165639000003
0.439587822179999976
0.439415023284000006
0.439550044109999982
0.439441904571000019
0.439539159088999987
0.439691732755000009
0.439710918309999976
0.439682473796000006
0.439560322524000013
0.439456408527999998
0.439507680098000009
0.439573886450000006
0.439418681520000021
0.439743238109000012
0.439723688617000008
0.439679911181000027
0.439501115346000004
0.439455660698000017
0.439456885071999981
0.439643577313000022
0.439710769416000014
0.439721223195000011
0.439760796645999985
0.439616245562000019
0.439535165537999983
0.439490723743000022
0.439592312950999986
0.439534952769999987
0.439643473062000023
0.439602738727000009
0.439444986149999994
0.439718342390000017
0.439411342320999987
0.439354803371000024
0.439467578487999999
0.439492961618999978
0.439485752283000020
0.439499901447000019
0.439577667479999989
0.439666666696000019
0.439765291112000023
0.439607117556999993
0.439632660344999981
0.439601650477000006
0.439416868700000018
0.439328410411999992
0.439158351178000006
0.439236294600000021
0.439364213033999973
0.439365633877999984
0.439337552262999975
0.439373456188000000
0.439224779263000020
0.439385842576999974
0.439367518883000019
0.439449140730000021
0.439345822712999989
0.439200578667000019
0.439302800607999977
0.439209273103999986
0.439268915410999994
0.439416723866000003
0.439385618317000015
0.439353656797999981
0.439442595375000022
0.439356878005999985
0.439378187721999991
0.439419592292999983
0.439556577058999975
0.439447214633999994
0.439450427450000014
0.439610238328999980
0.439446574907000009
0.439298847962000028
0.439359101714000000
0.439281590742000017
0.439532763577999974
0.439344039106000006
0.439215868494999995
0.439386968413999990
0.439302619595999977
0.439475664021000023
0.439572754301999991
0.439557843684000027
0.439427923860000014
0.439250540856999994
0.439457433893000016
0.439400914184999991
0.439514287118999980
0.439651443934999997
0.439558888536999981
0.439524208151999995
0.439507606700999975
0.439485843824000022
0.439446918334000014
0.439742073208999995
0.439519783123999974
0.439624494493999984
0.439481976599000013
0.439583891758000000
0.439502846624999999
0.439569060334000006
0.439587988506999983
0.439463885368999996
0.439301857246000016
0.439403471220999986
0.439464574258999985
0.439459058615000009
0.439298135894000019
0.439406322826999984
0.439343951514000020
0.439443936360000009
0.439376269885000004
0.439300460640000001
0.439498981188999993
0.439554135588999972
0.439352124632000018
0.439334328104000027
0.439222177754000020
0.439264776500000009
0.439302708691999999
0.439337210644999976
0.439531855332000010
0.439296281740000016
0.439301822994999980
0.439159688957000027
0.439289324204999998
0.439482606516000018
0.439480293610000017
0.439426831720000022
0.439414441124000021
0.439553215311999979
0.439318650176000025
0.439229161636000009
0.439350223350000013
0.439280841021000013
0.439198368828999985
0.439128980956999981
0.439397366575999981
0.439311284673000013
0.439310181129999977
0.439389999914999996
0.439758306692999978
0.439693661653000001
0.439583605273999978
0.439672541985999976
0.439638557034999988
0.439512961009000003
0.439567564676000000
0.439615342080000027
0.439664478543999981
0.439538791669000006
0.439495910938999979
0.439512950690999993
0.439472064614000013
0.439507216242999987
0.439509935008999986
0.439460063452999983
0.439514767430000008
0.439608789991999982
0.439560099260000003
0.439469205954999997
0.439278394553999973
0.439388237356000022
0.439244606116000025
0.439405575175000007
0.439384648496999985
0.439667417323999998
0.439440323796999988
0.439377918536999978
0.439451880808000017
0.439552591968999984
0.439705100811000005
0.439908433370000018
0.439699930078999990
0.439479455397999985
0.439456977859999987
0.439334590746000009
0.439496966370999997
0.439537689487000005
0.439657750364999989
0.439562555241999997
0.439641025725000023
0.439773962361000026
0.439634275427999988
0.439703350810999982
0.439737474035000020
0.439654083578000010
0.439645790556999982
0.439512295411000009
0.439474320924000017
0.439357339883999998
0.439404978148000003
0.439636049379000027
0.439647499473000025
0.439623067003000023
0.439523944692999990
0.439469045915000023
0.439468753014999991
0.439519526998000010
0.439562344632999979
0.439668753818000024
0.439677195437999990
0.439487271871999985
0.439406160335000018
0.439690794998000012
0.439452568920000008
0.439654367594999984
0.439532975037999984
0.439414848743000019
0.439412990336999987
0.439446355841999980
0.439651144878000000
0.439501150793000006
0.439500476724000000
0.439329896459999980
0.439457800747000027
0.439427747744000008
0.439574628736000006
0.439533018950999999
0.439543668950000022
0.439618945573000020
0.439537161554000022
0.439417099571999981
0.439422552219999984
0.439231934144000025
0.439485029666000004
0.439615510360999995
0.439655191908000009
0.439525798871999995
0.439624813042999996
0.439339110147999978
0.439379266478000019
0.439491751925999985
0.439417688091999992
0.439389809901000017
0.439745423196999996
0.439540492838000008
0.439309397240000010
0.439318428744000011
0.439601246386000011
0.439619889371999972
0.439819295745000005
0.439395001572000010
0.439608773753000004
0.439459066858999992
0.439589841658000025
0.439633695444999972
0.439473761710000022
0.439383197707000017
0.439533732100999996
0.439450964077999995
0.439451023123999973
0.439556040817000004
0.439372281719000002
0.439368904233999991
0.439589886019999987
0.439486899787999985
0.439621807849999990
0.439542065546000005
0.439424139203999975
0.439375094015000023
0.439511076966999981
0.439499898110000009
0.439689040960999977
0.439646210530000026
0.439482552023000017
0.439400736095000022
0.439645801248999990
0.439499143352000021
0.439528133481999983
0.439255304951999992
0.439466145091999993
0.439332848484000005
0.439199547284000014
0.439384151737999995
0.439556484354000021
0.439565937031999976
0.439657748971999995
0.439709220010000013
0.439532937859999973
0.439418409489000017
0.439334464056999996
0.439361379050000000
0.439502453193999998
0.439563043099000017
0.439452156732999977
0.439494254746000013
0.439459706840000019
0.439503610132999989
0.439406367444000023
0.439458617065000001
0.439664984277000015
0.439621748448999983
0.439581115575999992
0.439489981748000025
0.439369837244000028
0.439520259623000009
0.439312344766999985
0.439228543643999991
0.439077394002999999
0.439196733092000025
0.439332086472000005
0.439206019009000026
0.439466165126000008
0.439405754322000019
0.439456624214000002
0.439481104193000016
0.439738460986000002
0.439841924576000021
0.439541557532000027
0.439555458964999979
0.439494611586999984
0.439519008356999974
0.439564782990000014
0.439578856753999991
0.439662677828000004
0.439513703124000010
0.439481278458000002
0.439421343379999996
0.439513323838000014
0.439664676935999976
0.439626313579999983
0.439538752980999980
0.439451650289999995
0.439389827010999989
0.439529429285999973
0.439566539440999993
0.439335579136000021
0.439577067990000014
0.439412805156999986
0.439325948066000005
0.439679751351999992
0.439811625290999986
0.439520063545999984
0.439480195987999978
0.439518275223000021
0.439546977318000021
0.439507820770999980
0.439583502607999999
0.439599979390999984
0.439594265448999988
0.439664824211000005
0.439626722793000024
0.439532251252000017
0.439560562037000002
0.439608556910999981
0.439497661144999996
0.439405739334999990
0.439671506014000013
0.439538978394000024
0.439452557046000003
0.439541260164000025
0.439389096054999984
0.439384138806000024
0.439312201155000026
0.439319885267999977
0.439421588807999974
0.439516055740000022
0.439415221555000013
0.439396120088999975
0.439585545251999998
0.439642461556999986
0.439650167583000018
0.439478794595999978
0.439737115407000001
0.439683217417000005
0.439586589603999989
0.439551764707000026
0.439679816669000023
0.439599326800000023
0.439472946919000018
0.439652520597999974
0.439562613767999988
0.439653362408999993
0.439557140223000020
0.439621538749000007
0.439495021513000017
0.439407023557000009
0.439391423198999986
0.439373585572999992
0.439229464873000019
0.439300124279000004
0.439215862484000019
0.439447760078000016
0.439316571860000005
0.439362801028000016
0.439500989188000013
0.439611131079000017
0.439673100762000002
0.439560285188999977
0.439701280204999989
0.439785591633000017
0.439694760479000024
0.439545450662000015
0.439552891539999990
0.439549932453999981
0.439631546262000017
0.439620315380999993
0.439613970991000025
0.439787260843000016
0.439594808376000012
0.439341315675000010
0.439595699773999982
0.439517094135999986
0.439386040019000002
0.439423630534999998
0.439357083513999991
0.439440050211000022
0.439392817925999990
0.439362701907999975
0.439259380792999976
0.439531681830000021
0.439506565153000017
0.439327807658999980
0.439420130367999984
0.439402185710000004
0.439450096459000017
0.439354973638000024
0.439468449084999990
0.439617114806999998
0.439620879171999990
0.439487458383000018
0.439384978423999983
0.439446358114000013
0.439489094226999999
0.439583674077999975
0.439521189285999980
0.439552173120000000
0.439410981862999983
0.439439269854000003
0.439530113926999977
0.439488133946000004
0.439499396348999982
0.439486667499000005
0.439343350590000015
0.439470915219999980
0.439349440249000023
0.439280417144999991
0.439488213256999993
0.439598159207000017
0.439472352110999998
0.439369576907000015
0.439474296686999999
0.439593322027000022
0.439471054462999999
0.439475276954999994
0.439376174969999977
0.439473634980000027
0.439451306425999999
0.439536432383999975
0.439507705322000009
0.439371235076000011
0.439487453292999986
0.439553051909999992
0.439561622584999978
0.439553696218000001
0.439527997931000003
0.439732341729999976
0.439731558355999974
0.439696632626000006
0.439531964160999988
0.439563806694000025
0.439569295954999995
0.439760461350999998
0.439523681223999985
0.439676836514000025
0.439674432745999988
0.439615978587000023
0.439503245699999989
0.439465964019999988
0.439345173590000027
0.439354028186000001
0.439552525438999975
0.439655947328999985
0.439309607064999996
0.439616480365999984
0.439394026047999986
0.439190160955000020
0.439332646812999994
0.439550350147999980
0.439471346631000015
0.439448012619999995
0.439638952635000024
0.439684917853000012
0.439538275234999998
0.439608689832999999
0.439617135819000027
0.439659173916000012
0.439642578339999979
0.439842147723000010
0.439407847771000004
0.439381217403999991
0.439503782326000014
0.439435720202999980
0.439359416993000018
0.439357448756000024
0.439379301730000005
0.439460157026999976
0.439648476507999986
0.439603642000999995
0.439681975870999997
0.439704453479000001
0.439532691802999975
0.439531056831000022
0.439561152708000002
0.439389856400000001
0.439408030120000015
0.439457125868999987
0.439185580232999973
0.439481079300000022
0.439563296594000008
0.439533189699999993
0.439505133503000023
0.439359182655999991
0.439521845538000000
0.439449239574000006
0.439541616866999996
0.439556851309999996
0.439458066495999999
0.439542454473999977
0.439588449855999985
0.439634053852999973
0.439388411711000015
0.439649722535999987
0.439476295277999973
0.439561144161999984
0.439412390405000020
0.439254326658000016
0.439379641772999985
0.439460588980000011
0.439320451587000005
0.439396463848000018
0.439581578887000002
0.439602806775000021
0.439512018868999987
0.439685093064999977
0.439582163186999997
0.439463066913000022
0.439469992706000012
0.439533767937999975
0.439391143842000009
0.439597357836000013
0.439845959381999996
0.439742911795000024
0.439720968870000006
0.439687322456999985
0.439535703035999981
0.439514184347999992
0.439468647985999994
0.439529678270999979
0.439547318437999990
0.439543673214000008
0.439337822825999980
0.439332948885000019
0.439232305087000008
0.439281310132000002
0.439299121540000004
0.439388215307999985
0.439452469304000004
0.439482415384000014
0.439503362868000014
0.439370638456999973
0.439354378912000021
0.439316672763000016
0.439563117155000016
0.439617692080999989
0.439570485815000023
0.439536214829000016
0.439679998919999981
0.439843941550000006
0.439632637971999973
0.439826952556999995
0.439577284248000022
0.439446802962000005
0.439436976924000022
0.439464624487000022
0.439467076494999997
0.439407974350999986
0.439618982172999995
0.439524803658999985
0.439520828385999984
0.439726274681000007
0.439635524536000022
0.439464094374000025
0.439558708545000010
0.439664911338999986
0.439754133371999978
0.439534969838000000
0.439346890353000008
0.439204383811000021
0.439288131174999985
0.439333153804999987
0.439258425452000001
0.439357567499999990
0.439394569271000013
0.439452945121000027
0.439490761702000021
0.439537960306000008
0.439543343257000008
0.439540080062999994
0.439424088049999995
0.439631864009999984
0.439611266215000018
0.439424765667000006
0.439511867463000028
0.439339885189000023
0.439381159869000004
0.439418982574000028
0.439513004471999980
0.439374264602999998
0.439493019037999977
0.439630642249999981
0.439503971747999989
0.439534535813000005
0.439550813455000022
0.439670967038000016
0.439449231935000018
0.439374956007999973
0.439365412233000019
0.439438434704999992
0.439699839071999998
0.439790619338000011
0.439492147276999978
0.439437730779999980
0.439449871699999994
0.439759789452000005
0.439638137034999987
0.439572606129000010
0.439518096239000011
0.439372662036999984
0.439523613468999985
0.439449316621000008
0.439725517233999996
0.439373330434999987
0.439285254271999992
0.439333014397000010
0.439488685960000014
0.439405648968999973
0.439569590665999987
0.439442264068000021
0.439427604094000002
0.439457327805000020
0.439414368331000005
0.439415125668000006
0.439416418245999973
0.439551268561999997
0.439724772139000020
0.439620958108000004
0.439615935692000026
0.439662234253999973
0.439698962932000004
0.439490397081000017
0.439351607520999998
0.439412286159000021
0.439501422086999993
0.439468887041999989
0.439571125102000027
0.439611048208999988
0.439675950443000008
0.439513202923999979
0.439375188891000024
0.439417225502999997
0.439291554781999993
0.439531088283000027
0.439505697608000012
0.439475347713000009
0.439621910293000018
0.439603425499000000
0.439442318963000012
0.439447717535000004
0.439475044071000021
0.439562769871999992
0.439561999784999990
0.439554731026999990
0.439570209100999976
0.439406271219999978
0.439448651503999976
0.439513083435000007
0.439389202136000023
0.439520002512999997
0.439663766522000010
0.439669670193999995
0.439761360910999988
0.439564300632000027
0.439679866706000011
0.439863031628000001
0.439867601459999980
0.439660753948000027
0.439544876778000027
0.439490188707999996
0.439431018559000020
0.439601957290999990
0.439822336737999975
0.439522094247000006
0.439488425655000015
0.439506293298000006
0.439453457313999984
0.439466556407999975
0.439498131429999994
0.439493470778999973
0.439557626578000016
0.439595097649999988
0.439342991889000001
0.439313496314000018
0.439568047116000005
0.439634238161999980
0.439593426045000013
0.439708032774999980
0.439606024174000021
0.439525855219999984
0.439448634358000023
0.439767865091999999
0.439562950256999985
0.439488393169999991
0.439611170960000019
0.439697889564000022
0.439532441840999988
0.439678753222999985
0.439660395614999977
0.439420657765000000
0.439352270022999980
0.439484749190000024
0.439520978923999994
0.439821653480999997
0.439889016301000024
0.439653596608999997
0.439611110585999998
0.439477957357999993
0.439549681828000027
0.439774434840999984
0.439618240004999994
0.439472184689999990
0.439723105705999984
0.439609553257000019
0.439473057361000008
0.439451273706000012
0.439434389131000025
0.439761828868000026
0.439640864931000019
0.439334408642999996
0.439315883816000008
0.439370388281000002
0.439471291268999975
0.439509003625000005
0.439500629764000006
0.439367221972000010
0.439516193647000009
0.439447848219000015
0.439440831001999987
0.439407588826999984
0.439509419085999997
0.439467205980999975
0.439504535596000001
0.439665727632000014
0.439540140661000001
0.439346714738999999
0.439559185964999988
0.439683825566999975
0.439555558146000003
0.439621099703999985
0.439581498153000017
0.439682574777000013
0.439598460995999973
0.439823583733999990
0.439639956278000010
0.439678025144999984
0.439433333676999993
0.439642151122000002
0.439623653295000028
0.439601338956999987
0.439554277100000002
0.439645396550000012
0.439586225677000009
0.439434969231999983
0.439483601823000003
0.439440367845999991
0.439274899872000024
0.439463960842999990
0.439662270545999989
0.439449720411999978
0.439481719674000015
0.439354411526999999
0.439397422864999998
0.439399841228999999
0.439303457582000012
0.439558265299999973
0.439456132685000000
0.439455635956000012
0.439402512982000004
0.439396886007999976
0.439419540099000028
0.439437390036000020
0.439425887595000009
0.439422907510999994
0.439362775322999999
0.439445836737999973
0.439561900012000017
0.439573770887000004
0.439427638025000011
0.439446938248999996
0.439605581701000003
0.439473438258000004
0.439382433425999974
0.439301651701999973
0.439283768522000018
0.439471437101999984
0.439360781134000011
0.439614374324000023
0.439662616898000014
0.439520089098000000
0.439655193436000014
0.439868540084999982
0.439631230082999980
0.439402651096000019
0.439489655465000018
0.439435755034000008
0.439521904919000006
0.439479085509000000
0.439435313960000018
0.439649487055000010
0.439744717025999987
0.439569639326999995
0.439833053616999980
0.439745313675000027
0.439777721449000014
0.439680742018000004
0.439593562750000000
0.439577232601999990
0.439386502888999997
0.439416855682000007
0.439347866088000027
0.439341579378000002
0.439302939396999992
0.439522857172000014
0.439500382124000000
0.439631484226999991
0.439476299156999983
0.439450206923000020
0.439747314795999988
0.439546373032999982
0.439509055480999999
0.439369650511999998
0.439437395404999986
0.439573471875000010
0.439480436849000011
0.439390888343999975
0.439435013644999983
0.439551890163000003
0.439506523210000000
0.439542802394000010
0.439515262947999974
0.439662167386999980
0.439528514649999980
0.439637525934000017
0.439502120047000011
0.439406581126000007
0.439333523474000009
0.439367087616999996
0.439590682931999988
0.439376750960999984
0.439471733540000020
0.439482787904000027
0.439512328750999992
0.439489015511000003
0.439635041595999976
0.439701251326999998
0.439691213550999993
0.439600176017000022
0.439449618302000022
0.439549127606999990
0.439635560917999990
0.439382723550000021
0.439285827989000011
0.439485537659000003
0.439363256508999989
0.439456917411999992
0.439365767462000012
0.439607808388000010
0.439543871495999994
0.439541630926999993
0.439585326752999994
0.439576031320999983
0.439716746727000007
0.439504584566000001
0.439491218000999995
0.439279732910999976
0.439482127526000022
0.439426548297000008
0.439423505358999988
0.439386236248999973
0.439586288666000025
0.439593765392999991
0.439586256397999975
0.439495997108000025
0.439608093970999980
0.439619678828999993
0.439568372466000001
0.439457955530000000
0.439554685316000004
0.439486166535999978
0.439291533181999982
0.439447864500000007
0.439519444849999996
0.439639670639000002
0.439753561869999976
0.439653595529000019
0.439445838250999976
0.439356418881000022
0.439412033925000001
0.439480784648999978
0.439519505235999974
0.439555553581999991
0.439538887524999977
0.439668775690000013
0.439650968367999995
0.439620495356000007
0.439446057004000024
0.439581447254999980
0.439684234020999987
0.439632827248000013
0.439644114385000007
0.439567294065000003
0.439399327456000022
0.439474807204000006
0.439619013133999981
0.439673216558000013
0.439458632198000021
0.439320116340000011
0.439503733888999992
0.439506480114999987
0.439694518154999991
0.439450370731999995
0.439440256769000004
0.439685253953000010
0.439693392470000000
0.439569865356999989
0.439429683760000023
0.439278222499000004
0.439384663309000001
0.439560845240999976
0.439635551733999985
0.439609368645999976
0.439338231242999977
0.439309150521999980
0.439265420690000019
0.439431283908999992
0.439392643415000006
0.439288576290000010
0.439405568572000027
0.439322970009000002
0.439447437689000020
0.439587980265000011
0.439585642750000005
0.439568226529999995
0.439525447607000019
0.439411038714999980
0.439222164480999988
0.439387961853999975
0.439653731273999981
0.439549134534000019
0.439740436078000008
0.439883253129000007
0.439654029253000012
0.439727837181000003
0.439455209683000003
0.439522519218000007
0.439649249447000012
0.439556613790999973
0.439681369750999973
0.439697919222000022
0.439742882371999988
0.439650704424999983
0.439681249426000009
0.439724234366999978
0.439560306793999989
0.439370996204999975
0.439545444336000013
0.439376548912000009
0.439248009685999974
0.439283000230999976
0.439623153056000027
0.439828100725000004
0.439548976621000009
0.439647591371999991
0.439548871672000019
0.439688669922000008
0.439568276841000027
0.439630103694000018
0.439627954845999980
0.439799489604999982
0.439692251935999978
0.439610721518999992
0.439680551453000001
0.439663880353000025
0.439542519763999995
0.439480923608000007
0.439587775856000007
0.439633024701000019
0.439539433024000004
0.439528367646999985
0.439376441266000006
0.439473823358999982
0.439178850868999993
0.439429185424999980
0.439456702530999999
0.439553345834000020
0.439377623842999998
0.439465575278999987
0.439459414589000008
0.439160448905000000
0.439255516105000021
0.439363123841999992
0.439353063420000023
0.439500516454000012
0.439728149291999992
0.439633977497000006
0.439634824297999993
0.439546464073999998
0.439549158253000005
0.439332928810000023
0.439281566502999987
0.439601145819000005
0.439663255984000023
0.439566979849000006
0.439444110175999991
0.439383982966999986
0.439472354572999990
0.439542182020999983
0.439600369674000013
0.439453341404999975
0.439384704519000024
0.439569271556999985
0.439778437999000016
0.439638649551000016
0.439708171521999980
0.439526688408999999
0.439448014473000026
0.439484634909000027
0.439177629060999997
0.439451003831999976
0.439342643432000024
0.439438677627999985
0.439428413816000007
0.439508319392000024
0.439517471569000007
0.439503181781000007
0.439521379182999994
0.439110727036999993
0.439387315645999976
0.439527810379999995
0.439540888547999997
0.439623821129000003
0.439664828055000012
0.439684928194000013
0.439490491835999975
0.439312092456999981
0.439337728844000019
0.439434274547000014
0.439320054404000016
0.439402231691999989
0.439497918054999992
0.439442676515000019
0.439299467426999990
0.439429095044000018
0.439670354493999993
0.439708906944000000
0.439665694709999999
0.439578752294999986
0.439567176140000015
0.439624247455999984
0.439700484617000009
0.439529210991999986
0.439471667424999990
0.439580636759999976
0.439528343870000004
0.439466137072999974
0.439307515162999984
0.439406923669000027
0.439424615121999984
0.439691715232000013
0.439574423829000027
0.439630769593999993
0.439586285921999997
0.439666144403999981
0.439486148455999981
0.439528841539000015
0.439722738243000011
0.439813358395999998
0.439696059147999974
0.439624828828000025
0.439476482215000019
0.439360774328000026
0.439596805769999988
0.439647885828999996
0.439740123343999978
0.439709661816999997
0.439603378988999982
0.439531364049000006
0.439694479505000013
0.439461249208999982
0.439458511848000000
0.439503279605999997
0.439528978725000019
0.439657346868999988
0.439629612539999992
0.439438681456999991
0.439532319833999985
0.439738168892000014
0.439816259501000006
0.439703295137999994
0.439627914634000028
0.439510240393999996
0.439539642951000009
0.439504454970000014
0.439491592393999986
0.439403035454000002
0.439337328600000021
0.439415546360000020
0.439317526357999977
0.439282230514999983
0.439140133930000010
0.439182564674999998
0.439346207794000021
0.439190925239999974
0.439244845961999975
0.439334562182000010
0.439381167261999994
0.439424107012999998
0.439466695735000024
0.439300788765000005
0.439562349311000022
0.439573236837999981
0.439266856513000015
0.439474917171999990
0.439534780223999999
0.439492755941000013
0.439401312975999991
0.439324938080999983
0.439607800850000008
0.439720319904000012
0.439595063025999988
0.439502246091000026
0.439595206316999998
0.439556807862999999
0.439451274517999979
0.439480902213999991
0.439658581030999973
0.439642050590000000
0.439724994047999973
0.439800765634999979
0.439828190278999998
0.439806315590999974
0.439545563892000002
0.439563791004000004
0.439505842425000015
0.439415328749000023
0.439443055799000004
0.439497969104000019
0.439459551270000026
0.439438413199999989
0.439399900495999973
0.439429659182999977
0.439348351069999976
0.439502872360000019
0.439397870778999999
0.439426505492000019
0.439389365997000014
0.439538195020000022
0.439517504261000003
0.439492506767000024
0.439469789522999976
0.439574957089000018
0.439640744881000023
0.439526115863000000
0.439510299378000013
0.439549021295000009
0.439526641223000003
0.439464902416000003
0.439618877523999974
0.439563843657000020
0.439639774839999997
0.439363135831999985
0.439496374387000011
0.439565355619000009
0.439691125568999974
0.439672508512999993
0.439525070111000005
0.439520516616999979
0.439204848358000000
0.439366913330999975
0.439548659522999985
0.439582934046000018
0.439593006532999986
0.439561715314999990
0.439796174230999981
0.439722100314999975
0.439651783048999989
0.439645902709000003
0.439645456940999990
0.439497734307000010
0.439703999219999975
0.439556064710000027
0.439578425092999991
0.439354829263999991
0.439239971710000010
0.439453384180999995
0.439582986502999984
0.439671736651000011
0.439598887001000027
0.439651021673999998
0.439629370637000028
0.439500797788999975
0.439544284705999988
0.439442368814000006
0.439798874542000007
0.439607860055999999
0.439563295949999988
0.439482611856000016
0.439562228955000023
0.439682395223999989
0.439631205394000024
0.439623562518999977
0.439581015632000027
0.439324700121000000
0.439284030486000010
0.439452633766000023
0.439501093469999993
0.439566653852999978
0.439636259620000025
0.439442693072999990
0.439543943676000026
0.439502136827999990
0.439779737097000023
0.439632047864999986
0.439605041887999981
0.439662067052999983
0.439691478201000019
0.439901326066000020
0.439864481643999994
0.439713396643999999
0.439478496215000014
0.439479658012999985
0.439528858427000013
0.439268607729000005
0.439382875617000013
0.439369881972999976
0.439461760591999984
0.439505669071000027
0.439645614329999990
0.439557309160999998
0.439584727248999996
0.439443679475000015
0.439347999731000027
0.439476239082000009
0.439721435185999987
0.439547817810999997
0.439538596090000011
0.439272080263000020
0.439356965880000006
0.439659484070999973
0.439572493088000005
0.439429061790000020
0.439392154425999992
0.439375924465000012
0.439449997726000019
0.439637754245999990
0.439368892673999978
0.439305226192000020
0.439396411253999974
0.439328584063999994
0.439342866571000024
0.439247932190000023
0.439305298166000002
0.439417099779999987
0.439396698723000023
0.439338900656000009
0.439616954296000007
0.439471117929000010
0.439252608531000011
0.439240207396000004
0.439314846797000003
0.439511553542000000
0.439583370684999974
0.439547103285999996
0.439394676993000000
0.439270878972000012
0.439368563915000010
0.439273810890999983
0.439291184840000015
0.439202758580999997
0.439093906181000027
0.439330626283999992
0.439202191242999973
0.439378660596000004
0.439485918654999974
0.439435678556000020
0.439375873713999998
0.439398750838999985
0.439464877777999974
0.439681596196000002
0.439678172824999991
0.439756640540999999
0.439833607128999993
0.439511489144000012
0.439452594172999977
0.439591428983999999
0.439364104191000027
0.439383726274999997
0.439770648182000012
0.439593719120999982
0.439544616659000020
0.439481221781999998
0.439698666740999999
0.439542465215999989
0.439416732899999996
0.439495850409000022
0.439424063026999989
0.439486589137999983
0.439395864538000003
0.439526434030000024
0.439793301206999998
0.439716781931000000
0.439642316317000015
0.439834655997000001
0.439690098944999996
0.439487894468999996
0.439588055892000007
0.439617342892999974
0.439695078733000011
0.439612611405000020
0.439640936915000002
0.439349197174999984
0.439543021335000006
0.439416372938000011
0.439655495735999990
0.439740276930000007
0.439651617933000005
0.439465149429999979
0.439616937313000000
0.439670601529999983
0.439632662584000022
0.439473377047000013
0.439647132125999984
0.439481701989999973
0.439467624674000024
0.439564939272999999
0.439505204210999978
0.439433279429000012
0.439534682171000002
0.439691244207000009
0.439768724870999994
0.439642381578000008
0.439683704993000024
0.439480298932000024
0.439530764110000027
0.439605372981999976
0.439666058507000024
0.439576818566000005
0.439688616699999979
0.439579333894000002
0.439632197850000017
0.439657895159999978
0.439556360601000007
0.439537270240000000
0.439464150281999977
0.439631490982999973
0.439366187929999985
0.439572911206000005
0.439532248573999973
0.439701295080999977
0.439610937139000013
0.439750800042000012
0.439475452373000008
0.439494762111000026
0.439351512624000018
0.439308372737000019
0.439385645503000022
0.439581839217000003
0.439624839318000005
0.439685953690000020
0.439423316903999994
0.439597254659000014
0.439730085504000001
0.439736971513000008
0.439567596610999978
0.439672689364999980
0.439706052188999996
0.439616368496999976
0.439755529741999995
0.439850228118000008
0.439512963628000020
0.439358347426999973
0.439581074113999992
0.439467428356999978
0.439483662413000020
0.439785781242999996
0.439642780658999976
0.439555242334999985
0.439471294811999980
0.439440104045999980
0.439442929495000023
0.439579478252999978
0.439495129102999982
0.439392134190000005
0.439571176863999991
0.439618979884999983
0.439856041076999993
0.439776382035000024
0.439680604797999974
0.439522847742999989
0.439370489620000026
0.439606286786999978
0.439371427583999996
0.439312782733000007
0.439330543628999981
0.439398327834000013
0.439610038076000020
0.439646494158999979
0.439560318231999980
0.439678960286999987
0.439695052566000000
0.439542248124000001
0.439576800917000021
0.439684837446999988
0.439695605674000012
0.439724432862000025
0.439497183653999979
0.439602103031000002
0.439577597543999998
0.439425016053999973
0.439534695905999973
0.439324435015000014
0.439407254382999990
0.439309877121999981
0.439547699896000010
0.439289107923000022
0.439496605784999994
0.439475625493999988
0.439566292322999985
0.439681865850000020
0.439638484895999992
0.439493026722000024
0.439718571951999981
0.439502389072999988
0.439645910467000023
0.439509288366999984
0.439417799215000016
0.439575542618000026
0.439639772426999975
0.439461164999999987
0.439495231554999977
0.439718872649999981
0.439682337430000014
0.439585495140000004
0.439440644566000016
0.439380853751000000
0.439506289471000011
0.439527637490999989
0.439514586805999974
0.439676444767999997
0.439572627843999975
0.439671920205999989
0.439649440830999994
0.439768412783999973
0.439909357213999985
0.439789772789000000
0.439813958441000019
0.439525468749999981
0.439539251575000012
0.439472201308999999
0.439429770240999995
0.439679751399000007
0.439539790558999999
0.439612447018000008
0.439327480965999995
0.439462306581999973
0.439522805808999995
0.439672221269999997
0.439544514765999983
0.439447765711000027
0.439322204927000026
0.439399920893999985
0.439613990243000019
0.439659057914000007
0.439538140010000022
0.439449613302999975
0.439407922577999988
0.439244620209999992
0.439378372056999977
0.439472996426999996
0.439446405395999995
0.439168293850999980
0.439395405642000025
0.439540027344999973
0.439589900583999993
0.439788727873999974
0.439504438373999995
0.439713786142000018
0.439678291612999983
0.439675978425999980
0.439628552349000001
0.439651775829000002
0.439696302636000014
0.439557140045999994
0.439672016258999987
0.439606209656000002
0.439448451580000010
0.439644752181000020
0.439539101398999987
0.439484126254999996
0.439342277675000004
0.439660389533999996
0.439671664898000025
0.439618779269999982
0.439530197186999982
0.439649119447000025
0.439631669098999978
0.439526349578999997
0.439417042749999986
0.439516445079000007
0.439590852385000008
0.439452380104999984
0.439518734016000001
0.439436892798000023
0.439578618518000008
0.439431177351000013
0.439540317735000019
0.439547496104999991
0.439722678189000016
0.439469368751999989
0.439749645736999983
0.439702303484000023
0.439569386748999980
0.439796171382000001
0.439731203434000018
0.439661369046000006
0.439562755056000010
0.439665975258999975
0.439518850889000001
0.439500392881000013
0.439508867129999981
0.439621813596000000
0.439420370173000008
0.439576338105999997
0.439571721553000005
0.439350179464999990
0.439469125818000017
0.439551607845000025
0.439475751460999986
0.439255353534000026
0.439165260956999981
0.439373855639999977
0.439376851600000007
0.439346467105000027
0.439381303828000003
0.439631723581999978
0.439646323928999994
0.439600286885000024
0.439503314766000019
0.439547133616000008
0.439301959088000016
0.439386141502000005
0.439482047250999985
0.439710545466000025
0.439802381010999999
0.439688768737000024
0.439497731072000020
0.439544653780000016
0.439552430644999992
0.439533091751000027
0.439562975154999980
0.439622477329999983
0.439743708961999991
0.439658297536999976
0.439467684975999973
0.439423074804999980
0.439281624954000027
0.439407744744000017
0.439374764071000012
0.439491131132999979
0.439477663971999999
0.439526793551999972
0.439816510604000011
0.439692849471999991
0.439600345765000011
0.439456548497999977
0.439485916704999979
0.439318869467999973
0.439683678794999977
0.439681819709999977
0.439661831276999981
0.439482060876000002
0.439382869191999981
0.439377813015000007
0.439378398813000004
0.439398701569999994
0.439179754322000016
0.439427301476999987
0.439379611012000015
0.439524537375000024
0.439498125778999993
0.439688439044999990
0.439585496362000006
0.439772920188000016
0.439666617706000018
0.439761335699999978
0.439693815483000017
0.439702059910999976
0.439562603521999995
0.439718560209000020
0.439323265389999995
0.439529775100999998
0.439714854085999973
0.439747374503999977
0.439735997819000024
0.439446648634000014
0.439486617947000002
0.439452817193999978
0.439671786853999991
0.439612921418999991
0.439663183740000019
0.439678343018000017
0.439528269322999987
0.439290211569999978
0.439299074539000023
0.439419448273999980
0.439566638289000000
0.439667203027000020
0.439491319326999974
0.439490946125999982
0.439695620737000026
0.439681058464999996
0.439533201037999977
0.439290273683999977
0.439493479489000027
0.439350791951999997
0.439542143925999995
0.439670201897000013
0.439501074353000010
0.439606184722000026
0.439698063834000008
0.439465029625000003
0.439334626058999977
0.439357184554000024
0.439189786590000020
0.439431621185000010
0.439566832432000010
0.439406083388000024
0.439425797273000018
0.439509969433000025
0.439571560006000006
0.439761123985000002
0.439671764831999989
0.439590602506999995
0.439457472901999990
0.439432805947000016
0.439504361256000009
0.439534826077999985
0.439613935870000028
0.439616324167000028
0.439589339848000027
0.439628927293999994
0.439594311171999985
0.439426812978000014
0.439372882006999976
0.439404592240000003
0.439683467393000016
0.439520853918999976
0.439537795431000022
0.439587664513000020
0.439790446464000007
0.439687615009999977
0.439613159206000026
0.439578358536000025
0.439691771856999980
0.439532583024999979
0.439579619832000001
0.439548794568000001
0.439656759323000024
0.439635313944000017
0.439479050059000009
0.439468694484999978
0.439515041301999976
0.439537934570999989
0.439412484205000009
0.439346936799999976
0.439549051799000001
0.439433655363999975
0.439499918087999986
0.439690257779000004
0.439566175291999983
0.439332733054999980
0.439377116268000023
0.439519443135999999
0.439352186202999984
0.439418745877000028
0.439402716841999996
0.439571254570999992
0.439548449369000005
0.439441911971999999
0.439579004905000015
0.439585924377000004
0.439499146587000011
0.439527691707000012
0.439351807390000015
0.439507025074000024
0.439581655603999977
0.439675199101000003
0.439586555820999980
0.439354557959000025
0.439397552801000013
0.439531092514999999
0.439472475136999996
0.439506469502000008
0.439603960585999987
0.439351099941000023
0.439065686053999982
0.439207788613000027
0.439279015152999996
0.439628328175000027
0.439546982262999986
0.439656208917000024
0.439854507281000007
0.439774230283999978
0.439751836652999994
0.439733996273000027
0.439658847384000018
0.439474857845999989
0.439619321203000013
0.439544807436999974
0.439618727370000018
0.439548886995999977
0.439552765135000023
0.439571098835999985
0.439528730812000001
0.439486037295000020
0.439647374219999998
0.439254137777000009
0.439476945853999990
0.439452300374999993
0.439562640534999993
0.439490482725999998
0.439402639041999998
0.439422741158000008
0.439561534282999988
0.439608527568000007
0.439811581303000021
0.439554263346000007
0.439517589860999980
0.439401373207000012
0.439449193948000028
0.439435447804999990
0.439442879220000027
0.439281432224999990
0.439437646258000025
0.439532441456999989
0.439454551783000025
0.439383504350000009
0.439447013245999996
0.439581244160999973
0.439440127597999997
0.439488394176999975
0.439433464085000003
0.439474608395000021
0.439473605721000027
0.439505251749000014
0.439511822278999986
0.439445693463999976
0.439458065708000001
0.439455939537999996
0.439373486114999989
0.439298474912000025
0.439202315653999975
0.439288874589999989
0.439506587283000016
0.439298263193000027
0.439479578094000012
0.439343466497000013
0.439517624908000004
0.439545817146999973
0.439533131211999994
0.439556109337999990
0.439394379080999986
0.439640128199000002
0.439689348202000008
0.439378751535000001
0.439416007577999979
0.439681504858000005
0.439639723692999973
0.439744967533000020
0.439579400550999977
0.439540392210999997
0.439685274570000006
0.439708173435999994
0.439369234649999996
0.439548057666000025
0.439642128427999990
0.439594210717000000
0.439631236548000015
0.439458787726999978
0.439366371972000014
0.439175784158999993
0.439309456099999995
0.439516696631999992
0.439699309757999979
0.439443026050000018
0.439484419012000027
0.439415881710000011
0.439709749581000009
0.439754740071999994
0.439688202437999998
0.439757045542000014
0.439641170871999998
0.439484812015999982
0.439479117910999972
0.439382242892999986
0.439562121267999983
0.439589257306000014
0.439552979703999980
0.439380948383000014
0.439164527480999989
0.439434715472000026
0.439513904090999996
0.439399667468999999
0.439390034410000019
0.439432513350999976
0.439552866320999991
0.439608538112000014
0.439510055896000007
0.439495754996999999
0.439684042418000021
0.439738595585000003
0.439684056049999994
0.439716651299000005
0.439715667714000003
0.439419935493000013
0.439432713746000014
0.439498081953999975
0.439392741136999998
0.439450750757000019
0.439570350103999974
0.439544177952000015
0.439275831436999997
0.439471945257999985
0.439693447141000004
0.439728133271000021
0.439719944033999999
0.439595261856000008
0.439682805093999984
0.439568165517999987
0.439613759047000008
0.439380464568000006
0.439370523484000020
0.439262511610000017
0.439388017482999993
0.439561132475000005
0.439503467185999974
0.439508437362000015
0.439655301630999973
0.439792798847999988
0.439552914745000023
0.439574655473000009
0.439503699457999997
0.439630274681000022
0.439562043911000011
0.439489077251000004
0.439559634024000001
0.439540486532000008
0.439402117332999997
0.439498127146000006
0.439425459033999988
0.439531460977000021
0.439502606974999988
0.439635623791999997
0.439669720257999996
0.439586170963999989
0.439492698241000013
0.439310903864000013
0.439511993762000008
0.439498518713999975
0.439406851847000013
0.439499985165999973
0.439780444396999981
0.439688060280000015
0.439520866256999987
0.439453939555000006
0.439362850379000025
0.439389978525000002
0.439406958798999991
0.439307305162999984
0.439313869708999993
0.439379802347000026
0.439490878114000005
0.439503166712999993
0.439506369028999977
0.439476990236999987
0.439578804835000003
0.439598575032999983
0.439540352136000012
0.439786926028999992
0.439658443012000022
0.439547748126000004
0.439698053546000001
0.439684260215999989
0.439584549436999983
0.439522845870999990
0.439528466108999982
0.439509461312000027
0.439597696320999987
0.439731386356000009
0.439805795040000003
0.439663667119000012
0.439793659157000028
0.439635825501999977
0.439423989201000009
0.439170488837999973
0.439374134796000015
0.439504321221000027
0.439380887926999975
0.439272478094999974
0.439341341940000019
0.439416435750999979
0.439271588880000008
0.439462843280999993
