0.433921160026999986
0.433698202721999992
0.433826210729999995
0.433869586417000019
0.433917620145999994
0.433929190314999991
0.433942024224000023
0.433890775592000011
0.434059009346999980
0.433957047403999985
0.434223035558999992
0.434047762890000022
0.433944105833000027
0.434008845305000002
0.434099163534999999
0.434067238294999991
0.433854774408000021
0.433905502966999979
0.433894193044999987
0.433827291717999997
0.433992933397999991
0.433981190908000025
0.434034102362999996
0.433903887110999975
0.433997098031000006
0.434125592273000016
0.434214499415000010
0.434051890022999987
0.433994130714000004
0.433940171388999985
0.434038378634000022
0.434129731048000012
0.434318696451000019
0.434079918750999993
0.434131971868000011
0.434185373006999997
0.434159291424000005
0.434042001702000024
0.434031472287000009
0.433918272072000011
0.433793997428999989
0.433959410396999978
0.434083700841000009
0.434052886134000004
0.434168774365999988
0.434203112053999973
0.434029980126000026
0.433848798102999977
0.433749381350999996
0.433736085380000025
0.433876342944999993
0.434067576828999990
0.434172005616000001
0.434196383331000024
0.433973853442000013
0.433921098831999974
0.433912691829999975
0.433845325868000009
0.433888829949000021
0.433841682341000012
0.434023534112999987
0.433996207357000008
0.434261226715999982
0.434012778702000002
0.434204211180999999
0.434160295874999991
0.434098832523000022
0.434244894712999985
0.434238276533000012
0.434253938466000022
0.434191363769000027
0.434277459332000015
0.434033455859999973
0.434073678256999995
0.434215456564999991
0.434174909541000020
0.434002180728999987
0.433724138463000009
0.433679978395999977
0.433771216499000023
0.434070989558999976
0.434074922763000026
0.434268361007000003
0.433835273497000018
0.433878985025999975
0.433866454535000001
0.433707953844999994
0.433854980163999981
0.433878097113999994
0.433843543655999975
0.433885491061999973
0.433871659203000026
0.433835655770999973
0.433856694463000014
0.433959870126999991
0.433872486308000016
0.433879336374000002
0.433714651949999974
0.433928416598000022
0.434044316618000026
0.434084756492000012
0.434091739581000002
0.434004355790999996
0.433858841705999976
0.433918249651999988
0.434055749910000011
0.434098322008000026
0.433857439244999976
0.433833707063000007
0.433855763763999980
0.433897243519999976
0.434012504676999977
0.434019158010000017
0.434071217916999985
0.433982031132000012
0.433962400392999992
0.433925225806999992
0.434057616578000016
0.433980318776000018
0.433858354087000020
0.433911161755999975
0.434062210730999987
0.433973166623000006
0.433832347037999999
0.433913258966000026
0.433994637279000006
0.434157278184000017
0.433988247032000007
0.434065313469000014
0.434079159228999978
0.433890949116999991
0.433791920810000009
0.434033118399999973
0.434206894663999976
0.434040956392999999
0.434004269318999991
0.434024224281999993
0.434067683599999976
0.434120822853000021
0.434080417800999985
0.434001279066000001
0.433937047128999998
0.434114649352000004
0.434110152708999997
0.434248581969000014
0.434036547641000026
0.433803439163999993
0.433800159836999988
0.433835691302000004
0.434151715320000020
0.434041602069999977
0.433938985637999985
0.434041159366999996
0.434209381557000007
0.434261728638999978
0.434126053845000026
0.434205842559000021
0.434345749886999977
0.434115464196999978
0.434006936469000015
0.434003501492999988
0.434066925489000000
0.434018068541999980
0.434051701966000014
0.433953837565999978
0.434119110088000026
0.434126190036000004
0.434166777210999999
0.433862989455999992
0.433957667175000006
0.434112027966000014
0.434090823748999988
0.434119067869000008
0.433826814363000024
0.433926852711000011
0.433814995328999975
0.433890728783999979
0.433845989651000019
0.434011562098000014
0.433936770442999997
0.433920331903999978
0.433871543779000002
0.434021901849000025
0.434046858792999979
0.434008359263999999
0.434331571508000003
0.434284966855999988
0.434051684424999973
0.433939671277000005
0.433935605030000005
0.434256339408000014
0.434317401426999983
0.434073360361000027
0.433871189724000017
0.434043719772999992
0.434080813828000012
0.434199722678000000
0.434215484923999973
0.434140669844999993
0.434061402993000001
0.434177714734999998
0.434048862528999990
0.434095689103999982
0.434099367048999984
0.433998993890000018
0.434147430772000020
0.434117259350000007
0.433978250938999999
0.434133490879999973
0.434005291246999991
0.433974653834000024
0.433927979284999987
0.433905928240999994
0.434019934208999980
0.434012294841000013
0.434017422345999992
0.434043856742000023
0.433996065084000016
0.433875027096000010
0.434149581429000009
0.434118237841000010
0.434039934731999977
0.433971961169999976
0.433994497962000014
0.433927999412999976
0.434069674268000028
0.433930936431999981
0.434152713259000012
0.434164299759000005
0.434114683085000008
0.434051482102999986
0.433966718224000014
0.434030616144999992
0.434020764511000023
0.433970001762000013
0.434132547992999995
0.434047516876000017
0.434066630770999995
0.433931792024999985
0.434035991482000005
0.434172479971000003
0.434276724218000010
0.434124729340000015
0.434332431246999995
0.434106363358999991
0.434143161684000023
0.433946934760999992
0.433986496594999993
0.434250552921000010
0.434196028908999998
0.434188275913000021
0.434157183456999995
0.433961181314000022
0.433968385188000016
0.433939731128999973
0.433989566456000009
0.434143003355999979
0.434119148037000024
0.434231965875999992
0.434130786862999996
0.433869020848999976
0.433935077820000015
0.434047353631999977
0.434061659825999979
0.433873362802999984
0.433896046729999985
0.434040297347999982
0.434051646344999986
0.433927353954999984
0.433911024854000016
0.433914724906000027
0.433937574498000023
0.434052783002999987
0.434082649435000023
0.434178183883000002
0.434006409398000004
0.434009247549999977
0.433904518236999992
0.433951906923000008
0.433963569795000004
0.434016946261000014
0.433876396090000005
0.433911789218999977
0.433972391356999998
0.434081765381000018
0.433924513969999981
0.434013505050000026
0.434047819482999975
0.434096410117000009
0.433915386239999978
0.434156944277000023
0.434176787226999983
0.433941889859000007
0.434121358146999980
0.434014170269000021
0.434137769620000002
0.434054586663000008
0.434007793053000024
0.433965573930000015
0.434017459519000004
0.434001852901000018
0.434014836497000012
0.434109596646000018
0.433926285420999980
0.433950691815000011
0.434003858236000017
0.434092716649999988
0.433914698880000005
0.433968260913000003
0.434011899751999997
0.434002465560999973
0.433833015438000014
0.433929204577000016
0.433858772456000019
0.433890671035999986
0.433898008087000020
0.433890405360000009
0.433904547111000016
0.434192578253000006
0.434208511909000006
0.434062249727000027
0.434081518419999979
0.434233633841000000
0.434342335513999978
0.434053192847000002
0.433902246589999985
0.434000361988999994
0.434019071162000003
0.434132156102999989
0.434095448827000019
0.433992304740000001
0.434280254192000004
0.434159558524999989
0.433909904155000026
0.433738258433000012
0.433830268638999983
0.434024171974999984
0.434070028456000012
0.433993143329000020
0.434134020880000027
0.433871722695000017
0.434072896277000020
0.434234399150999983
0.434132535599999980
0.434218497684000004
0.434196617632999993
0.433968635454999974
0.433856625205999991
0.433818145014000012
0.433864888165999996
0.433969341728000002
0.434090269089000003
0.434166176573999973
0.434109543448999990
0.434031939327999994
0.434065961188000005
0.433998046791999992
0.434088675756999998
0.434045238885000018
0.434003089404999987
0.434115776635000006
0.434185816326000007
0.434125426438999984
0.434119957682000013
0.434087200609000023
0.434132417237000023
0.433979768318999981
0.433976697849999982
0.434013844910999980
0.433961379573000017
0.433854098849999981
0.433913920203999992
0.433807091457000027
0.434021563459999982
0.433992217397999980
0.434044519713999988
0.434129805588999995
0.433985465105000023
0.433864045711000013
0.434100250668000009
0.434137424955000018
0.434293557140999986
0.434116675381999995
0.434349173049999981
0.434201611054999992
0.433969804173000018
0.434230464806000027
0.434118461311000015
0.434110088431999996
0.433984091402000005
0.434068227427999997
0.434030242896999985
0.433883953955000012
0.433943318974999992
0.433890950712000012
0.433882913074000010
0.434034330645999999
0.434107616977999988
0.434116210341000008
0.434041982870999987
0.433895484996999981
0.433940975090000014
0.433942463258000011
0.434012336241999974
0.434033357329000002
0.433932989684999992
0.433973356470999994
0.433888196745999988
0.434093210984000000
0.434016643533000013
0.433990876241000023
0.433979019761000007
0.434026109662000004
0.433904165670999986
0.433991339242999985
0.434133938953999987
0.434099321383000003
0.434139874742999976
0.434064719483999994
0.434103923880999998
0.434027474390999979
0.434139408672000016
0.434112420047000014
0.434030647024000016
0.434034211938000014
0.434053725502999976
0.434063585091000015
0.434091524798000006
0.434147140089999994
0.434148660849000001
0.434003752269999987
0.433768431846999980
0.433798194884000010
0.433857002975000017
0.433878052414999993
0.433846435086000015
0.433910251108000022
0.434095059873999989
0.434016376555000027
0.434003511010000009
0.433833152100000008
0.433939446181999977
0.434109809379999989
0.434077938064000024
0.433814153204999997
0.433982591636999981
0.434141373456000013
0.433993204222999973
0.434168688073000020
0.434209520936000015
0.434001254132000025
0.434095105367000023
0.434027110263999982
0.434092497856000015
0.433987963965000001
0.433861907049999995
0.433841228663000011
0.434020293725999984
0.434173153252999988
0.434103513812000019
0.434076493871000002
0.433951777649000003
0.434018381416999999
0.433944272287999977
0.434162403204000014
0.433994915890999977
0.433978328886000020
0.433841752734999975
0.433618084304999984
0.433850683748999988
0.433768661298999991
0.433960455485000007
0.434203426996999986
0.434137253070999984
0.434174026288999981
0.434078902182000015
0.434142110094000000
0.433863652245000009
0.433943477309000014
0.433988867296000003
0.433867171868999979
0.434048129112000025
0.434006806552000024
0.434085941856000024
0.434135009088000012
0.434196205215999997
0.434244012863000017
0.434083577754000027
0.434035842060999988
0.434107892870999990
0.433955427070999988
0.434023063320000013
0.434042015414999982
0.433991038612000002
0.434117262911999979
0.434101264518999996
0.434133275194000023
0.434109723745999987
0.433989369228000021
0.434028282170999979
0.433955878997000000
0.434153931611999999
0.434032041628000020
0.433957374828000009
0.433870475583999993
0.433965629658000007
0.434046664585999997
0.433860218166999989
0.433783460732000026
0.433948781821999974
0.434002267877000025
0.433974539785999980
0.433927423959000025
0.433980711226000015
0.433809671599000024
0.433792738519999999
0.434012998415999995
0.433987773944000010
0.434106817862000005
0.434115660050000018
0.433962994777999989
0.434138393344000006
0.433971892626999978
0.434078276594000001
0.434084091790999993
0.434311921795999978
0.434104588088000010
0.433977109369000025
0.433853549374999981
0.433918537481999989
0.434169038592999990
0.434052034071999993
0.434223459648000021
0.434212173836000026
0.433931906352999996
0.433852805958000021
0.434065153024000006
0.434094196305999991
0.434046016915999977
0.434158868511999974
0.433917741156999992
0.433915836054000026
0.434061490381999981
0.434000923932999993
0.434007875378000008
0.433869389858999976
0.434169697121000009
0.434255043607999991
0.434198734255999974
0.434149988724000013
0.433976464190000022
0.434065791272999990
0.433889503913000019
0.433833918764999993
0.434114634945000022
0.433735957881999978
0.434065004929000020
0.433962176877999983
0.433932567200000008
0.433776860960000010
0.433916541381999976
0.433944498958000024
0.433973043916999979
0.434008466212999988
0.433970664627000013
0.433829412415000004
0.433905698958000019
0.433965414769000024
0.434231445582999975
0.434202657504999978
0.434084117225000010
0.434114117334999994
0.434035221803000026
0.434030839637999988
0.433824681983000005
0.434082422186000016
0.434042087809999977
0.433922275856000017
0.433923704605999994
0.434083050618000010
0.434233961143000002
0.434037003335999982
0.434014265941999988
0.433656162106999976
0.433913840682999985
0.434013100531000007
0.434030604978999979
0.433909645780000019
0.433922848922000004
0.433971086318000021
0.433980569804000016
0.433851509149999981
0.433702837168999988
0.434081029778999983
0.433924245923999974
0.433967727947000004
0.433976280443999995
0.433960040536999991
0.434002309586000001
0.434113612909000024
0.433949688290000024
0.433897173959999993
0.433915924845000023
0.434058491192000018
0.434158307789999975
0.433926178429999976
0.433814378002000012
0.433861340734999990
0.433827873608999992
0.433805904199000003
0.433874650636000003
0.433886444031999996
0.434046710216999976
0.433992492404000008
0.433930378474000011
0.433975152390999985
0.433905083673000014
0.433900091160000001
0.433757339161999989
0.433831808594000001
0.433781110234999989
0.434042461827000015
0.434113445197999992
0.434022273434999994
0.433808843092000018
0.434027591978999983
0.434019137830999990
0.434203783522999986
0.434046525575000008
0.434105775279000017
0.434050333954000001
0.434047444253000014
0.434088676017000019
0.433815910071999988
0.433880180886000000
0.433787604925999992
0.433904593165000019
0.434008419713000027
0.434100837655999994
0.434179661336000000
0.434226221064999973
0.434136741943999982
0.434159626068999993
0.434060129881999990
0.433940767153999984
0.433924881234000026
0.433945604759000014
0.434034015684000019
0.434090848799999984
0.434055764118000009
0.434135194296999982
0.434214460392000012
0.433997624334999998
0.433775183900000028
0.433865929583000021
0.433954824364999991
0.433698478532999976
0.433768674580999991
0.433972146569000017
0.434006405305000009
0.434166567067000020
0.434053915502000009
0.434042595382000018
0.433953970023999991
0.433793434380999987
0.433924359608999999
0.434032219024000021
0.433963171699000005
0.433891147169000013
0.433980549228999979
0.434098006450000018
0.434089822512999990
0.434154801463000006
0.434085813074000015
0.434054773645999981
0.434056747068000015
0.433962455507000022
0.433845619552000017
0.433697045489000010
0.433855194461999993
0.433755169215000014
0.433923073847000018
0.433848691421000021
0.433913166013999985
0.433890399558999995
0.433859429946000019
0.433867613564999977
0.433736658853000001
0.433802336542000011
0.433945329388999990
0.433782830249999973
0.433844683866999981
0.433932728712999982
0.434100674261000019
0.434234039437000008
0.434119963802000020
0.434049027814000010
0.434014951761000023
0.433913966375999993
0.433977059225999995
0.434088719801000000
0.433962421684999988
0.434007730651000012
0.434078198934999993
0.433923095987999996
0.434078135694000000
0.433932216551999983
0.433800784291999975
0.434019496559000018
0.434122310766999975
0.434217695224000000
0.433789690203000011
0.433987359941999995
0.434022869427000024
0.433895189273000026
0.433878153496999985
0.433977501817999989
0.433887217769000022
0.434118561442000006
0.434175377209000013
0.434052898111999985
0.434139364289000018
0.434042915445000010
0.433965099138000021
0.433947716611000012
0.433993606202999982
0.433996716717000020
0.433785040798000010
0.433791062989999976
0.434017431843999990
0.434073216398000006
0.433999906805999980
0.433796069753000002
0.434001936420000012
0.434044332663000021
0.433870446389000020
0.433975213869999987
0.433902965611999980
0.433904251495000004
0.434054297443000003
0.434232332936999976
0.434193588698999988
0.434190104158000023
0.434105263457000012
0.433968478774000022
0.434067579697999972
0.434096166557999985
0.434056665954999976
0.434007917144999977
0.433910301755999983
0.433835148723999975
0.433883177125000019
0.433783362271000006
0.433947204802999975
0.434133312213000000
0.434077560214999991
0.433879526364999990
0.434028139051999995
0.433875021829000007
0.433949275557000025
0.434009413811000000
0.434100923575000019
0.433919647131999986
0.434066008280000026
0.434039854527999980
0.433984556761999984
0.434299405872999977
0.434345138224999983
0.434287095422000002
0.434141335824999974
0.434154216754000011
0.434071218436999973
0.434057723655999983
0.434136044978000013
0.434052665027999995
0.433964091484000003
0.433891080202999990
0.433920444786000004
0.433984764944000012
0.433802186970999981
0.434065610062000007
0.434180844108999986
0.434160426403000010
0.434162404725999984
0.434087719064999988
0.433949887057999972
0.433892438192000018
0.433853682304999988
0.433702688994999974
0.434000467268999990
0.433814752803000026
0.433744359746000008
0.434055681621999978
0.434042046893000022
0.434016805080000012
0.433946984722999973
0.433774507970999978
0.434017010282000015
0.434118434426999988
0.433923642383000019
0.434164982114000009
0.434318509512999995
0.434137014832999990
0.434030189281000012
0.433902422916999986
0.433935712488999981
0.433906114474000015
0.434054147896999976
0.434234462736000026
0.434073434363999977
0.434103332795999997
0.433941577395000000
0.434007740984000023
0.434097580129000016
0.434124934259999984
0.433966842462000013
0.433988977981999979
0.433906512181999993
0.433899827613999978
0.434103192432999996
0.434052447979999978
0.433975821584999977
0.434047387471000023
0.434121962751999990
0.433997981219000017
0.434044698778999982
0.434078076265999979
0.434032079361000023
0.433958027224000009
0.434073505475000010
0.433924508406999976
0.433851935345999973
0.434031407101000022
0.433936459192000024
0.433960926523000001
0.434027488929999983
0.434262794560999976
0.434323965696999992
0.434165058965999995
0.433895312119000010
0.434027511638000019
0.433911093059999975
0.434083828117000026
0.434152168928000015
0.434082926636000010
0.433998912515999979
0.434093681527000008
0.433963871411999991
0.433907888128000019
0.433779695339000015
0.433793259824000021
0.433978037154999996
0.434085727054999981
0.434211728236999994
0.434070826370999974
0.434086007674000018
0.434207901306999988
0.434242575196000014
0.434215861777000001
0.434243104456999984
0.434355227870000027
0.434066941395000017
0.434093583417999973
0.434069893433000009
0.434030825055000014
0.433967249128999977
0.433856947277000027
0.433823193594000012
0.433965817648000018
0.433846729960999988
0.433926762701999980
0.433924319798000002
0.433950820452999986
0.433941918611999988
0.433998633924000010
0.433804769397000023
0.433947834285999978
0.433936681839000027
0.433869919922000025
0.433994447906999981
0.433905009798000008
0.434007798675000001
0.434078329807000007
0.434012151319000006
0.434115916865000007
0.433941798468000017
0.434114875577000014
0.434120943430999995
0.434057354763999981
0.434039348115000001
0.433898880212999993
0.433923984747000002
0.434174243233000023
0.434142057136999993
0.434202794679000026
0.434154775155999983
0.434044101658000003
0.434149753146999995
0.434227844119999984
0.434128459487000018
0.434182893251000013
0.434140444241999990
0.434065031566999993
0.433882890623999984
0.433881656457999976
0.434112867058999985
0.434288291400000026
0.434166637598000005
0.434126279391000014
0.433983819589999986
0.434116924347999977
0.434195422798999975
0.434084766494000018
0.433752102418999974
0.434112143821999974
0.433922050163999984
0.434000407033000024
0.433773933888000007
0.433975652425000025
0.433877937305000017
0.434087171006000028
0.434072582071000024
0.433943207975000023
0.434000545219000000
0.434052456362999994
0.433957845750999993
0.433933991322999979
0.434188123541999982
0.434011144153999995
0.434040574128999990
0.433924940920000002
0.433977488834999980
0.434080408894999992
0.434083265143999975
0.433984215702999998
0.434193066078999990
0.434320705568000009
0.434062489075999980
0.434162150370999977
0.434008460649999983
0.433907634845999979
0.433812331183000000
0.433803330945000010
0.433828193520999994
0.433951959790000008
0.434098876148000024
0.433903239095999982
0.433994563211999973
0.433940887300000022
0.433996166711999976
0.434124418499999998
0.434016361618000002
0.433915296667999995
0.433777204149999984
0.434072514344000016
0.433845555918000003
0.433939171472000007
0.433909389215999974
0.434043101253999974
0.433956241407999987
0.434069279980999978
0.433968052925999992
0.434160705693000026
0.434172399385000019
0.433992936915999994
0.433847834569000002
0.434068579796999976
0.434139677057000017
0.434053128018000001
0.434105582446999982
0.434099028428000022
0.434153402321000026
0.434082990763999976
0.433762534742999972
0.433871440564999988
0.433880554192000001
0.433978468369999981
0.433980136557000018
0.434066160212000007
0.434173261733000027
0.434001931846000000
0.434070512969999989
0.433950388786000008
0.434008665761000001
0.434024333054999989
0.433876134618000009
0.433999572649999998
0.434092889764999990
0.434211400264000014
0.433873849872999984
0.433816999325999986
0.433805277420000024
0.434023090840999992
0.434167001970999999
0.433917717473999986
0.433898748263000011
0.433906976607999983
0.433902041721999976
0.433792938364999991
0.433983920683000013
0.433929762797000018
0.433770408396000007
0.433948420780000010
0.434089100296999986
0.434147233031999980
0.434098460839000000
0.433994350061999989
0.433864373033999995
0.433985835458000013
0.433975587366999982
0.433746443167000006
0.433994474706000000
0.434005132031999974
0.433959845432000002
0.433933973422000019
0.433912274323000002
0.434118359727000025
0.434002254006999988
0.434073562567000026
0.433991617195999990
0.433822096300999993
0.433804251227999982
0.433799122146000027
0.434067390604000014
0.434056249195000021
0.433873702003000017
0.434053308490000012
0.434100090862999999
0.434146724779000015
0.434188809010000010
0.434145029991000020
0.434098969635999976
0.434003504057999978
0.434099573929000004
0.434161034007999991
0.434117492642999980
0.434184236790999989
0.433947901038999995
0.434052653617999995
0.433919943939999997
0.433845754665000027
0.433819425701999994
0.433849039863999975
0.433849741833999991
0.433941913938000023
0.433824599049000004
0.433938874821000020
0.433965149699999997
0.433887461954999998
0.433904554945999998
0.434041804965999978
0.433989527353000004
0.433963464715000025
0.434018268282999997
0.433936559908000008
0.434010067920999998
0.433986599917000004
0.433800021167000005
0.433986772542000021
0.433896762727000007
0.434007855183000002
0.434103634944999983
0.434238865327000012
0.434089576678000022
0.434074608756999991
0.434127332137999977
0.434016494553000010
0.433926547604000012
0.433901283605999999
0.433958811082999996
0.433904035201000016
0.434055619861999975
0.433997301876999975
0.434151989487999990
0.433995555802999977
0.434030338553999973
0.433897471669999979
0.433837284888999974
0.433871231776000010
0.433679003926000006
0.433742400287000007
0.433695961229000004
0.433864589631999975
0.433933978401000009
0.434039730372999977
0.434150263814999993
0.434219288807999981
0.434249981815000019
0.434107527242000024
0.434124563632000027
0.433950660283999978
0.433916669779000008
0.434168565030000009
0.434027209608999986
0.434061241674000009
0.434101390844999990
0.434255670867000010
0.434257426010999981
0.434451648450999983
0.434343999759999988
0.434178652785999986
0.434117949752999999
0.433974266085999982
0.433943473385999978
0.434127320634000002
0.434085303980999981
0.434059391424999996
0.433988377892999988
0.433768366379999992
0.433907320263999974
0.434050308978999988
0.434039350476999986
0.433913039536000023
0.434061639888999984
0.433926123943000008
0.433915650930000008
0.434055531795999983
0.433764662204999984
0.433908547826000024
0.434062375664000022
0.433998554594999975
0.434104014531999982
0.434241560733000020
0.434049356765000005
0.433859960054999994
0.433974770988000025
0.433964089280999998
0.433995962703999982
0.433896889278999998
0.433903432372999998
0.433977854458000023
0.433860529900000014
0.433987060957000015
0.434043575635000012
0.433989424131999979
0.433833789999999997
0.433927395875000010
0.433887070767000005
0.434070300741999981
0.434052871452000000
0.434058067340999998
0.434016555784000002
0.434121274926999978
0.434225355515000022
0.434183554362999991
0.434375848826999977
0.434202173475999986
0.434218137250000025
0.434220513580000023
0.434264566329999990
0.434247082150000019
0.434185498745999987
0.434111980226999983
0.434009933329999986
0.434111360602000007
0.433996889526000018
0.434102840172000015
0.434172161373000021
0.434217758090999995
0.434411711726999994
0.434103064684000006
0.434177517329999985
0.434194940478000002
0.433978570118999984
0.434194334289000006
0.433996220157000012
0.434038016199000010
0.434124764235999994
0.434023412760000005
0.433971318587999977
0.434151873297999980
0.433915832968000015
0.434028096836999999
0.434195654747000004
0.434289183794000000
0.434337827231000007
0.434097331121999996
0.434047899588999975
0.434007547019000017
0.433940098232000027
0.433685238068000023
0.433998925433000005
0.433890366202999977
0.434008028164000026
0.434127717583000006
0.434020554805000014
0.434008841909999998
0.433915402893000013
0.434077265099999998
0.434065891277999993
0.434016988158999972
0.433925772177000013
0.433848771061000005
0.433678238188999976
0.433732677309000003
0.433865672352000020
0.433999833466999996
0.433943517308999993
0.434053966537999991
0.434216458136000016
0.434109021671999995
0.434036848071999992
0.433978979528999997
0.433988382186999977
0.434089444727000007
0.433966728808000024
0.433793020869000012
0.433800501085000012
0.433878536593999997
0.433985231217000000
0.433952351858999996
0.433930807402999996
0.433961314679000010
0.434053134351999992
0.433985588340000006
0.433944641615000015
0.433965550566999980
0.434014016783000001
0.434038866688999991
0.434258480097000021
0.434211497587999984
0.433987738958000024
0.433860546702000027
0.433882737653999984
0.434041303154000024
0.434334129582000017
0.434177638087999973
0.433961091725000025
0.434115298579999975
0.433954950703999975
0.434139760757999982
0.434220395079999988
0.434198293871000007
0.434199899441000015
0.434039521963999975
0.433965021210000024
0.434042065089999984
0.434098477865999977
0.433927639368999973
0.433891491191000012
0.434153685989000004
0.434199070026000000
0.434101544545999973
0.434039186483999972
0.434097073803999978
0.433934554101000014
0.433917207919000014
0.433833897673000013
0.433953035917000018
0.434018451387000015
0.433906019267999987
0.434104248573999985
0.434282512539999999
0.434160997095000001
0.434137406058999975
0.434054028149999993
0.434092759391999983
0.434169102502000026
0.434045751225999976
0.434167855391000002
0.434092807222999977
0.433936650240999977
0.433954132624999989
0.433980992984000002
0.433840174731999983
0.433972857215999985
0.433905249674999993
0.434015148274999985
0.433992668784000002
0.433892605824000022
0.433932052050000017
0.433932197967000000
0.434105889387000010
0.434050227266000010
0.433940911210000002
0.434005298072999979
0.434014037806000008
0.434080938987999987
0.434107655945000004
0.434035543839999982
0.434135905137999989
0.434251630135999989
0.434157616966000026
0.434057501186999983
0.434083023791999978
0.434061961827999998
0.434214843304999987
0.434185102012999979
0.434201833342000021
0.434123938017999977
0.434117772509000022
0.434046066471000025
0.433857999556000018
0.433837717243999998
0.434042627675000015
0.433973683226999973
0.433933754911000003
0.433992121062000025
0.433867447695000019
0.433924564765000020
0.434068165477999979
0.434047567307999982
0.434135852182000015
0.434106702170000025
0.434212865602000009
0.433920189725000016
0.433948914166999988
0.433914875653999998
0.433840488919999989
0.433916945606000026
0.433846548248000008
0.433873838755000019
0.433876717430000003
0.433965465361999980
0.434227222721000006
0.434097923198000002
0.434202914261999973
0.434085234558999999
0.434284752002000007
0.433947865747000006
0.433995238988999998
0.434020502385999984
0.434134024436000021
0.433885492016000018
0.434080834206000021
0.433939280478000011
0.434072785743000011
0.434283801678000014
0.434254801467000018
0.434186985204999987
0.434180798144999991
0.433907477066000025
0.433735789066999999
0.433808673736000017
0.433989279886999979
0.434016971719000000
0.434195306521000024
0.434154205271000015
0.434108947071999984
0.434054649823999994
0.433930160324000003
0.433904937591999995
0.434022582385000022
0.434154194712999986
0.434193460302000012
0.433928407189999976
0.434028009310000018
0.433954386743999998
0.433869759322999982
0.433989511140999984
0.434123715317999981
0.434082987837000001
0.434041278837999978
0.434274192609999998
0.434159070059999985
0.434076707389000005
0.433924973830999983
0.433838926635999989
0.433890970882999993
0.434236952828999989
0.434201153534000017
0.434246671269999995
0.434059659865999981
0.434181134410999980
0.434120109759999984
0.434183348036000005
0.434270409048999995
0.434216370969000010
0.434252199592999988
0.434036725879999974
0.433992865715999987
0.434050221480999976
0.434024154009000018
0.433875517127999988
0.433917082068000004
0.434080382558000022
0.434120118220999995
0.434008424780999991
0.433927813488000025
0.434199764087999984
0.434227091713999980
0.434025851277999974
0.433968269941999996
0.434045474777999984
0.433999351353999974
0.433958311574999978
0.434004756443000017
0.434102430626999991
0.433940871527000005
0.434258563139999998
0.434289069319000021
0.434087958900999993
0.433886013948000027
0.433856939788999973
0.433841720621000015
0.433648729432000002
0.433738425511000003
0.433845891287999996
0.433997838838000027
0.434024072262999994
0.433960428499999995
0.433971799489999976
0.433963375633000026
0.434043923122000019
0.434096963654000023
0.434004642584000011
0.434006095260999980
0.434059070308000006
0.433939639328000004
0.434056516610999976
0.434078491763999985
0.433883793818999997
0.433891267558000004
0.433946678031000010
0.434049628113000019
0.433963315198000021
0.433950432097999994
0.434028628345000000
0.433988201785000027
0.433943019887999992
0.434002718670999987
0.433913796976999999
0.433719555453999983
0.433828523763000018
0.433940428070999973
0.433859062108000015
0.433815265281999984
0.434155694026000016
0.434055051608000009
0.434110136387000023
0.433930212018000028
0.434066137507000016
0.434043740628999974
0.434076720979000019
0.433952488390999980
0.433961425181999982
0.434093711567999974
0.434077269420000023
0.434168156824000007
0.434059978121999979
0.433960780759999998
0.433954169454999983
0.433960441758000026
0.433865075807999989
0.433914959794999999
0.434050696003000003
0.434013131246999972
0.434089733791999999
0.434053634537000022
0.434149406510000002
0.434095416329000006
0.434050909621000014
0.434205022592999978
0.434048421043999988
0.434013586351000014
0.434168476380000001
0.433936221160000024
0.433972971832999987
0.433997818197999985
0.434077311469000027
0.433998430232000021
0.434162973933000018
0.433993756381999995
0.433876456254000009
0.433979052018000022
0.434098420870999979
0.433941318593999981
0.434000239268000021
0.434142433009999995
0.434018961712999973
0.434083660197000010
0.434186416452999990
0.433988995426000002
0.434069336771999992
0.434064188823000019
0.433953532237999984
0.433846679918000022
0.433842091029999988
0.433982889930999982
0.433813939204000021
0.433976523278999993
0.433891829675999985
0.433966268243999975
0.434040058911000004
0.434193369421000008
0.434232725829000021
0.434160374191999987
0.433797771559000012
0.433636719705000007
0.433819617604000007
0.433827532537000016
0.434078884469000004
0.433926295474000023
0.433853866671999988
0.433896163416000014
0.433774636383999990
0.433822307497999993
0.433940971778999984
0.433935415897999999
0.433824902070999996
0.433946950351000005
0.434166612288000020
0.434110874865999974
0.434104976081000016
0.433961898369000010
0.433892838281000004
0.434103215416999977
0.434071466465999978
0.434070860511000023
0.433927241410999975
0.433862353671000012
0.433887455297999991
0.433824958456999976
0.433936294762999997
0.433929382819000009
0.434111698150999981
0.434284707780999979
0.434135365966999975
0.433913214180000006
0.433840760722999985
0.433947024131000003
0.434052862860999977
0.433975711568000022
0.434098681338999981
0.433960050561000010
0.434161101411000006
0.434301267802999991
0.434072314274999982
0.434093508946000017
0.433981689195000020
0.434130685459999999
0.434080433225000006
0.434006905265999998
0.433974185470999974
0.434393352437000002
0.434153309172999990
0.434247878410999988
0.434010412746999974
0.433870443639999992
0.434008094773000008
0.434124785677000025
0.434130919567999984
0.434299352036999986
0.434007585849999988
0.433758351533000019
0.434035066452999996
0.434015713475000009
0.434091962341999982
0.434016901323000026
0.434074185113999977
0.434083807498000018
0.434044464793999996
0.433965896527000017
0.433996611902000007
0.434070411900999986
0.434101355723999993
0.434199681630000001
0.434066246350000018
0.433826837063000015
0.433842278008000015
0.433747705268999972
0.433781581683999995
0.433933589672000020
0.434007685876000027
0.434010916457000018
0.433962029252000003
0.433959210825999975
0.433838944193999987
0.433945687992999984
0.434008717165000002
0.434128162265999984
0.434072668727999988
0.434003325190000011
0.433881990822999997
0.434039191928000001
0.434081268861000014
0.434230642137000022
0.434007122026000003
0.433857363102999993
0.433863805270000014
0.433947172960000016
0.433885771739999981
0.434194043749999981
0.434263033997000003
0.434268690628999976
0.434342767351000025
0.434168016578000027
0.434178949626999988
0.434164773534999993
0.433984564151000007
0.433985727965999990
0.434124706914999992
0.434135399177999981
0.433948073734000017
0.433800487472999985
0.433911630672000004
0.433895478083999975
0.434221460895000022
0.434233258781999976
0.434123667789000023
0.433976311549000016
0.434046210343000005
0.434098785697999978
0.434115824170999975
0.433930348204999983
0.433872863853000001
0.434000772139000013
0.433823690207000012
0.433932274998000023
0.434006050063000026
0.434038256559000024
0.433849643459000012
0.434049674862000023
0.433993820746000014
0.434119026517000017
0.433964188969999998
0.433866663451000001
0.434036398702000004
0.434042870005000025
0.434177570314999983
0.434148871732999986
0.434088914518000024
0.434006379491999994
0.434108526494000002
0.434005000523000006
0.433980130986000023
0.434025150924999992
0.434051832593999987
0.433907989759000023
0.433891084008000028
0.433807598864999977
0.433983907868999985
0.433970110181000013
0.433964732018999988
0.433933131134999983
0.433821850359999983
0.433856740111000005
0.433699616075999994
0.433809987512999984
0.433953263827999980
0.434217855840000000
0.434140651298000002
0.434169551177999991
0.434014049773000010
0.434111366306000002
0.433853918625000001
0.433877185537999976
0.434151307240999984
0.434120685625999980
0.434023356319000020
0.434123339237000028
0.434058036683000026
0.433936200988999987
0.434030489292999977
0.434046906105000019
0.434240477038999984
0.434113911046000001
0.434268439225000025
0.434266462124999975
0.434289902933999994
0.434227935966999989
0.434108922093000005
0.434148403081000001
0.434310727840999999
0.434324011261000009
0.434190944588999983
0.434127406175999986
0.433933195187000020
0.433812846849000011
0.433902758439000003
0.434152059910999977
0.434093111277000010
0.434126134142000020
0.434105853001999997
0.434085268058000018
0.434042156303000026
0.434205733491999979
0.434147157301000008
0.434007192337000025
0.434072808663999998
0.433977772268999973
0.433884185496999975
0.433851292557999979
0.433776833655000027
0.434080928300000002
0.433971032028000026
0.434024458228000010
0.433977582683999996
0.434143551730999999
0.433819726006999973
0.433909353079000026
0.433825483969000003
0.434015753983000019
0.433907425630999988
0.433962272548999994
0.434024407980000027
0.433978228723000015
0.434130088292000005
0.434032824084000013
0.433999956312999979
0.433952752306000000
0.434005418302000012
0.433818797506999976
0.433775850354000014
0.434029085004999982
0.434025979299999976
0.434010067474999983
0.434020726148000024
0.434074659831000020
0.433945774334000001
0.434137018227000016
0.434149516233999999
0.434209117019000002
0.434172463013999976
0.434248529335000022
0.434020719283999989
0.434066662822999993
0.434256983451999978
0.434137792959000013
0.434117167344999999
0.434163422427999990
0.434095334037000014
0.434068455959000010
0.433818247267000023
0.433840329814000003
0.433768813952000010
0.433880523977999977
0.433887669079000005
0.433720694357999981
0.433852248486000014
0.433794411242000022
0.433985450835000008
0.434115190488000013
0.434211495747999998
0.434072703168999985
0.433894547899000005
0.433995616505000015
0.433980181673000009
0.434004142586000008
0.434150839485999973
0.433833458015999984
0.434065596102000018
0.433738053778999988
0.433973916720000019
0.433909824255999998
0.433882014998999976
0.433855172791999977
0.434029835448999979
0.434036122879000008
0.433998974337000021
0.434278830489000012
0.434152688582999990
0.433874933502999993
0.433977686374000027
0.433972198069999981
0.433882998818000021
0.433994765098000002
0.433815647284000017
0.433855641131999981
0.433826600404000007
0.433893099193999987
0.433950632025999983
0.433867285908000000
0.433773237244999998
0.433902728665000015
0.433908526563999974
0.433923518437999978
0.433960184370000002
0.434008070550999991
0.434163920332999997
0.434169647315999996
0.434065536994000023
0.434028334906999991
0.433965275584999977
0.434122661553000000
0.433956426298000020
0.434234380397999997
0.434071092021000027
0.434145662079999994
0.433945960811000009
0.434065171114000004
0.434014380689000001
0.434051763606000007
0.434170123051000001
0.434070564950000015
0.433974841667999989
0.434071479333999977
0.433921537719999972
0.433837718222999991
0.433829356607000005
0.433835036662000018
0.433899498602999978
0.433812648947999979
0.433979080587999999
0.433919396306999994
0.433785447360999998
0.433733530972999992
0.433901252768999990
0.433988525394000013
0.433913843688999989
0.434011634144000014
0.434025508494999990
0.433953805673999993
0.434060075890999986
0.433970319860999987
0.433883171938000023
0.433895508323000001
0.433931835767000007
0.433899657978999986
0.434003248411000020
0.434146306107999980
0.433974682512999976
0.433959800745000013
0.433986672685999997
0.433968443616999988
0.433969964315999990
0.434047566488000025
0.433996692005000018
0.434127889800999978
0.434073195046999982
0.434101896348999983
0.434015546071000013
0.434037983934999982
0.434034565573999997
0.434166881883999989
0.434234120910999999
0.434238130296999980
0.434254313398000025
0.434029749951999999
0.434095738610999982
0.434152115875000022
0.434163898800999981
0.434292685522999988
0.434083634305000021
0.434046617892999975
0.434182445322999988
0.434120963487000022
0.433991946472999990
0.433973707076000026
0.434153887382000003
0.434071147004999991
0.434020444266999983
0.434184401396999986
0.434132908147000007
0.434263732770000022
0.434290058127000000
0.434374965095000010
0.434243683832000016
0.434106304461000014
0.434065801816999997
0.434142510175999974
0.434149560037000004
0.434124480345000008
0.434031158101999992
0.433822126124999985
0.433836653690000018
0.433950004504000009
0.433988625482000012
0.434039317190999974
0.434081444973999975
0.434297099083000016
0.434061157448000001
0.433946255780999990
0.433918022334999987
0.434013384035000005
0.434228079830999980
0.434048994946000022
0.433993727421999986
0.433962480973999976
0.434028694340000021
0.434026322625000016
0.434156213848999994
0.434001735667000010
0.433930911615000026
0.433874370730000014
0.433909658638000018
0.433968666426999994
0.434062823917999996
0.434065125912000027
0.434280170517999997
0.434099243490999986
0.434018362719999995
0.433995196992000010
0.433920679204999993
0.434064283566999998
0.433996235050000012
0.434091125076000006
0.433917298770999993
0.434061376414999978
0.434152323000999985
0.434269812265999977
0.434209349640000020
0.434245267694999992
0.433942439697000026
0.433933486716000016
0.433972329315000016
0.434107772075999987
0.434242947461999984
0.434189250437000018
0.434165371179000004
0.433980226264000013
0.434092209078999980
0.433986636959000027
0.433964748422999980
0.433912287856000001
0.434063515562999991
0.434127723139999977
0.434203415693000028
0.434109748796000006
0.434105111413999989
0.433955189597000024
0.433792683773000010
0.434027348593999995
0.434002293415999996
0.434015536292999993
0.434005268883000006
0.434000097962999987
0.434072897557999993
0.434027037587999986
0.433900363085000018
0.434053424560000012
0.434007304573000019
0.433844904698000022
0.433972123099999996
0.434067741138999985
0.434003314437000021
0.433885519105000006
0.433849536751999998
0.433858778178000004
0.434079278050000017
0.434092906406999990
0.433959592171999975
0.434077259193999976
0.433866850329000020
0.433969606389000007
0.433853159343999983
0.433905205226000013
0.433924169846000019
0.433828103801999987
0.433831874447999977
0.433905274373000027
0.433850856675000007
0.433868511153000014
0.433876069468999981
0.434171680326000009
0.433909322445000023
0.433906247899000008
0.433930183066000008
0.434052081229999998
0.433923486852999973
0.434089987180000025
0.434110024300999986
0.434054191393999977
0.434102328485000022
0.434084549689999988
0.434065411025999992
0.434120773063000009
0.434074398370000003
0.434065413329000005
0.434044789819999999
0.433793316362000025
0.433833478458999999
0.433778163037000009
0.433961823028999993
0.434055184119000015
0.434120112881999975
0.434121630897000010
0.433870174250999996
0.433978409346000016
0.433998120731000026
0.433968969480000022
0.433985931085999976
0.434011735708000002
0.434109997894000010
0.434121599003000014
0.433999182131000028
0.433887437021000022
0.433735514415000023
0.434009494187000022
0.433942142383999974
0.434064938878000017
0.433981599119000028
0.433910174460999998
0.433836615127000003
0.434011336256000024
0.433869897045000008
0.433717259678000011
0.434051425704999994
0.434077169684999986
0.434022833521999996
0.434025298870999998
0.434089881708999981
0.433846011925999975
0.434031447637000023
0.433926156895000026
0.433965534335000014
0.434017469569000003
0.434077407166999996
0.434203349317999976
0.434018461026000002
0.434034663381999974
0.433882601212999985
0.433895616465000022
0.434065578800000018
0.434026224530999982
0.433996344297000014
0.433947508347000022
0.434023139361000010
0.434201490979999993
0.434104317442000009
0.434066616211999989
0.434128739689000009
0.434153280782999973
0.434161615331999984
0.433933604038999998
0.433986158944000000
0.434042779511999988
0.434108281586999989
0.433847263905999980
0.434092914782999995
0.434161324055999998
0.433911329085000019
0.433969672272999984
0.434051734071999984
0.433941693726000000
0.433962148556000016
0.434074005174999999
0.433984191174999978
0.434019344515000016
0.434026480313000007
0.434083924806999977
0.434139169403000014
0.433914438858999996
0.434164721467000025
0.434144187849999974
0.433989589063000003
0.433990198574000008
0.434110060001999976
0.434139959282999977
0.434054552004999983
0.434187029607999986
0.434259356877999991
0.434112046972000010
0.434074719853999980
0.434105364197000021
0.434159458497999973
0.434248303828999982
0.434113836673999998
0.434079391272000015
0.433973636875000013
0.434011064868000007
0.434368029262999999
0.434248674890000019
0.434182867432999997
0.434138621865000018
0.434094701503000002
0.433912669009999974
0.433948999640999977
0.433991309361999977
0.434096018550000018
0.434116237517000014
0.434011943386000021
0.433778689341000001
0.434021865452000000
0.434139864388000007
0.434071505276000025
0.434067125180000013
0.433761194557000018
0.433994018764999989
0.434029486199999981
0.434293554244000013
0.434459059019000005
0.434182740346999996
0.434208158293000024
0.434218926522000004
0.433993530931999993
0.434072654682000014
0.433981845736999994
0.433991150554000005
0.434037896709000004
0.434054858360000018
0.433987068789000008
0.434105406513000003
0.434049278827999985
0.434110647550999984
0.433964165929999979
0.434036859850999990
0.434110945660000025
0.434079412122000019
0.433985477931999986
0.434100132131999994
0.434200869606000017
0.434092841815999997
0.433859320802999993
0.433849005607999993
0.433887848969999990
0.434099691088999984
0.433991463294000013
0.434195834359999977
0.434234313423999985
0.433997324711999977
0.434139152512000026
0.434329466524000007
0.434178601089000027
0.434152209062000027
0.434102382354999983
0.434170789594999995
0.434236168089000008
0.434328301056000010
0.434019955138000013
0.433951052108999979
0.434120101972000016
0.434126513671000025
0.434197812773999992
0.434294961254000023
0.434272962312999999
0.434150090458000015
0.434003194104999990
0.433709974230000017
0.433707802726000013
0.433725639604000013
0.433776559730999989
