0.436350217255000006
0.436261290922999978
0.436116822297999973
0.436200681540000024
0.436244474443999997
0.436229045982999997
0.436333489490000004
0.436321443305000001
0.436351633297999975
0.436413317309000015
0.436361781228999990
0.436274222353000007
0.436402338682000013
0.436256289745000025
0.436305031459000014
0.436239822677999989
0.436406237839999989
0.436374821347000008
0.436372673097000008
0.436237629999000009
0.436148599487999999
0.436229303991000017
0.436259662892000022
0.436352628104999973
0.436466103376000003
0.436328272690000019
0.436401420533000017
0.436392155901999979
0.436440638581000018
0.436421480134999984
0.436397580529999995
0.436556314070999985
0.436507677791000026
0.436236821428999999
0.436172474184999992
0.436183974536999974
0.436244870306999988
0.436209615034999998
0.436427360267000020
0.436491606654999975
0.436519574535000010
0.436655783638999984
0.436350815426999994
0.436377407463000022
0.436311420294999974
0.436382972102999978
0.436443949125999986
0.436290557625999997
0.436307860089000021
0.436345390321999982
0.436415310785000010
0.436402096359000014
0.436329019553999997
0.436331401569999999
0.436375492583999991
0.436263098793999993
0.436474407309999979
0.436297101337000004
0.436299434706000022
0.436350612666999982
0.436425093596999991
0.436268219141000002
0.436511900289999977
0.436389348146999978
0.436232433212000004
0.436337289211999990
0.436337076579000005
0.436322566420000002
0.436172303202999989
0.436236964333999999
0.436152455275999995
0.436054530532999973
0.436355456706000011
0.436424801585000022
0.436212908314000003
0.436469724845000018
0.436583251853000009
0.436542675069000019
0.436462820924000017
0.436589296140000027
0.436450182081000004
0.436537411207000015
0.436374832267000023
0.436364347124999996
0.436365876947999998
0.436282651878000027
0.436431964813999984
0.436227360524999996
0.436294245899999988
0.436486741023000002
0.436530968643999984
0.436508211591000006
0.436545637975999989
0.436426779980000012
0.436460618523999977
0.436444210486000017
0.436499574087999997
0.436409389410000015
0.436173362432999978
0.436071095901000017
0.436114384003000011
0.436118219495999992
0.436420713924000003
0.436130763468999982
0.436124772448999998
0.436287679837000009
0.436469998281000027
0.436483433023000023
0.436506555663999984
0.436372089956999998
0.436288771460999980
0.436283528947000010
0.436382067139000018
0.436484933003000009
0.436382813526999980
0.436349371822000009
0.436386115128000018
0.436373680787999985
0.436567001838999991
0.436358758766999977
0.436045587612999996
0.436130924915999973
0.436299557318000020
0.436236450398000020
0.436311620879999973
0.436341578351999992
0.436395582093000001
0.436289949369000007
0.436284335134000001
0.436288243553999977
0.436283084461999981
0.436271343478999984
0.436192171163999998
0.436291191060000028
0.436341503798999997
0.436346754537000003
0.436324869007000016
0.436166965562999998
0.436323665058000021
0.436198040685000010
0.436388895326000004
0.436427443671000004
0.436423200517000009
0.436608238431999973
0.436446019666999974
0.436468457182999980
0.436440525445999983
0.436497133275999982
0.436511082187000021
0.436450097830999972
0.436414517030999982
0.436274270377999984
0.436403404295000019
0.436148774331000022
0.436443988100000013
0.436272757416000023
0.436180717408999996
0.436309020346999976
0.436422469265999979
0.436437049798999999
0.436476823449000018
0.436424015198000004
0.436320241110000007
0.436417862423000014
0.436478936448000010
0.436290239468999974
0.436286305746000025
0.436154433738999980
0.436218842130000006
0.436393694980000024
0.436520091343999994
0.436490339100999991
0.436466830470000011
0.436362110191000019
0.436496627134000004
0.436377834307999979
0.436296942271000021
0.436516256938000002
0.436539742815000020
0.436452887708000004
0.436378177588999994
0.436506794385999985
0.436344305652999975
0.436351958340000012
0.436321369853000018
0.436351635128000015
0.436423686019000001
0.436530314689999976
0.436511415768000011
0.436460979518999981
0.436292647089000007
0.436119671699999989
0.436197902626000000
0.436277456635999983
0.436410227824999997
0.436354547689999983
0.436459676645999994
0.436301764267000014
0.436166064266000020
0.436364163926000026
0.436373624642000024
0.436431111624999979
0.436449043877999987
0.436247445344000007
0.436517930654000019
0.436189093498000002
0.436240828442000017
0.436176141460999978
0.436114511849999997
0.436023591621000017
0.436190410503000003
0.436270320536000011
0.436414672993999997
0.436564374186000026
0.436529480460000008
0.436343978214999983
0.436440636320999997
0.436464827921999976
0.436417877178000013
0.436468196600000025
0.436390504958000025
0.436513034191000016
0.436323929825999990
0.436240116341999995
0.436227348018000005
0.436247450172000006
0.436271375655999993
0.436325994010999973
0.436599188472000022
0.436378511976000028
0.436469048307999985
0.436407719046999987
0.436198465859999995
0.436550507470999993
0.436507324832999977
0.436378612910000019
0.436329007054999995
0.436426678886000008
0.436210948115999975
0.436331013792000011
0.436522358531000021
0.436433635461999980
0.436306924333000001
0.436409563112000021
0.436286709107000015
0.436372970492000023
0.436390008734000023
0.436459642373000001
0.436223024914999979
0.436061962455000007
0.436188672737999994
0.436236291469999982
0.436252709392000004
0.436343648636999981
0.436272947119999976
0.436344748304999974
0.436571132478000001
0.436522988862000028
0.436521822294999973
0.436398335507000024
0.436448133821000006
0.436460598348999973
0.436322471340000018
0.436368974952999977
0.436470242276999987
0.436359658671000017
0.436158499109999986
0.436390544890999987
0.436415399390999992
0.436566328903000012
0.436379097923000003
0.436421999577000008
0.436576082879000016
0.436547931797000022
0.436445642038999992
0.436507637702999995
0.436448734123000004
0.436468094676999985
0.436370466185000028
0.436329459390000007
0.436278605471000003
0.436383898461999986
0.436248628884999989
0.436309486826999993
0.436395055816000021
0.436482278772999999
0.436556857761999983
0.436549066749000014
0.436431797200000027
0.436457436841000024
0.436375872383999996
0.436390400723999983
0.436375717980000022
0.436605273602999999
0.436640991435000014
0.436609668406000018
0.436417217573000005
0.436532595214999986
0.436299965401000023
0.436451542884000010
0.436526063480000004
0.436478022060000026
0.436367682029000004
0.436458670820000005
0.436434030021999986
0.436419993670000006
0.436459365288999979
0.436496945453999974
0.436367735270999979
0.436304680757000019
0.436274597396999975
0.436175239104000023
0.436257894952000014
0.436200058655999978
0.436287482067000021
0.436429500658999991
0.436344214128000008
0.436175398097999989
0.436149229585999998
0.436271381693999982
0.436332534564000007
0.436260881649999988
0.436359989205000021
0.436420499452000010
0.436295763301000006
0.436234733187000012
0.435994815475999997
0.436050752287999999
0.436214280015999989
0.436167408051000016
0.436273787417000014
0.436325898044000016
0.436290872260000018
0.436234240865000011
0.436267851046999999
0.436175897378999977
0.436232631405999993
0.436224165321999979
0.436260087357000004
0.436139203791999996
0.436033464766000023
0.436398443696999982
0.436223237789000018
0.436215663003999998
0.436289746671000012
0.436327564379999977
0.436412715787000027
0.436341009105000011
0.436244219031000025
0.436264492861999975
0.436429029987999983
0.436270137640000000
0.436158325120000023
0.436072549806999998
0.436025023579000026
0.436088458577999993
0.436196557132999985
0.436396507882000018
0.436135120494999973
0.436020730801000012
0.436190154416999987
0.436251171499000001
0.436308566645999985
0.436359611560000027
0.436317748326000010
0.436285121095000006
0.436346141262999976
0.436302152976000002
0.436475921621000018
0.436317856065000009
0.436471438122000011
0.436438424418999993
0.436504025691999975
0.436546501126999997
0.436570984679999996
0.436333326500000007
0.436326179177999984
0.436119115989999973
0.436369198836999983
0.436461005577000016
0.436558997946000005
0.436525654779000016
0.436198627057999999
0.436275743604000010
0.436239871261000001
0.436328969983000026
0.436271368205000010
0.436307547577000021
0.436189524784000027
0.436299816820000019
0.436171372777999999
0.436389202169999990
0.436401609563000004
0.436492202544000008
0.436494280228999998
0.436635788936000024
0.436324417745000026
0.436391708105999976
0.436359198454000008
0.436380236219999995
0.436455968317000009
0.436439343455999995
0.436280472721999990
0.436146020613000007
0.436166119454000023
0.436213856133999989
0.436224103756000015
0.436227861205999989
0.436149497592999980
0.436316289101999988
0.436542943635999992
0.436557585540000015
0.436541602327999989
0.436613120319000014
0.436483324974999976
0.436401320387000025
0.436559431793999975
0.436299744494999975
0.436269471249999985
0.436368094781000027
0.436451947885000024
0.436517896603999978
0.436254913447999992
0.436142760703999988
0.436145328870000015
0.436236343182999975
0.436343109896999981
0.436207760652000009
0.436406076196000026
0.436357088908000013
0.436464009579999979
0.436574905763000010
0.436536795265999977
0.436431012640999982
0.436148362063999984
0.436253355027000023
0.436293629625000012
0.436229533416000015
0.436307977873999997
0.436272126882000011
0.436102306990000022
0.436246558003999974
0.436307956361999982
0.436186433165999976
0.436421882330000011
0.436480863645999972
0.436200589048999998
0.436455112970999981
0.436582699976999999
0.436535969680000024
0.436407990804000001
0.436212388135000018
0.436384044083000022
0.436176597702000013
0.436320420423000011
0.436556732469999986
0.436420259111000020
0.436380081014999976
0.436255482809999984
0.436384016973000000
0.436205298249999984
0.436252645281999973
0.436105422229999984
0.436270406476999995
0.436211028361000008
0.436263650595999974
0.436118770925000010
0.436014555922999980
0.436224110190000014
0.436104999800999982
0.436360519963999993
0.436204048627999996
0.436300990183000004
0.436145213573999990
0.436397065299999998
0.436173927178999998
0.436458489288000018
0.436551839592000002
0.436475451642000023
0.436253106521000023
0.436179281959999998
0.436251200740999989
0.436470277120000028
0.436418554289999983
0.436462756401000018
0.436558010684000020
0.436717950222999973
0.436776883206999977
0.436573756852000006
0.436474511025999989
0.436349396351000007
0.436434410175000009
0.436332058841000014
0.436322106905999985
0.436360466228999988
0.436446948768999976
0.436320985712000009
0.436356596719000012
0.436289094312000025
0.436335392664999988
0.436192762151000002
0.436346372485000022
0.436279213157000023
0.436187692758999990
0.436328549374999985
0.436343151135999974
0.436459044452000011
0.436260339745000003
0.436323368875999984
0.436264540689999980
0.436215010856999985
0.436191744958000005
0.436309104825999994
0.436449348791000002
0.436545175015999987
0.436497332933000026
0.436302132118000008
0.436286033866999989
0.436312732440000017
0.436269065133999989
0.436402621501000010
0.436629599945000002
0.436335325808999974
0.436493688338999986
0.436429017177000000
0.436472557327000021
0.436480996256999987
0.436390713368999983
0.436231885478999992
0.436323431742999979
0.436400578202999989
0.436281442711000000
0.436297504541000025
0.436106489119999996
0.436315517322000024
0.436388054907000000
0.436495804398999987
0.436307866315999993
0.436127769945999999
0.436075788176000012
0.436058963798000021
0.436125168979000000
0.436129194466999992
0.436235073478000002
0.436130649816000027
0.436018665239000014
0.436263442544999991
0.436306854751000006
0.436352300457000020
0.436278489095999977
0.436147968807000019
0.436153003862000010
0.436284596693000015
0.436113095027000019
0.436221391156999982
0.436264980279999992
0.436181532634999980
0.436261617995999995
0.436474919061000000
0.436305520542999981
0.436382005869999978
0.436196077046999975
0.436197792189999989
0.436093737184999997
0.436339097595999981
0.436281660000999993
0.436495489758000010
0.436494856978000001
0.436804035575000027
0.436671077776000005
0.436605157515999986
0.436549591392999980
0.436392910242999976
0.436510820914999986
0.436474109965000023
0.436419874782999984
0.436170042959000026
0.436347735422000005
0.436308631261000002
0.436489731967000028
0.436453674156000004
0.436192220206000014
0.436273039724999978
0.436319472485000026
0.436371891331999995
0.436427476912000012
0.436287189028999989
0.436285129968999985
0.436500332888999976
0.436412333652999973
0.436486857123000005
0.436345412749999995
0.436378216702999977
0.436500830047999999
0.436393593251000023
0.436398685486000026
0.436387928109999990
0.436346131116999991
0.436241554900999973
0.436527760739999993
0.436186280962999995
0.436281992632999993
0.436290435643999996
0.436284657319000013
0.436312220488999980
0.436324934930999997
0.436071432197000008
0.436118716700000020
0.436120100324000004
0.436226311081999996
0.436316872306000025
0.436413681426000011
0.436448947289000022
0.436275953552999973
0.436459207952999972
0.436374789889000025
0.436355462866000021
0.436434299781000012
0.436433233212000005
0.436439178834000019
0.436518591216000007
0.436437291833000007
0.436583602974999985
0.436505054095000011
0.436346686526000005
0.436121125669000020
0.436067934021000025
0.436209225438000003
0.436247146329000024
0.436070232669000024
0.436424963117999998
0.436288049788000010
0.436416760879999976
0.436397121123999976
0.436358306753000025
0.436530355671999992
0.436503613705000015
0.436370848711999992
0.436336321861000020
0.436574147131000012
0.436394278616999975
0.436527543517999994
0.436415803824000026
0.436407585814999999
0.436379147332999984
0.436253870182000014
0.436170613672999974
0.436110552377000027
0.436132768130000015
0.436202297848000020
0.436315582827000004
0.436434736536000012
0.436400944908000021
0.436310398197000016
0.436375071281000004
0.436160312205999989
0.436207187498000026
0.436297126059999985
0.436195808794999973
0.436230026218000000
0.436164698520999983
0.436186388199999997
0.436114700730000027
0.436261719602999976
0.436391596381000002
0.436445482582999977
0.436281583460000011
0.436388247846999977
0.436329358305000026
0.436273264782000014
0.436396395715999974
0.436574146494000004
0.436610431891000017
0.436353398348999999
0.436309078766999980
0.436572344767999998
0.436273675663999994
0.436451633501000025
0.436595910839999990
0.436306031747999978
0.436008024040999975
0.436220818873000016
0.436052428619000010
0.436272853329000010
0.436332204145999991
0.436415018320999992
0.436333183934999980
0.436711213656999997
0.436692078802999983
0.436551849855000007
0.436474476511000020
0.436310005833000003
0.436329636911999996
0.436233300556999992
0.436117808280999997
0.436165236492999986
0.436302916573999999
0.436257677891999984
0.436336902811999994
0.436356989299999998
0.436347070494999989
0.436239487405000015
0.436300341616000009
0.436207748617999991
0.436413554506999979
0.436066816458999973
0.436298625802000017
0.436342377815999993
0.436366687922999985
0.436301430408999991
0.436171483982999986
0.436239464051999981
0.436178773033000011
0.436211029756999991
0.436154229158999984
0.436172734527000006
0.436304889121999995
0.436227040677000022
0.436290037204999981
0.436329840851999995
0.436209184515999993
0.436304359744999981
0.436033510716999972
0.436298611793999980
0.436192968331000019
0.436172979319000009
0.436000492387999983
0.436085342870000003
0.436374536977000016
0.436434729766000007
0.436405022107999974
0.436378784660999997
0.436113553052000003
0.436181710238000009
0.436252991274000024
0.436296305285999997
0.436260276052000018
0.436191815421999973
0.436363942820000017
0.436335087090999996
0.436137167168999973
0.436142850206000021
0.436127911739000007
0.436227244151999982
0.436274478548000000
0.436224892359000027
0.436393188686000022
0.436316564874999979
0.436315694510000018
0.436148945306000013
0.436221860118000015
0.436193668792999978
0.436276241737000026
0.436388672453000004
0.436554926841000002
0.436575918946999986
0.436525203744000001
0.436410038027999991
0.436352230441000022
0.436473610778000010
0.436487847677999974
0.436516372470000025
0.436471595016000025
0.436462448449000007
0.436275209348999993
0.436341679686999995
0.436422516297999996
0.436379775093000022
0.436129257991999975
0.436217588727999983
0.436539079611000025
0.436438325673000005
0.436265318289000004
0.436446316740000007
0.436500896297000007
0.436431473181999985
0.436309860918000003
0.436459437120999993
0.436399687352999999
0.436334280646999972
0.436426047360000013
0.436311062932000004
0.436213682398999991
0.436275593675999995
0.436020014850000026
0.436260174158000003
0.436300756801000000
0.436366282257000027
0.436307983821000001
0.436260751574999994
0.436379010517000010
0.436369770686000025
0.436404581153999993
0.436357438930999986
0.436299361935000019
0.436324580743000012
0.436216144262999983
0.436233849654000028
0.436397198137999986
0.436216747773000013
0.436273538879999978
0.436448078188999999
0.436447573600000027
0.436551531960999994
0.436338460682999973
0.436439244855000019
0.436622459977999977
0.436452328024000025
0.436544684577999997
0.436433126705000007
0.436460958286999989
0.436489001724000014
0.436406815210000021
0.436511860787999972
0.436473329878000027
0.436298693557000017
0.436298136271999981
0.436260709618999987
0.436294780792999992
0.436409733427000013
0.436464443495000021
0.436720132350999990
0.436568647214999994
0.436629966362000022
0.436515045423999992
0.436479289966999973
0.436208763654000020
0.436352743664999987
0.436367151778999984
0.436171247523000016
0.436229469009000004
0.436399286639000017
0.436335270858999980
0.436262717826000013
0.436442429355999972
0.436367480463000001
0.436479917064000023
0.436352796202000015
0.436315850053999976
0.436189250839999987
0.436332882011999990
0.436379168993000000
0.436309110187000027
0.436210523846000009
0.436133151484000003
0.436164244995999983
0.436247141108999981
0.436141853472000018
0.436206221200000022
0.436326517668000013
0.436209865490000015
0.436210625535999985
0.436196708463000016
0.436220905325000019
0.436277705894999979
0.436229549215999990
0.436336274691999981
0.436374001291999991
0.436326050743999994
0.436161217376999977
0.436008287030999975
0.436165363287999985
0.436350586636000015
0.436236840728000008
0.436186404475000011
0.436421358111000024
0.436314400413999992
0.436257457239000002
0.436318695889999997
0.436414172084999996
0.436352336723000001
0.436299560275999976
0.436361272098000019
0.436418992246999982
0.436561396120999978
0.436559851710999980
0.436486961469000012
0.436325738116999984
0.436472358092000023
0.436356426103000017
0.436329435303999980
0.436298807788000009
0.436578453382000020
0.436690290568999995
0.436588249588000021
0.436490848558000022
0.436538766467999995
0.436387384047999982
0.436257450888999976
0.436226447374999993
0.436256373751999993
0.436406933843000000
0.436355990038999997
0.436342107460000017
0.436375053248000022
0.436582514774000008
0.436439596559999976
0.436422570158999990
0.436272951799999975
0.436219846927999977
0.436132120788000011
0.436320674186999991
0.436276458214999996
0.436309714289000006
0.436446268513999980
0.436343131223000003
0.436363769585000005
0.436280792051000010
0.436367539751000011
0.436535643709999976
0.436644671011999996
0.436499674838000007
0.436488834401999981
0.436485154933999975
0.436551399389999983
0.436585502302999973
0.436489279266000008
0.436345368813999990
0.436290976055000002
0.436454624997999974
0.436355776413999974
0.436405357208000000
0.436570376087999978
0.436291626982000025
0.436224493900999988
0.436432124520000020
0.436217582424999972
0.436257465369000008
0.436321144138999972
0.436307667389999987
0.436061266866999975
0.436257895572999987
0.436331581206999997
0.436293211991000018
0.436355801719000014
0.436366962083000021
0.436410329367000027
0.436375156044000012
0.436355383272999997
0.436523776628999993
0.436567696168999986
0.436431187584999991
0.436358613850999999
0.436224581117000021
0.436204793832999982
0.436263092474000025
0.436314600948000009
0.436194806006000024
0.436199401724999991
0.436271947922000025
0.436142072750999976
0.436331495517999990
0.436330257943000011
0.436275211384999972
0.436317796076000020
0.436302395765999995
0.436256098842999984
0.436315442709000023
0.436152574931999992
0.436341992316000016
0.436494761670999987
0.436638102784000004
0.436806418678000019
0.436744295018999973
0.436512599404000001
0.436621848538000012
0.436557161887999978
0.436426739554000021
0.436272107251999997
0.436462279748999982
0.436391248251999986
0.436362409547999985
0.436391787975999978
0.436304762763000009
0.436481144413000011
0.436217678356999983
0.436217288606999987
0.436371513511000009
0.436319178211000025
0.436381484220000004
0.436240294103000026
0.436179421494999997
0.436251059669000019
0.436248479103000020
0.436291461110999979
0.436289674997999977
0.436513798620999982
0.436405339570999973
0.436522343164999993
0.436728761766000007
0.436527654295000012
0.436150986477999991
0.436211984577000000
0.436290227152999976
0.436456321816000026
0.436238888729999996
0.436337697231000021
0.436409789222000022
0.436418078122000008
0.436510679231000009
0.436284692465000012
0.436298254709000022
0.436293058238999998
0.436500623322999992
0.436264007444999991
0.436281194044999987
0.436322022157999978
0.436323724724999973
0.436450643106000014
0.436384992847999975
0.436595511045999973
0.436814596584999992
0.436632360268000008
0.436501945128999980
0.436335854204999984
0.436369013960999974
0.436282774077999980
0.436240568692999986
0.436274827315999980
0.436358264709000021
0.436263905687000020
0.436246477560999990
0.436155237551999975
0.436461757850999998
0.436410801597000020
0.436248159621999976
0.436295937866999994
0.436198170898999982
0.436398963457000022
0.436454990081000027
0.436394586674999974
0.436443498485000025
0.436423233947000000
0.436504014938000007
0.436593260764999991
0.436459050306999996
0.436574579437000010
0.436385243636999987
0.436380199932000001
0.436253963711999981
0.436129768600000023
0.436103993862999972
0.436289623179999975
0.436099010682999999
0.436177089138999996
0.436249503438000008
0.436426386142000022
0.436346842748999986
0.436391781131000023
0.436387402355000009
0.436175274931000001
0.436299562638000016
0.436277056280999997
0.436012790899000025
0.436150471528999994
0.436059146108000006
0.436346639501999978
0.436476195406000023
0.436623359945000011
0.436605462486000018
0.436691706439000016
0.436524109965000018
0.436559606626000019
0.436463043273000006
0.436197551899000002
0.436162213075000027
0.436305937882999983
0.436298658191999977
0.436473748674999995
0.436311003907999984
0.436256538984999997
0.436280279762999990
0.436240747822999986
0.436395839808999986
0.436584796778999973
0.436461064005999988
0.436665147852000002
0.436401371034000007
0.436324739171000009
0.436275888268000012
0.436364809131999987
0.436489203551999994
0.436367887848000013
0.436299752792999984
0.436310740204000014
0.436225326337999986
0.436101858494000016
0.436205393476000014
0.436223456565999979
0.436131007655999992
0.436185168015000013
0.436356803889000000
0.436299310737000012
0.436270624007999985
0.436414063164999977
0.436441219516999990
0.436481013405000007
0.436151312125000024
0.436229680986000012
0.436221249530999999
0.436207014763000001
0.435935105549000002
0.435978195392000001
0.435963089791000014
0.436096544530000019
0.436269715650999979
0.436215977275000000
0.436106907461999982
0.436117021690999973
0.436227943050000011
0.436337461252999992
0.436377222444000012
0.436390535676999980
0.436233141807999991
0.436430080645999974
0.436496833149999985
0.436466464072000015
0.436569920072000017
0.436439588099000020
0.436254938182000007
0.436290661696999982
0.436237841171999985
0.436005820418999990
0.436168729648999998
0.436074259766999983
0.436290506515000009
0.436278177302000025
0.436288967939000016
0.436278762664000008
0.436278870077000003
0.436358237884000022
0.436257098994000003
0.436178361091999978
0.436267252930000016
0.436275234775000020
0.436298032607000008
0.436320231399999980
0.436335538505000009
0.436323258250999990
0.436362308144000011
0.436512570340000017
0.436550549437999980
0.436441498338999978
0.436285077818000022
0.436367754732000013
0.436450013891999999
0.436370998479000016
0.436253763013999984
0.436302695010000019
0.436401931174999980
0.436421416958999997
0.436330053398999995
0.436385828021000011
0.436398019901000023
0.436373895951000013
0.436401027516000017
0.436578719926999981
0.436546368560000009
0.436578608427000026
0.436478430440000009
0.436483706533999982
0.436581182161000003
0.436473797887000026
0.436363866207999995
0.436571417209000001
0.436476480900000019
0.436414225425000024
0.436338431412999994
0.436294337889999995
0.436376312395000021
0.436282378199000009
0.436229370931000004
0.436375679916999992
0.436340068242000001
0.436177197136000006
0.436239117738999982
0.436272527650999997
0.436222684651000003
0.436229160331999988
0.436443119494999976
0.436277850312000004
0.436229028317999978
0.436233194267000024
0.436349926740999983
0.436412939072000017
0.436604656992000018
0.436555639817999996
0.436439378263999977
0.436285311539000020
0.436349505162999973
0.436327694287000023
0.436490902730999997
0.436286415742999978
0.436340353412999982
0.436405428611000012
0.436404580290000010
0.436535212100999992
0.436589218371000010
0.436618344709999995
0.436621692346999990
0.436352463182999972
0.436212987120000006
0.436307892437000022
0.436281323369999974
0.436306668060999991
0.436327251433999974
0.436218578174000005
0.436178312012000025
0.436161418485000008
0.436230253938000023
0.436259018838999979
0.436299407658000016
0.436437644382999979
0.436282985274000001
0.436186839165999984
0.436087059642999986
0.436310307856000001
0.436361319099000000
0.436372045215000004
0.436450087438999990
0.436398044282000019
0.436477483767000018
0.436250890456999996
0.436177923731999984
0.436218990287999986
0.436232353590999988
0.436124336128000001
0.436324561735000005
0.436223509723999980
0.436241758415999992
0.436565455862999996
0.436538313550999979
0.436516508547000026
0.436588880507999988
0.436403135012999988
0.436513047897000017
0.436605797129999973
0.436260792655999985
0.436208877428000019
0.436240109639000007
0.436216710772000027
0.436120134840000007
0.436449192009000009
0.436527489099999999
0.436285932365000018
0.436378645018999978
0.436232299120000000
0.436275342249999976
0.436187895343000009
0.436277929529999997
0.435976080719000014
0.436023568560000019
0.436071974753000025
0.436058645487000018
0.436091098687000023
0.436245518020999978
0.436122582214999999
0.436124469213000021
0.436399006121000022
0.436391127120999978
0.436423445725000025
0.436538740149000015
0.436500389672999978
0.436508778850000001
0.436464033979000021
0.436267877867999976
0.436197987037000023
0.436041779843000021
0.436239241260000021
0.436540233978000014
0.436447624862000005
0.436449410553000017
0.436492082078999977
0.436609319564999987
0.436559659295999991
0.436527684334000021
0.436521982964999999
0.436384966312000022
0.436369932765000024
0.436378465142999994
0.436422872387999983
0.436285848606000004
0.436418000320999977
0.436145174357000009
0.436176937077000004
0.436309687910999999
0.436448989276000010
0.436226114168000001
0.436268380821000001
0.436315286382000012
0.436109037708000025
0.436307027665999991
0.436314670174999975
0.436448135078000010
0.436334711764999994
0.436487842198999998
0.436479123405000002
0.436263696270999979
0.436448929313999978
0.436545739019999990
0.436415170951999998
0.436609831457999975
0.436583629709999976
0.436333850680000024
0.436219924874000020
0.436201133450000000
0.436226266630000026
0.436357183897000012
0.436359353494999991
0.436312197379000011
0.436327674823000000
0.436479388613000008
0.436604567592000004
0.436203904322000013
0.436215718397999996
0.436315309578999999
0.436399259272999995
0.436200852912999981
0.436039901230000027
0.436056947018999996
0.436203265233999993
0.436405708298999995
0.436243458109000004
0.436425864478000025
0.436242787793999998
0.436315302053999987
0.436397076873000000
0.436395538934999994
0.436255426865000018
0.436217068102999983
0.436166588816999989
0.436220259833999979
0.436317741044000007
0.436404158884000026
0.436323769831000019
0.436244820006000011
0.436239983469999981
0.436266595586999983
0.436373470049000012
0.436518349686999985
0.436526437446000004
0.436426407341000022
0.436492736057000008
0.436473130830999978
0.436453327695999982
0.436439856891999989
0.436452199458999990
0.436423961257999982
0.436499718091000022
0.436265627847999993
0.436319990288999981
0.436347327793000006
0.436443650071999978
0.436366395457000011
0.436101434151999978
0.436155758038999974
0.436320379766999999
0.436508894703000028
0.436193887095999988
0.436217528517999997
0.436267783771000006
0.436397751419999980
0.436169478602999983
0.436191248799999987
0.436452115482000025
0.436540176205000019
0.436506306584000026
0.436532184288999980
0.436576067790000022
0.436479382779999980
0.436495742585000013
0.436558366149000010
0.436492392639000026
0.436382022132000003
0.436285092721000023
0.436285149112999981
0.436311234538000026
0.436267782513000024
0.436189389581999987
0.436239158201000010
0.436087392075000024
0.436196410880999974
0.436130292320999979
0.436153646650999982
0.436100797699999987
0.436245699694000011
0.436392819478000016
0.436165172476000007
0.436352011626999992
0.436160982972000011
0.436205423174999996
0.435965128513000011
0.436222897213999983
0.436273240256999983
0.436416450191999983
0.436501090091000021
0.436319820334999997
0.436367840484000014
0.436392984031000020
0.436155897710999996
0.436427692762999975
0.436346892217999993
0.436523660997000018
0.436555780808999983
0.436497103536999997
0.436393249468999989
0.436320951314999983
0.436329758188999994
0.436348791008999981
0.436242808121000025
0.436348986291999974
0.436281072280999993
0.436301693024000015
0.436577810180000025
0.436589376335999979
0.436479086156999985
0.436450613847999991
0.436318763469000004
0.436327883741999989
0.436388151346999986
0.436440521445000007
0.436597785073999989
0.436427212597999992
0.436273046689999999
0.436490650139999992
0.436358065141999985
0.436593739303999973
0.436247074510999977
0.436313100439999990
0.436318367302000021
0.436317118753999977
0.436504057629999997
0.436441162177999997
0.436235259772000006
0.436244171539000025
0.436449837570999977
0.436359670051999993
0.436468802784999999
0.436349171440999994
0.436436712354000000
0.436416143520000022
0.436232767357999984
0.436281304303999973
0.436381367974999990
0.436319408269999987
0.436238004605000007
0.436269089531999998
0.436626505607999982
0.436722502053000006
0.436502869946000016
0.436488055195999980
0.436490619947999980
0.436366517022000022
0.436118970029000019
0.436132573886999997
0.436433557272000006
0.436245663765999991
0.436382767738999977
0.436206366376000021
0.436191017051999974
0.436183538348999977
0.436082930460000018
0.436141812169999976
0.436341915553000004
0.436303057597999977
0.436313880381999974
0.436350577070000023
0.436409433580000006
0.436194964941000018
0.436369372586999982
0.436342158965000004
0.436247131234999974
0.436221335734999993
0.436294815916000001
0.436381773222999980
0.436316186800000005
0.436536849088000001
0.436367829056000023
0.436559851607999982
0.436725788812000026
0.436535801147000024
0.436418660966999994
0.436341934130999975
0.436307956787000017
0.436482643095999989
0.436520920059000006
0.436534183997000003
0.436555184997000023
0.436216469092000014
0.436250848616999976
0.436366844447000024
0.436435445347000017
0.436438414185000012
0.436480573091000024
0.436232216958000019
0.436284488829000006
0.436536265154000014
0.436548186537999983
0.436303396376999997
0.436270105279999987
0.436349931224999987
0.436516638038000004
0.436312536788000027
0.436445067073000015
0.436556855088999995
0.436475448117999987
0.436362549109999998
0.436354325636000018
0.436359943274999995
0.436342167689000027
0.436394760948000004
0.436413725678999997
0.436408997779999974
0.436417617944000025
0.436457164499999994
0.436389724011999991
0.436311835872000009
0.436486119973999998
0.436561252617000017
0.436497667179000015
0.436593919488000026
0.436482859250000022
0.436631141562000002
0.436699526078999978
0.436319617652000002
0.436116919960999994
0.436286411860000001
0.436283175334999995
0.436176347819999977
0.436232638609000023
0.436475520767000025
0.436320866344000025
0.436307731034000001
0.436467078529999997
0.436250914107999987
0.436273627133999975
0.436335735341000008
0.436092151400999994
0.436356941318000013
0.436228540996999981
0.436248420029999973
0.436278777441999999
0.436380972882000007
0.436289004724000007
0.436408143164000006
0.436573908838999991
0.436561525446999998
0.436565982778999995
0.436330009542999997
0.436350876190999992
0.436315678292999998
0.436337940832999982
0.436248829356000012
0.436459966287999990
0.436456837614999982
0.436367069970999999
0.436692164619999990
0.436387933143999984
0.436671764731000001
0.436463379915999983
0.436507988941000014
0.436510110068999979
0.436388546315000014
0.436530736683999998
0.436680184367000013
0.436602977095999989
0.436563168107999999
0.436406623614000011
0.436578851702999982
0.436304347116000024
0.436252840799000008
0.436343203650000011
0.436568953066999998
0.436642426776999992
0.436594567980000015
0.436515080398999999
0.436582432736000003
0.436704894185000025
0.436628672263000006
0.436431649922000009
0.436302188215999975
0.436410704757000001
0.436483826249000006
0.436447405364000007
0.436379093341999980
0.436374732651999997
0.436289973446999990
0.436478761446000008
0.436504094191999981
0.436495399685999985
0.436522747273000000
0.436531965987000004
0.436206622908999975
0.436181357147999993
0.436090370073999978
0.436060831395999993
0.436204766249000009
0.436389478873000003
0.436330400745000013
0.436327183830000020
0.436362330015000022
0.436132312583000004
0.436194556479999995
0.436360186506000003
0.436356137049000004
0.436333781086000017
0.436293039571000019
0.436174396477000015
0.436151520271000015
0.436229278208999982
0.436365717097000005
0.436312398531999990
0.436405879522999973
0.436549310297999982
0.436313192994000010
0.436250931078000004
0.436206807613000014
0.436337033200000002
0.436349391791999996
0.436369006339999976
0.436284152264000025
0.436197632642999988
0.436340564942000020
0.436490448184000013
0.436209212249000000
0.436122039106999981
0.436160339968999999
0.436236052042999978
0.436459371636999993
0.436475639846999997
0.436462232625000002
0.436354248815999990
0.436402354915999990
0.436371015086999992
0.436362177535999984
0.436414275735000023
0.436504888428999982
0.436431956474000016
0.436590074418999996
0.436411561469999987
0.436287047842000009
0.436276878014000002
0.436163475176999993
0.436298691991999998
0.436436192519999988
0.436224452234000026
0.436248266792999995
0.436188921030000010
0.436170993512000005
0.436270667845000015
0.436182321756000024
0.436200183908000028
0.436394603112000012
0.436404554187000027
0.436486585561000007
0.436495520889000010
0.436352245791999993
0.436157784139000027
0.436379154383999990
0.436438728102999995
0.436460554740999984
0.436348938668999986
0.436283371013000021
0.436285953037000018
0.436279395073000009
0.436165991488000004
0.436258617206000010
0.436429740185000026
0.436461388926999982
0.436209907810000019
0.436390575585999974
0.436178364022999976
0.436207061068999979
0.436230728677000024
0.436291839361000022
0.436193638459999977
0.436170480533999982
0.436404463799999975
0.436412625175999991
0.436245135346000013
0.436339365874000018
0.436302499745000016
0.436188163538999973
0.436217892489999981
0.436373012198000010
0.436375353513999975
0.436430458091000006
0.436134083504000014
0.436225579224000015
0.436305297799999992
0.436411183940999980
0.436359973946999991
0.436233136075000028
0.436235570444999998
0.436276800683999988
0.436198914744000021
0.436231809302000006
0.436356769465000016
0.436318892815000026
0.436271732756000008
0.436398395401999983
0.436342870852000020
0.436297030457000024
0.436313697268999989
0.436410749887000016
0.436354109983000005
0.436304299728999978
0.436309034651999994
0.436234085903000002
0.436204820268000004
0.436180548532000001
0.435983492131999995
0.436062903278999991
0.436012880592999974
0.436144559388000008
0.436300655257999992
0.436455751270000025
0.436309407137999983
0.436153393605999973
0.436095570734999993
0.436000477502999972
0.436294509175999989
0.436398276952000008
0.436440363993999991
0.436496264106000009
0.436655890990000017
0.436487402086000009
0.436493384185999977
0.436352226424999989
0.436494315645000019
0.436413330614999984
0.436393829527999988
0.436402133964999994
0.436422570151000000
0.436354187650999981
0.436206847314000001
0.436284738000999983
0.436194525906999975
0.436236911243000014
0.436405946110999976
0.436358628113000024
0.436464889954999991
0.436433396518000005
0.436353611116000017
0.436308214729999977
0.436231108890999975
0.436300385916999989
0.436360356898999990
0.436408659879000016
0.436168079054000013
0.436369680890000000
0.436171214919000017
0.436145882102999982
0.436178810493999980
0.436047551242999987
0.436237550457000023
0.436385219162999993
0.436169348673999979
0.436393394651000022
0.436423289408999993
0.436636753029999991
0.436426534950999978
0.436441147718000022
0.436332595250999988
0.436264287096999992
0.436112075323000004
0.436395705365999975
0.436306823329000004
0.436449372399000002
0.436280895624999998
0.436198145623000022
0.436343074941999975
0.436488741116000001
0.436361580079000000
0.436606755161000004
0.436588479601999979
0.436583546591000016
0.436463046843000024
0.436443421383999997
0.436455609849000004
0.436135808065000019
0.436337202859000017
0.436440701177000012
0.436338874676999999
0.436543554050000004
0.436482266806999974
0.436318059661000013
0.436235460141999987
0.436238490119000011
0.436215339794999990
0.436193443411000026
0.436109665598000018
0.436110944358000019
0.436252628656000008
0.436367892623999998
0.436351854460999999
0.436440409510999994
0.436371929822999993
0.436344881490999981
0.436527836725999985
0.436564755304000018
0.436308970871000013
0.436296035937000004
0.436330193262000010
0.436316111993000022
0.436152522947000021
0.436164546242999995
0.436242603953999997
0.436305050779000003
0.436406965460000018
0.436296439446999973
0.436254199959000000
0.436413064259999983
0.436447321366000007
0.436315944668999978
0.436429746896999982
0.436438286191999980
0.436367610186999988
0.436485424253000021
0.436343287232999977
0.436430497864999989
0.436369932745000022
0.436164682104999979
0.436277246017999998
0.436380007909000001
0.436277633160999989
0.436367804417999994
0.436443682248999987
0.436572580787000009
0.436504919995000018
0.436626301907000025
0.436533198008999979
0.436298397221000001
0.436274495082999980
0.436188000560999989
0.436448044252999989
0.436541825318000010
0.436330005479000027
0.436226735771000018
0.436229485013000018
0.436196430314000017
0.436597548268999991
0.436449722629000003
0.436196185555000004
0.436290035231000017
0.436087568435000017
0.436123978465000006
0.436425926527999997
0.436473372681000005
0.436389880449000012
0.436166008576999997
0.436377813802000025
0.436260561469999975
0.436322311934999985
0.436261633139999994
0.436383640499000025
0.436111841582999982
0.436258030008000008
0.436070969506999973
0.436141511877000010
0.436233577275999984
0.436107307582999981
0.436300484905999986
0.436396303430000021
0.436454542128000000
0.436506181968999984
0.436554893158000001
0.436542595832000002
0.436549440938000022
0.436563105770999993
0.436581942333000017
0.436610770506999979
0.436480326212000003
0.436418860879000003
0.436306950482000022
0.436271089652000010
0.436175345995999997
0.436467673117000021
0.436417910756000005
0.436326751640999988
0.436167894458000027
0.436291991386999978
0.436337069884000006
0.436316678655999990
0.436229652078999997
0.436205633412000027
0.436311706791999987
0.436172144541999984
0.436213035079000000
0.436298745933999976
0.436093856356999987
0.436222963919999984
0.436334162104000001
0.436249068070000023
0.436305228810999979
0.436343678991999995
0.436574799399000013
0.436531282091000006
0.436299516110999985
0.436373824342999983
0.436459633878999997
0.436351886891999996
0.436264643554999998
0.436271878881999975
0.436498308472999974
0.436463406910000018
0.436299527598000003
0.436389580918999986
0.436314131732999988
0.436235671097000011
0.436340847304000023
0.436167945230000020
0.436290702766000016
0.436412644793999993
0.436347860071000015
0.436219761561999986
0.436373272643000021
0.436355329158999994
0.436430100998999981
0.436475431420000004
0.436303812748000008
0.436235619236000016
0.436351865491000024
0.436410823291999983
0.436373718550000012
0.436387333333999983
0.436068376623999998
0.436129061026000020
0.436284223001000004
0.436259162147000001
0.436479505777000010
0.436470977699000007
0.436419538090000003
0.436308031476000002
0.436541627835000001
0.436574431887999992
0.436458677610000012
0.436500197729000006
0.436623586845000022
0.436248267427999992
0.436327879420999987
0.436301949176999992
0.436352483160000026
0.436353571747000013
0.436506731628000022
0.436402791181000005
0.436259256172000009
0.436218713789999990
0.436312416247999990
0.436244940889999988
0.436320518130000001
0.436265661169999985
0.436189791456999987
0.436504831619000000
0.436538549551000021
0.436567983689999994
0.436464951524000000
0.436363700952000000
0.436434419756999981
0.436165564000999983
0.436309211663999996
0.436246237250999980
0.436416941055999985
0.436355517044999974
0.436164339055000017
0.436095289802000019
0.436196330188000025
0.436325381660000011
0.436545369051999976
0.436283280990000022
0.436389271176000015
0.436483211433000007
0.436463992462000017
0.436500931154000016
0.436420621141999976
0.436286489072999994
0.436304492503000019
0.436426269375999987
0.436409848255999988
0.436536691385999986
0.436384614424000006
0.436557577091999993
0.436410284686999994
0.436296110106999979
0.436410350823000004
0.436300319009999993
0.436172900932000007
0.436212726057999989
0.436341735914999973
0.436258375224000017
0.436475660890000006
0.436345102508999994
0.436489546750000013
0.436154780746000004
0.436167177838000020
0.436255246852999989
0.436253026810999978
0.436407263127000011
0.436107685447999993
0.436129958774999993
0.436115914365000024
0.436260248575999987
0.436385818229000022
0.436272379669000010
0.436389884831999975
0.436392708281999997
0.436433898619000005
0.436539434147000027
0.436436066469999995
0.436476601354000016
0.436379087221999973
0.436383059961000019
0.436431490935999977
0.436431212324999984
0.436685414569000008
0.436417470505000016
0.436236335181000023
0.436247131206000005
0.436405419036999975
0.436389133559999975
0.436401165295999982
0.436371094284000005
0.436383508566999978
0.436527615134000013
0.436425679193999994
0.436472839667999990
0.436588770479999999
0.436239490717000022
0.436247550797999983
0.436270294546000026
0.436342090297999974
0.436285708895000013
0.436289016907999982
0.436338725842000008
0.436531671778999986
0.436484435476000021
0.436513501550000016
0.436401017349999976
0.436250839639999999
0.436215986604000017
0.436475772746000024
0.436462554665999980
0.436355762347000020
0.436517977526000023
0.436538768257999976
0.436514573168999997
0.436444006835999987
0.436352321990999992
0.436439964500999977
0.436427646780000011
0.436378584268000025
0.436363208253999990
0.436562429990000000
0.436350515985000020
0.436616279009000019
0.436415739409000025
0.436266550365999983
0.436465696485999977
0.436425331934000016
0.436304221799000025
0.436205869439000027
0.436507804002999988
0.436564589431000016
0.436473830316999989
0.436596218736000019
0.436589741764000006
0.436325124047000024
0.436321140411999986
0.436472781252000008
0.436572595230000027
0.436548689478999996
0.436528356903000014
0.436357510298000018
0.436389266007999987
0.436263531980999986
0.436056334054999994
0.436193863249999980
0.436116416035000010
0.436170926713000007
0.436278472053000022
0.436569117983999999
0.436621402343999987
0.436575655908999993
0.436553568539999992
0.436476176983999986
0.436446685374999976
0.436370621015000015
0.436376721570000015
0.436455980118000020
0.436536916308999989
0.436414373264000011
0.436409590128999991
0.436489022270000027
0.436559085166999983
0.436331721893000013
0.436268668500000012
0.436381057181000009
0.436352854948000024
0.436364757842999995
0.436327881467000023
0.436268097886999995
0.436386910525000005
0.436338298796999979
0.436480406107000007
0.436387097775000010
0.436243458335999978
0.436162609154999992
0.436351699809999993
0.436316170928999991
0.436381278310999987
0.436203577589000024
0.436066946860000026
0.436226189574999978
0.436316440502000025
