0.444336978441999986
0.444236069600999983
0.444255442491000019
0.444185016107000008
0.444218128012000002
0.444158234132000007
0.444277723038000005
0.444324774879000017
0.444122968407999974
0.444287050530999983
0.444290457199000011
0.444296061334000014
0.444113666771999982
0.444067773125000009
0.444150188527000001
0.444252836528999995
0.444291202627000004
0.444378950408999995
0.444146022581999977
0.444185761783999988
0.443955479423999988
0.443932325570999986
0.444061441173999982
0.444085120216999973
0.444208061179000024
0.444113490886999973
0.444093529473999993
0.443891547675999976
0.443953432202999987
0.444181714692000018
0.444245585556000022
0.444268178103000011
0.444333193133000015
0.444259166240000003
0.444163370393000023
0.444160716918999998
0.444154003086000004
0.444078219599000013
0.444035985051999982
0.443849189282999990
0.444066450047999994
0.443981885033000012
0.444035318201999984
0.444019993825999992
0.444200032708999992
0.444099039744999979
0.443993197358000025
0.444096281102000001
0.444259802269000026
0.444305832015000013
0.444328185894000027
0.444239876566000003
0.444335772030999998
0.444077910703999990
0.444041669601999978
0.443900293620999975
0.444006522450999974
0.443958231829999994
0.443925943732999984
0.444094651843999988
0.444203890049999994
0.444280276028999999
0.444287140296000027
0.444270597586000016
0.444290753152000006
0.444336151537000013
0.444304448314000011
0.444465295465999999
0.444211962354000012
0.444305734757000026
0.444068419190999986
0.444207027325000003
0.444141651608000010
0.444165397105000026
0.444281915174999986
0.444367553319000019
0.444324877472999979
0.444308208197999988
0.444220749997999986
0.444198894452999982
0.444193166167999975
0.444213720094000009
0.444326193355000010
0.444419767640000019
0.444279014650000026
0.444138673583999999
0.444331512047999977
0.444288507662999987
0.444039160029000013
0.444088613829999979
0.444333334347000009
0.444573460422000022
0.444227716697999986
0.444095364541000015
0.444130027046000020
0.444223719301000020
0.444054845764000006
0.444052422926999979
0.443998229658000010
0.444094760111000020
0.444043661744000007
0.444174321591999988
0.444019529452999995
0.443852081018999978
0.443967205244999996
0.444091891688999985
0.444150788201999991
0.444219831441000024
0.444071250949000018
0.444227573405999998
0.444218932660999988
0.444179931319999999
0.444163550063999990
0.443970869130999979
0.443891089929000004
0.444122999319999989
0.444193990544999973
0.444359213736999992
0.444349301443999978
0.444203588433000007
0.444139894927999990
0.444089127776000014
0.444122365946999997
0.444246160052000016
0.444076588714000020
0.444014763242999988
0.444296065256999995
0.444311685271999990
0.444320095038000018
0.444114609446000008
0.444004547636000002
0.444031303649999987
0.444186740279000014
0.444156503604999975
0.444270918720000019
0.444450886147000013
0.444361848770999990
0.444016593613999977
0.443956116063999984
0.444128759569999976
0.444179321248000025
0.443832953201000024
0.443909236097999982
0.444145297373000014
0.444252117709000027
0.443969264011000009
0.444094368470999978
0.444097694252000019
0.444092507738999998
0.443966330728000014
0.444100766107000000
0.444177578806999984
0.444058050415999994
0.443889583407000021
0.443968348161999982
0.443864059425000013
0.444032876821000011
0.444164551143999997
0.443965381262000025
0.443966901201999997
0.444128219995999995
0.443992233264000002
0.444096829520000014
0.443899801169000019
0.444098476041000001
0.444013880650000026
0.444244821758000008
0.444148714863999983
0.444299096974999974
0.444317174689000005
0.444268431078999992
0.444129814301999992
0.444277512182000012
0.444067606968999995
0.444152741482999991
0.444201819948999987
0.444316257099000023
0.444285256650000016
0.444184442402999979
0.444202053608000025
0.444027846936999981
0.444059370931999986
0.444062716287999981
0.444245527801000017
0.444219089979999981
0.444258987862999999
0.444300603369000013
0.444295442864000023
0.444326537357999984
0.444539348113999977
0.444480451729000026
0.444258094260999992
0.444169092799000020
0.444204982660000025
0.444324264025000026
0.444144138994999993
0.444354284418000012
0.444231698452000001
0.444140052226999982
0.444149804372000023
0.444157718568000015
0.444040303530999991
0.444081205137000001
0.444084436646000003
0.443924865185000017
0.444091650311999986
0.444065450199000011
0.443937087296000010
0.444309556275000017
0.444293869377999973
0.444149861307000016
0.444192674585999980
0.444255793441000024
0.444074463478999981
0.444010054435000023
0.444109549647999979
0.444229628042000002
0.444024302008000027
0.444181415959000014
0.444423688327000022
0.444262134497000027
0.444120423144999998
0.443828779040999988
0.443846393722999999
0.444004066365999983
0.444227996535000003
0.444175690936999989
0.444125139579000017
0.444073732158999979
0.444082086250999986
0.444226155605999984
0.444266518645999975
0.444365091601000017
0.444400318066000000
0.444132158517999975
0.444075873693000001
0.444080540415999980
0.444242415236999977
0.444414596025999975
0.444372089342000010
0.444432659432999977
0.444277639331000007
0.444482752167999984
0.444291581099999999
0.444102200765999988
0.444298563119000012
0.444049572394000003
0.444266464638999992
0.444315573186999990
0.444257255209000002
0.444192084017999977
0.444100207310999973
0.444150565792000018
0.443980693729000009
0.444173490803000004
0.444097448767000025
0.444238973156000028
0.444228490212000005
0.444189087636000013
0.444288061136000001
0.444157058351000000
0.444150290760999988
0.443916046208000015
0.443838879854999979
0.443969192196999984
0.444106180871999989
0.443968440055000024
0.444165575621999986
0.444164170129000002
0.444211986117000024
0.444221568748999984
0.444354445702000000
0.444265389120999998
0.444228830246000017
0.444387368828999985
0.444202554911000025
0.444240695412000008
0.444213524194000009
0.444277674951999990
0.444394253675000017
0.444496467328000022
0.444210580768000018
0.444106425425000007
0.443988939633000013
0.444021642115999982
0.444049233187999992
0.443941310242000009
0.443987781685000027
0.444061805483000005
0.444103674878000010
0.444140471697999972
0.444060796739999986
0.444054602221999994
0.443946681472999982
0.444000829187999990
0.444032109793999985
0.444147473723999986
0.444137622687000022
0.443988622629000018
0.443872944132999991
0.443925061333000026
0.443971429066000012
0.444155095386999987
0.444168945220000000
0.444188734071000013
0.444184593331000022
0.443942590099999979
0.444169392220999992
0.444090317015999991
0.444260995928000002
0.444425947001999999
0.444253825152000015
0.444289755732000025
0.444345035818000000
0.444327709136000004
0.444170542815000013
0.444203736956999995
0.444068621338000014
0.444037804375999989
0.443979145675999998
0.443996223123000022
0.443978854959000024
0.444012136476000019
0.443967455023999980
0.443882827644000000
0.444004612281000022
0.444063540599999973
0.444112937729999990
0.444131452122999981
0.444124526597000024
0.444101896469999979
0.444238491018000003
0.444344558672999990
0.444436510951999986
0.444362238688999989
0.444337905407000022
0.444158571662999990
0.443995183259999981
0.444331251209000022
0.444160214544000009
0.444039582401999977
0.443917209860999973
0.444004546363000019
0.444074180250000006
0.443972509351000022
0.443889718604999983
0.444034996391000025
0.444036539798000007
0.443980727048000012
0.444301126900000010
0.444300600235999987
0.444359319167000000
0.444324996950999973
0.444244712265999986
0.444118631918999973
0.444168452245000012
0.444029895027000021
0.444011718971999980
0.444185480158000023
0.444157340856999983
0.444138969820999985
0.444039873952000008
0.444223820913999978
0.444021208341999984
0.444040021983000022
0.444025453229000000
0.444053539735000002
0.444183797458000018
0.444146710482999973
0.444013328965999987
0.443880394603999973
0.444046350152000002
0.444350515599999996
0.444113438154000006
0.444066051241999993
0.443954682829000025
0.443838258533000019
0.444058066415999986
0.444037451124000004
0.444036287530999996
0.443970932583000022
0.444046391526000006
0.444022683172999977
0.444060368481000001
0.444088292464000001
0.444010171246000007
0.444093318288000027
0.444159064381000002
0.444104632446999992
0.444158384573999976
0.444275426310999977
0.444113440653000013
0.444049767144000018
0.444116198783999994
0.444210740301999973
0.444214798434000024
0.444047557300000006
0.444086044123999990
0.444137273634999996
0.444136566883999995
0.444288036378000017
0.444205748733000005
0.444166220852000027
0.444118198043000012
0.443959633798000020
0.444010625697999983
0.444182488790999974
0.443916325042000015
0.444138225065999981
0.444162005091999990
0.444183107269999988
0.444243384502000016
0.444083174342000009
0.444119094780999979
0.444192228380999976
0.444140458776000002
0.444198917776999991
0.444150253024999997
0.444178620972000004
0.444227677780999974
0.444201444720999983
0.444096135369000000
0.444187462290000001
0.444127924750000014
0.444150250344000019
0.444157978570000000
0.444157612591999984
0.444215156687000012
0.444201860978000018
0.443994199538000012
0.444036479965999986
0.443940489105999980
0.444139242772999987
0.444132660534000023
0.443971688068000025
0.443966913884999981
0.444086900452999978
0.444186564291000008
0.444141286379000022
0.444067645449999993
0.443947207431000024
0.444185075116000028
0.444071606562000010
0.444293514875999995
0.444397814993999996
0.444408291457999982
0.444155369771000008
0.444147998087000007
0.443981270714000009
0.443990129683999979
0.444004092386000027
0.444177533793999990
0.444083401997000027
0.444036148307999978
0.444119511041999981
0.444180835521999995
0.444176141919999989
0.444178298957000006
0.444098537028000007
0.444278652155000009
0.444127339377999975
0.444111262575999977
0.443980978227000000
0.443976531371999994
0.444095761975999981
0.444212337971000015
0.444088878346000027
0.444080562045000016
0.444332554383999989
0.444185756134999998
0.444287281962999991
0.444143723054999995
0.444269133031000019
0.444254256682000026
0.444183827942999987
0.444112125307000005
0.443977827692000004
0.443819481105000024
0.443850987332999991
0.443751132129000025
0.443786564418000018
0.443852282340999993
0.444093692975000010
0.444159391444999996
0.444320791730999975
0.444298413321000008
0.444206697438999987
0.444122340512999980
0.444368895910000006
0.444436082304000002
0.444281019499000007
0.444202963326000011
0.444195955322999991
0.444063238862999976
0.444267493658000001
0.444179583812999990
0.444163648274999989
0.444262444641999987
0.444157945155000011
0.444296079246999986
0.444188483753999996
0.444223220623999993
0.444237871838999987
0.444195068651000002
0.444196842350999987
0.444115252113000014
0.444225015674000023
0.444259097102000011
0.444208742094000020
0.444078285071999979
0.444096274332999974
0.444103224138999997
0.443992859038999987
0.444014548299999978
0.444326374025000026
0.444090328676999990
0.444156515749000003
0.444241288150000024
0.444203010768999984
0.444337019599999994
0.444286586508999992
0.444205296485000012
0.444193503331999973
0.444186062503000023
0.444230590332999997
0.444402119543000018
0.444242746645000020
0.444457144194000009
0.444330767216000011
0.444265359274000016
0.444274892864000015
0.444148173809999991
0.444126387421000024
0.444137962423000021
0.444124989016999983
0.444075864744000015
0.443898319890999982
0.443869294204000009
0.443983022509999992
0.444119813156999999
0.443974974121000010
0.443857865622000025
0.443864094335999992
0.443945205554000022
0.444045140584000020
0.443948479361999992
0.444037637960000009
0.444251800068000025
0.444142215459999989
0.444042250139000005
0.444033586230999977
0.444143327267999988
0.444069854571000011
0.444167941813999989
0.443984909965000007
0.444079295914000027
0.444158704123999992
0.444376699917999995
0.444329451533999997
0.444374030392999997
0.444338227706999989
0.444344765003999997
0.444342007385000015
0.444392705168000002
0.444189146836000026
0.444082765880000008
0.444234349244000015
0.444114428968999997
0.444339829487000015
0.444429713294999973
0.444251974336000000
0.444184247960999978
0.444127082777000026
0.444288539869000021
0.444306675767000003
0.444241824226999982
0.444218130184000026
0.444143549879000010
0.444047235824000019
0.444207929715000005
0.444243283504999975
0.444237196940000023
0.444422953838000012
0.444236164119999999
0.444280877068999991
0.444273002124999983
0.444320801686000022
0.444234528071000001
0.444303189812999988
0.444142452926999998
0.443989307320000026
0.443973106419999985
0.444067632099000020
0.444195385130999987
0.444084783327999999
0.444037786022000003
0.444026981945000010
0.444078100704999978
0.444162297734999989
0.444190716601000013
0.444207122929999976
0.444234130151999973
0.444217758633000004
0.444124458454000004
0.444144446096000012
0.444052028551999989
0.444004866807000020
0.444063166449999991
0.444008612508999978
0.444138989691000019
0.444102872375000013
0.444092727394999998
0.444158176908000024
0.444220059075999985
0.444283944165000000
0.444011893463000018
0.444249821272000023
0.444146084295000021
0.444156596881999988
0.444021824584000024
0.444058105373000001
0.444206589676000019
0.444413187250000008
0.444260697250000003
0.444193803403999998
0.444207918229000021
0.444253589170000018
0.444294880235000023
0.444232645420000016
0.444342563813000024
0.444352319335000023
0.444559519815000026
0.444444353974999984
0.444238533026000026
0.444234533920000008
0.444314777301999975
0.444108726742000026
0.444195718806000006
0.443986035672000012
0.443789323269000002
0.444100686819000001
0.444124680629999991
0.444107715387999979
0.444102321924000010
0.443994522757000021
0.444368875531999996
0.444323967217000015
0.444073415618999989
0.444214609554999973
0.444164779379000008
0.444138815886999994
0.444000125502000020
0.444052834018999976
0.444118273825999998
0.444141276724999978
0.444113340329999995
0.444222355703999983
0.444172522106999978
0.444123302745999982
0.444378330243999975
0.444234545044999984
0.444170494018000017
0.443986739934000008
0.443989312959000015
0.443985417035999974
0.444146242026999982
0.444151504453000001
0.444313243156000015
0.444400489567999990
0.444265828759000003
0.444321450155999997
0.444443743672999991
0.444204967037999998
0.444346261628000005
0.444185659055999993
0.444099521634000016
0.444270461532999983
0.444111066742000016
0.444141544566000024
0.444244303630999982
0.444118686011000019
0.444033969086999991
0.443841932862999999
0.443801623659999978
0.443979101614000005
0.444152371755999975
0.444053864568000001
0.443971453954999984
0.443851333899000000
0.444066405875999992
0.444063123732999998
0.444241171977000027
0.444050559700999992
0.444069587094000018
0.444253632564000023
0.444288371886000011
0.444188246851000001
0.444255251542000018
0.444252791628999999
0.444225034216999992
0.444003867933999985
0.444009401668000014
0.444055482351000008
0.444057065510999993
0.444273719138000012
0.444136411555999977
0.444293634642000002
0.444220604321000023
0.444152414654000016
0.444123351768999974
0.444048738697000012
0.444178775977000007
0.444128259008999993
0.444150026438999979
0.444403738837000017
0.444376796934999985
0.444298856201000014
0.444200282941000002
0.444217167596999973
0.444070192646999984
0.444129349131999973
0.444238550931999987
0.444232855478000010
0.444358048595999977
0.444264478620999992
0.444013359504999983
0.444049650981000021
0.444003820685999973
0.444002748366000011
0.443792539890000004
0.443843792424999994
0.444019641319000014
0.444279769587999973
0.444247666834999999
0.444140010681000008
0.444141858624000019
0.444183727836000020
0.444300479635000023
0.444097837230000014
0.444197450426000007
0.444327031729000010
0.444351181079999991
0.444339187277000003
0.444431215119000023
0.444488745161000010
0.444271255965000000
0.444350030537999985
0.444288647706999995
0.444262783604999989
0.444266083819999991
0.444180595645999987
0.444158749124999974
0.443994471908000010
0.444055548357000007
0.444196298293999980
0.444189804020000023
0.444023651522999996
0.444210600552999990
0.444377239209999997
0.444180244085000009
0.444087240406000006
0.443971558262999999
0.444051190410999996
0.443923587642999995
0.444101194084999984
0.444155406636000005
0.444153964407000001
0.444114917202000026
0.444005244518999975
0.444184669490000017
0.444126454685999983
0.444170315970999985
0.444153865074999987
0.444147216974000003
0.444184806283000000
0.444163607733000010
0.444299410662999994
0.444019554797000005
0.443999798931000000
0.444159873185999976
0.444036141343000013
0.444120692915999982
0.444121258005000019
0.444014158682999982
0.443874355280000021
0.444011177280000002
0.444153945632999980
0.443906231335000012
0.444043610520999998
0.443887532930999973
0.443792583018999987
0.443909982959000027
0.443999919625999995
0.443924559399999974
0.443858465560000026
0.443848513780000009
0.444200766872999975
0.444227165942999991
0.444390062056999990
0.444391973777000016
0.444229834644000010
0.444390695763999977
0.444171784194999975
0.444030830546999988
0.444116169456000021
0.444104823787000003
0.444082685252000009
0.443890555151000010
0.443883498232000018
0.444005658758999999
0.444003068379999977
0.444179851314999985
0.444133808533999974
0.444137621348000000
0.444077620565999975
0.443854668886999981
0.444043590549000000
0.444034941705999997
0.443977295233999980
0.443987072220000001
0.444035397291999978
0.444084996023999978
0.444179813299000026
0.444061366384999989
0.444183230493000014
0.444121906296000013
0.443990916487999987
0.444056801371000009
0.444388853754000002
0.444199674225999985
0.444332495042000009
0.444172166071000019
0.444202362005000018
0.443944006113000000
0.443954247025000026
0.444137755432000014
0.444077089949000026
0.444106952311999981
0.444176040275999995
0.443876984146000020
0.444035175095000012
0.443930420014999993
0.443892273316000008
0.444048737769000001
0.443988141903999989
0.444010300980999972
0.444099085176999975
0.444236336723999981
0.444022542018000010
0.444107720436999975
0.444141034012000002
0.444159013022999982
0.444057241491999988
0.444139160646000009
0.444188688135000009
0.444211037804000008
0.444162009596999974
0.444199234591000025
0.444148036701999982
0.444295962203999972
0.444133655949000006
0.444092907997999997
0.444018731740000006
0.444294571839999985
0.444279336573999983
0.444076313737999995
0.443989477435000002
0.444123291367000017
0.444201626352000001
0.444248803593999986
0.444104478430000005
0.443973215427000023
0.443951841141000003
0.444169506172000017
0.444378142686999988
0.444212009685999998
0.444100207369000022
0.444185183516000004
0.444072039606000002
0.444142126703999995
0.444005521068000009
0.444063603018999997
0.444110498685000021
0.444248494835000007
0.444147506701000006
0.444256398368999994
0.444080382336999979
0.443986821279999999
0.444028865732999989
0.444005574038000006
0.443956742588999975
0.444160307571000001
0.444121518727000009
0.444120068998999973
0.444123595077000000
0.444183424985999997
0.444176303293999986
0.444068656901999981
0.444141914267000004
0.444265694021000024
0.444132613544000021
0.444099888956000000
0.444106668413000005
0.444170825195999985
0.444035642936999986
0.444157523253000008
0.444146620752999988
0.444199079356000004
0.444138488288999989
0.444177449052000017
0.444030560267999974
0.443926569253000003
0.443880738205000014
0.443710226852000011
0.444147596437000025
0.444177816014000026
0.444389426856000025
0.444366674716999976
0.444089897346000018
0.444126460356999986
0.444164306032000022
0.444303344338999984
0.444349573173000001
0.444300643667000006
0.444213969431999978
0.444241892327999988
0.444057567588000024
0.444223904017000015
0.444238463575000020
0.444342245254999990
0.444291133125999993
0.444274219936000025
0.444163423448000028
0.444337714173999976
0.444262987587000002
0.444282390442999997
0.444436383336999974
0.444262586623999978
0.444234048351999977
0.444225731216000008
0.444289058070999998
0.444285910968999997
0.444055411076999973
0.443994949217999979
0.444036710855000016
0.443927259171999988
0.443802201150999998
0.444229695621000009
0.443919381087000020
0.444092871644999998
0.444271352366999994
0.444209434206000009
0.443701466461999983
0.443979642451000023
0.444145279268999993
0.444323765503000012
0.444210873582999988
0.443966730709000001
0.444024277098999998
0.444004069346000008
0.443960230291000013
0.443958675000000025
0.444061352242999974
0.444070233621000010
0.443981177851999975
0.443929332469000015
0.444041992853999978
0.444119413016999975
0.444351249775000012
0.444373341234999997
0.443994470782999973
0.444005496604999994
0.444091667518000000
0.444154535143000018
0.444144610827999997
0.444201211064000012
0.444161608651000017
0.444197470433999986
0.444178951270000011
0.444203633631000017
0.444326633946000027
0.444287914005999984
0.444218362169000014
0.444071199909000014
0.443967782728000027
0.444096847261000016
0.444237151403000019
0.444214790816000016
0.444136252224999972
0.444255808028000021
0.444057162158999985
0.444013455817000025
0.444083609887999997
0.443978099593999975
0.443996707669999990
0.443998019520999987
0.444126876835999995
0.444074339621999992
0.443974154996000014
0.444252471069999988
0.444258539105999994
0.444146083550999993
0.444208332952000018
0.444214960903999978
0.444152989715999980
0.444405606773999984
0.444335938411999976
0.444370122508000009
0.444290554969999973
0.444162019941000019
0.444128466531000021
0.444228630630000010
0.444293677493000028
0.444346626926000021
0.444295432378999988
0.444077300416999998
0.444232922787999973
0.443997978317999975
0.444015430441000003
0.444117018586999979
0.444194931301000018
0.444168672744000015
0.444409090896999981
0.444479569580999989
0.444268604411000023
0.444268379002999980
0.444130078335999989
0.444129444613000024
0.444115457852999995
0.444108219545000016
0.444163208967999990
0.444306230615000020
0.444296927565999977
0.444209525140999983
0.444153959049999991
0.443927739815000000
0.444277165485000014
0.444237741128000019
0.444328271416000009
0.444106650493000021
0.444210778796000016
0.444234267765000024
0.444281635239999972
0.444173373825999973
0.444270561487999982
0.444156355968999994
0.444187344335000012
0.444282497165000012
0.444392129655000023
0.444277624924000025
0.444030930426999981
0.444184322058999992
0.444182512246000027
0.443987039290999974
0.443947087201000012
0.444100249999999974
0.444272533558999982
0.444033486619999973
0.444222856506000019
0.444121922100999988
0.444230768240999996
0.444177060371000021
0.444200222920999976
0.444036906426000022
0.444147556755000006
0.443878259210000015
0.444116729922000020
0.444085551437000015
0.444066638695999993
0.444012051174999978
0.443926878922999979
0.443781303557000018
0.443891352477999990
0.444052293925999986
0.444135137485999976
0.443882644722999986
0.443992052020000028
0.443922393179999986
0.443940765219000000
0.444123328287999997
0.443915853887999978
0.444135076148000019
0.444335285974000016
0.444236101458999999
0.444162638419999978
0.444024436442000014
0.444117792978000026
0.444221883930999983
0.444309417069999990
0.444383175465999980
0.444361852486999998
0.444301172952999979
0.444173302676000026
0.444274425960999975
0.444498657036999978
0.444044141655000002
0.443960239021000014
0.443998190273000026
0.444185992272000008
0.444412493916999995
0.444228425844000019
0.444070372120000001
0.444009510981000000
0.444318599207000009
0.444065952501999983
0.444176151645000017
0.444283973002999988
0.444232517863999976
0.444285288587000005
0.444107775978999975
0.444242300821000025
0.443956065939000000
0.444056082492999993
0.444079133213000021
0.444408102367000013
0.444234036260999998
0.444164650745999978
0.444012426327999976
0.443967652430000026
0.443779559579999983
0.443911956863999979
0.443961979707999999
0.444022297381000020
0.443938786325999979
0.443889741504000013
0.443999439449999977
0.444286857844999994
0.444226484472000027
0.444380392422999981
0.444280967006999983
0.444276396700000020
0.444070358775999985
0.444237508642000012
0.444324788851999997
0.444249442704000019
0.444250923071999981
0.444159105938000009
0.444108492703999991
0.444084505061999979
0.444324981594000024
0.444187085920999980
0.444309243171000012
0.444049278155999982
0.444137289559000004
0.444264871708999975
0.444220454707000001
0.444241077041999999
0.444168643492000026
0.444237986985999977
0.444346127771000021
0.444160672997000017
0.444412663563000021
0.444274678870999973
0.444246594049999999
0.444325334402999983
0.444383999493000004
0.444437179864999976
0.444312487904000020
0.444395490742999999
0.444271810609999984
0.444277095841000003
0.444354096656000008
0.444323329927999999
0.444220730697999999
0.444104264611999977
0.444140028706999979
0.444357241630000011
0.444250757674999996
0.444145804315999981
0.444126259588000005
0.444218316772999999
0.444090935204000004
0.444321890910999995
0.444275148093000005
0.444113169749999981
0.444358015266999973
0.444239383433999990
0.444229875451000011
0.444194691639999972
0.444265631928999982
0.444174744241999986
0.444128940546999973
0.444320884327000010
0.444224169389000001
0.444469243030999994
0.444473984742999983
0.444338485469999989
0.444211887146000017
0.444281335986000003
0.444189945776000017
0.444318598585000002
0.444215476486000016
0.443949277485999994
0.443835894156999977
0.444017047659000019
0.444082052484999990
0.443906429446999984
0.443898495379000002
0.444372390895000025
0.444243088971999989
0.444165190830999979
0.444218947116000018
0.444209438143999991
0.444277173992999985
0.444247172232999976
0.444325291344999984
0.444086724494999974
0.444202575300999991
0.444300848939999993
0.444306648859000008
0.444214937438999979
0.444149880353000015
0.444241196040000008
0.444369914232999985
0.444303460109999993
0.444305144130999974
0.444337314767000002
0.444235913791000026
0.444080484458000024
0.444316665381000009
0.444207806237999991
0.443888845573000013
0.444045738312999982
0.444142952192999985
0.444136616998999978
0.444306571774999992
0.444276680638000021
0.444329296859000022
0.444279668595999988
0.444217954078000021
0.444165100167000004
0.444132992127000026
0.444174878631000025
0.444233185763000027
0.444056382585999998
0.444156909268000000
0.444153756904999975
0.444136396277000023
0.444253347382000008
0.444162123518999974
0.444037602679999976
0.444343477187999991
0.444173954147999983
0.443993020502000013
0.444121406025999976
0.444134232171999987
0.443981835205000008
0.443921578767999980
0.443971825687999977
0.444078404042999975
0.444098934208999985
0.444172531781000024
0.444247129828999998
0.444298768214999973
0.444161999654999973
0.444272367704000026
0.444359140092000005
0.444121973524999991
0.444227858073000026
0.444207078816000023
0.443972122244999989
0.444108566764999990
0.444028337662999983
0.444321068967999999
0.444405348674999978
0.444542846172999995
0.444349986939000019
0.444264451112000025
0.444398462250000015
0.444399117574000024
0.444296929043999977
0.444236901480999979
0.444034263082000002
0.444148577731000027
0.444118306637000027
0.444008528221999987
0.443952044935999990
0.443967962998000010
0.444056564470000026
0.444247061752000016
0.444099482940000012
0.444248477643000017
0.444290633612999974
0.444016190382000020
0.444015736868999977
0.444006516550999986
0.444040871459000008
0.444159380682000005
0.444106501436000001
0.444248393545999987
0.444113314360999989
0.444084697673999995
0.443996966024000017
0.444166301006999997
0.444087762200999991
0.444103174092000008
0.443942692578999987
0.444077350987999997
0.443977274591999982
0.444249731515000024
0.444018255621999980
0.443924146216000015
0.443865865091999989
0.443851768340000008
0.443904237694999981
0.443989077346999994
0.443880202241999977
0.443973662885000009
0.444018822400000013
0.444143637839999994
0.444107053713000022
0.443806168605999973
0.443901554816999999
0.444078103053999973
0.444016460336000007
0.444056065464000005
0.444041582717999983
0.444111830283999975
0.444109575506999976
0.444246195989999981
0.444286204475999980
0.444154149122000019
0.443947785737999978
0.444091790639999984
0.444123214132999988
0.444231918482999977
0.444016559751999995
0.444067605001999988
0.444024213047999994
0.443880907479999975
0.443955344412000019
0.444123898843999998
0.443933659664000002
0.443953417996999999
0.444104188615000006
0.443829748415000003
0.443940679700000007
0.444070828671999984
0.444231411558000000
0.444172302670999997
0.444235331331000016
0.444122190585999999
0.444015171744999992
0.443903091443999975
0.444211867702999974
0.444234980476000019
0.443987222309000007
0.444105511780999995
0.444006787060000019
0.443908905178000024
0.443963931892999986
0.444031530552999987
0.444108194522999988
0.443807693757000021
0.443938680613000014
0.443977771495999984
0.443930306853999979
0.444064955415999996
0.444031171657999990
0.444060081413000018
0.444007920516000021
0.444183242721000016
0.444436367868000004
0.444300381375999975
0.444093590736000021
0.444139729280000006
0.444188495130000027
0.444250782845000025
0.444137212160000017
0.444014905898000023
0.443927928759999979
0.443915899416999993
0.444304375729000001
0.444128036861999975
0.444203905206999983
0.444001446083999995
0.443944149072000027
0.444057956892000005
0.444140759439999977
0.443990156442999995
0.443962079916000008
0.444038062065000017
0.444214570219000016
0.444206794638000002
0.444146383831000025
0.444041628091999985
0.444004043437000007
0.444142755925000021
0.444168275627999987
0.444086272090000012
0.443901578367999983
0.443816439520999972
0.444118827153999973
0.443976814953999988
0.444112577231000005
0.444250538394000027
0.444287729023999989
0.443988295859000015
0.444220996390999989
0.444128110234000006
0.444082371731000014
0.444006275654000027
0.444032006122999978
0.444082149440000018
0.443972045167999985
0.443958246133999979
0.443994458995000008
0.444202046465999978
0.444186606764999992
0.444246275836000015
0.444112272359000027
0.443971582435999990
0.444226417466000001
0.444035925531000020
0.444233892286000021
0.444234010341000018
0.444321622374000025
0.444363446281999974
0.444174621335999997
0.444104223249999985
0.444136881759999991
0.444166009962999986
0.444303916497000018
0.444337921420999982
0.444202690597000016
0.444304599088999996
0.444222961179000009
0.443913042518999990
0.443918325920000023
0.444032455411000004
0.444100498309999980
0.443990236325000009
0.444165365312999993
0.444308182687000008
0.444121353005999975
0.444165863898000002
0.444219302877000011
0.444460195629000021
0.444469912997999983
0.444352636756000008
0.444231186142000023
0.443958486548000020
0.443977592327000015
0.444025984431999976
0.443870128221000027
0.444032541426000016
0.444031404622000025
0.444018175199999976
0.444119015238999992
0.443990078522000009
0.443962217361000000
0.444048454450999996
0.443926225625999982
0.444135301064000010
0.444041526974999989
0.444046514030000006
0.444089661184999984
0.444136218791999993
0.443984051910000010
0.443863480749999983
0.443945211484999991
0.443819181777000027
0.443972362068999982
0.443994251810999996
0.443985641752999982
0.444068557492000027
0.444246974412999984
0.444144716975999998
0.444301970456999984
0.444116097676000021
0.444213182860999978
0.444109652992999981
0.444070232785000019
0.444131129535000002
0.444223079414000022
0.444341011251999984
0.444451630122999986
0.444554083588000026
0.444347868249000022
0.444067171192000010
0.444331759717000008
0.444165926910999986
0.444047990218999988
0.443998421282000011
0.444091603240000021
0.444078246472000004
0.444120772993999990
0.444055226128000025
0.444099467292000005
0.444197063712999995
0.444142494170000013
0.444249822568999975
0.444116024203000004
0.444243031374000008
0.444290439044000007
0.444294630325999973
0.444336855202999981
0.443960075193000014
0.444031636708999977
0.444113408489999972
0.444389129315999998
0.444393059513000011
0.444270414108000000
0.444087612628000006
0.444059697616999982
0.443980524618000028
0.443878291034999983
0.443907196009000027
0.443997296488999993
0.444018453019000003
0.444040823101000015
0.444120103586999992
0.444053428513999981
0.444029981680999997
0.444185209246000023
0.444465253374000002
0.444199784840000000
0.444310907392000021
0.444154823738000026
0.444042642052000003
0.444192825208000019
0.444420023453000024
0.444463108004000018
0.444212747984999989
0.444226200076999977
0.444298725484000012
0.444068159337000001
0.444063328576999983
0.444050037632000016
0.443889815902999973
0.444043950261999998
0.443961629001000002
0.444013840139000027
0.444041531817000013
0.444161418739000002
0.444243117151000011
0.444392773351000026
0.444305684711999993
0.444235018081999999
0.444143165851999977
0.444098684076000005
0.444404110869000002
0.444227422315999987
0.444062516653999984
0.444081061115999987
0.444069564123000027
0.444064676722000007
0.444142538726000013
0.444019525290999972
0.444203541227000009
0.444030034454000022
0.444135819142999988
0.443917330212000028
0.444113659789000026
0.444229502900000017
0.444280786726000021
0.444019261463000026
0.444186533245000015
0.444448052343000000
0.444436749738000014
0.444061976284000015
0.444173660126999992
0.444053568229999973
0.443902366102999990
0.443937334743000012
0.444240519906999975
0.444152940677000008
0.444138784309999979
0.444213467084000002
0.444113675210000003
0.444076118409999998
0.444249715571000015
0.444230619433000018
0.444158578581999974
0.444146555107000018
0.444052526035000006
0.444116126591000027
0.444048658694999987
0.444044033594999998
0.444004778486999985
0.443868634802000006
0.444052110499999986
0.444361471003999975
0.444395017935000025
0.444357374300999974
0.444343640072999979
0.444207674732000013
0.444096712830999996
0.444235693486000005
0.444110687012000016
0.444106097184999993
0.444152422365999999
0.444126372674000014
0.444066518939999988
0.444196369275000003
0.444192646329000018
0.444224898185999972
0.444195250707000000
0.444346464868999980
0.444376611362000018
0.444225275340000003
0.444082173114000001
0.444096663933000013
0.444314549870999997
0.444344084899000014
0.444339914334999975
0.444336026002999984
0.444140155865999975
0.444186588436999985
0.444277985667999975
0.444157365552000027
0.444391278965000025
0.444241957482999994
0.444118113345000010
0.443981434444000012
0.443964522445000009
0.444069353817000023
0.443996625796000022
0.444247620497999984
0.444287087754999976
0.444202633341999997
0.444334506382000005
0.444148690535999979
0.444195100224999972
0.444097372549999980
0.444125995368999993
0.443998207834000014
0.444034055942999994
0.443896543935999977
0.443849999099000025
0.444112791313000022
0.444043703459000016
0.444221247802000008
0.444073047343000016
0.444118479875000027
0.444202267473999990
0.444081752539000008
0.444185926577000012
0.444075856237000022
0.444138296583000025
0.444098311422999992
0.444300941792000026
0.444154853163000019
0.444092520341999974
0.444196924107999991
0.444070218532999994
0.443849769738000000
0.444083358980000009
0.444061500978999990
0.444067539293000024
0.443973145698999982
0.444141734334000005
0.444081934966000014
0.444319116248000023
0.444213501761999974
0.444243139249999974
0.444230921461999995
0.444121869426999993
0.444318425781000004
0.444222301029999989
0.444253119154000009
0.444174746896000006
0.444079314241000001
0.444072324442999988
0.444202053237000016
0.444117947876000008
0.444151974713999975
0.444169403650000016
0.443928871679000026
0.444144739988000026
0.444164040468999988
0.443928420188999973
0.444044522729000024
0.444003818893000002
0.443995972070000022
0.444045999555999993
0.443975926723000014
0.443909218275999995
0.444087155085000018
0.443928908761999974
0.443966430736000006
0.444061398245999994
0.444008478809000018
0.444072848736999981
0.444169796913999992
0.444290535613000026
0.444329632234999994
0.444287319595999985
0.444122817246999979
0.444117135592000001
0.443876298045999984
0.444197906663999997
0.444126548697000023
0.444162454190000000
0.444023698826999991
0.444247950777000022
0.444164682390000010
0.444052778604999976
0.444091493845999996
0.443978526925000005
0.443985777304999996
0.443742820154000017
0.444092502848999982
0.444131244526000002
0.444012186982000012
0.444102363060999983
0.444071428421000003
0.444086562201999990
0.444153406621000002
0.444192609120000026
0.443930648079000012
0.444152109477000012
0.444130301060000010
0.444119300022000008
0.444142782765999999
0.444235236388999977
0.444296837720999982
0.444220881665999989
0.443932038693000020
0.444019758975000012
0.444093495575999975
0.443902224234999976
0.444133718018999979
0.444181603172000006
0.444066012873999993
0.444157136155000021
0.444235584673999984
0.444010046704000017
0.444180171971999993
0.444235770626000004
0.444138939678999978
0.444269229764999996
0.444339731482000011
0.444345711764000006
0.444072649789999996
0.444275805819000003
0.444294738907999975
0.444105261375000004
0.444240293215000026
0.443921547083000023
0.444152654761000021
0.443920923693000014
0.443783006837000005
0.444028016397999992
0.444026020208000027
0.444077839385999984
0.443972319886999978
0.444116851909999999
0.443906070546000009
0.444000274967999986
0.444097024389000006
0.444058269331999989
0.444059258331999995
0.443791648107999981
0.444256731369999991
0.444196680851999981
0.444095928166000020
0.444071530346999976
0.444111383590999997
0.444113109652999993
0.444065792036999973
0.444208572079999975
0.444001987144999999
0.443830603157999992
0.443787144003999989
0.443826271612000001
0.444104347753000006
0.444171719231000017
0.444112081105000001
0.444135445409000018
0.444047990120000013
0.444110621209000023
0.444113514157000011
0.444121163559999976
0.444253678977999999
0.444253552250999995
0.444199338409999978
0.444152651781999974
0.443941164155000012
0.443972770023000007
0.444272795765000006
0.444315564940000018
0.444439600270999990
0.444371554562999982
0.444321169018999984
0.444217764583999974
0.444008176766000018
0.444065724750999979
0.444072787628999988
0.444146599784999985
0.444019644325000018
0.443844035094999978
0.443981831165999985
0.444026546671000000
0.444045904805000002
0.444160555791999978
0.444029604936000022
0.444034060186999979
0.444146511405999977
0.444158470048999998
0.444135990320000007
0.444253760950999999
0.444279559220000009
0.444061830852000017
0.444146043295000015
0.444470153649999977
0.444206422995000016
0.444123590116999978
0.444313442733999975
0.444326969873000022
0.444288366586000016
0.444254077636000000
0.443982687943999976
0.444128941985000025
0.444100833721000010
0.443875504094999984
0.443955912778000006
0.444045347666999990
0.444106553587999997
0.444178032143000001
0.443911743909000012
0.444015497056000019
0.444185767916999985
0.444130165600000015
0.444108871522000015
0.444161385931999997
0.444224402206000013
0.444268525653000013
0.444161351240999980
0.444401885702999988
0.444357831671999992
0.444437787242000004
0.444183462580999999
0.444298815051999973
0.444395456296000024
0.444225403086999981
0.444099062346999973
0.443906494237000016
0.443908447378000004
0.443877771643999997
0.443964307629999999
0.443911584154999983
0.443902930405000007
0.444069908487000009
0.444231381889000021
0.444003244966999999
0.444016879970999978
0.444223626932999993
0.444149576371999977
0.444058707509999984
0.443851757678000003
0.444061923616999976
0.443894248867999996
0.443989287500999974
0.444068156549000004
0.444219275635000022
0.444221586757000020
0.444015898841999990
0.444026727635000007
0.444145690155999973
0.443980696414000009
0.443998626414000008
0.444022554560999982
0.443947738013000026
0.443852317240999994
0.443939336971999998
0.444023204408000027
0.444109876377999979
0.443967663228999998
0.443822215570999989
0.443928557680999980
0.443941798135999988
0.443885315727999996
0.444110642110999987
0.444250306983999976
0.444176411942000027
0.444230304646999974
0.444240041282000009
0.444112162392999998
0.444120066543999992
0.444007496444000005
0.444257114278000020
0.444259553036999988
0.444182278044999990
0.444154192095000011
0.444214514043999975
0.444376767087000024
0.444295455482000001
0.444113851572000007
0.444195878049999993
0.444235866643000021
0.444354378102000014
0.444250821437000010
0.444197308126000001
0.444122619511000016
0.444203476335999992
0.444250407575000006
0.444292983688000021
0.444197474473999987
0.444206427838999995
0.444230442559000016
0.444226862401999989
0.444314821907999979
0.444140539815999991
0.444033922947000004
0.444029576668000026
0.444039181035000008
0.444227773586999997
0.444180750891000009
0.444357518121999973
0.444632457305999984
0.444526671948999974
0.444364277046999989
0.444334574074000010
0.444371798478000013
0.444214664257000014
0.444145567410999975
0.444195936484000020
0.444158514246000002
0.444097537764999994
0.444135299880000001
0.444109405241999988
0.444092868620000025
0.444159290691000019
0.444391334651999981
0.444067114079000014
0.444265051284999990
0.444348005815999980
0.444428294700000004
0.444405456910999974
0.444223318704000003
0.444223596556000022
0.444118402572000026
0.444163042919999973
0.444135512042000025
0.444175704324999976
0.444181572518999979
0.444293072308000025
0.444165139400999998
0.444097188985999980
0.444072205118999974
0.444270030656999992
0.444137453226000012
0.444114755244000015
0.444179953853999998
0.444244198465999995
0.444213973302999998
0.444115147880999983
0.444249065291999978
0.444068150260999994
0.443918541592999982
0.443994946127000023
0.444073393535000027
0.444241385805000000
0.444212658388999981
0.444315105430000024
0.444196296436000004
0.444284861265999975
0.444254964073000025
0.444384637199999988
0.444221342951999998
0.444236477929000007
0.444264726762000017
0.444121984167999972
0.444080821120000024
0.444004151121000001
0.444085042583000023
0.444065305568000002
0.444134594651000025
0.444101952876999995
0.444077335337999979
0.444142858817999975
0.444049161099000000
0.444254612970000018
0.443968828285999983
0.443766797755999975
0.444027166512000027
0.444260987014000019
0.443932839435999982
0.444040793270000012
0.444197879075000024
0.444145055582999992
0.444033522462999986
0.444155348775999992
0.444131663590000003
0.444119116370000011
0.444130076909000027
0.444419890814999996
0.444292240820000017
0.444149968457999977
0.444135457221000007
0.444020764607000018
0.444127666924000020
0.444072332746999976
0.444089026885000016
0.443939698290000018
0.444056497247000026
0.444005000992000021
0.443991948475000009
0.444031804528000007
0.443908848372000009
0.444231562046000006
0.444181073179000019
0.444308410370999995
0.444209806149000019
0.444018271349999993
0.444011330330000009
0.444211339373000003
0.444297290086999974
0.444226628813999991
0.444212135554000020
0.444285606429000002
0.443995897385000005
0.443888640868000006
0.444085159735999990
0.443988590788000015
0.443803296417999982
0.443879253387999995
0.444030510142000012
0.444223718737999984
0.444218969114999973
0.444065706546000027
0.444423258885000005
0.444285320152000007
0.444106230544999980
0.444099123172000010
0.444062041095000026
0.444175343057000016
0.444261503213999986
0.444263466361000003
0.444117661687000009
0.444144012106000019
0.444077814690000017
0.444026463709999986
0.444031301479999974
0.444213344070000016
0.444234351608000011
0.444216941382999997
0.444248619374000009
0.444276743137999974
0.444238918636000013
0.444211018243000022
0.444123072088000004
0.444077972225999984
0.444373726279999992
0.444247397677000000
0.444111851717999995
0.444010421647999975
0.444002714133000020
0.444186631310000024
0.444135855462000018
0.444162922389999992
0.444108844113000001
0.444116075265000021
0.444286535525000026
0.444218706615000014
0.443910196159000014
0.444037063135000021
0.444144211115000020
0.444206128801000022
0.444215488140999981
0.444304907719999975
0.444166836221000005
0.444114347635999995
0.444018550605999984
0.443805570794000015
0.443888620848000015
0.443938952722999991
0.443984891760999978
0.444025506738000009
0.444074974665999989
0.444373354088999972
0.444249892390000012
0.444190214746999990
0.444315643077999978
0.444253286904000011
0.444278498954999990
0.444014354281999979
0.443905991938000011
0.443871680942000024
0.444174599017999994
0.444158514685999983
0.444018670524000014
0.444091615233000003
0.444079215952999984
0.444172212422000001
0.444118631420000021
0.444086213289999976
0.443969162164999986
0.444006273579000021
0.444192063144999982
0.444221956939999996
0.444158199866000025
0.444093790280999989
0.443920705954999995
0.443882679333000019
0.444201298269999989
0.444124900566999992
0.443977355738999990
0.443989575668000014
0.443858337285999993
0.443945926007000002
0.444093253475000005
0.444213104751000010
0.444117239125000007
0.444032939615999989
0.444153951175000006
0.444170520763000010
0.444250498386999981
0.444171745929999973
0.444203763098000026
0.444218627086000017
0.444023581062000017
0.444062736417999981
0.444168256416999974
0.444257042065999974
0.444377137761000018
0.444254925570000014
0.444107156356999988
0.444295878304000025
0.444089497133000000
0.444363427613999995
0.444260787044000016
0.444397438086000018
0.444202785039999992
0.444291811352999999
0.444362681960000006
0.444209800656999998
0.444186538440999978
0.444178548926999983
0.444301190835000026
0.444234385790000019
0.444340095543000024
0.444371314966000019
0.444470180293999984
0.444269498855999978
0.444295147379999977
0.444199489062000019
0.444212980817000003
0.444260819116000016
