0.429877281592000005
0.429987424431000020
0.429882627485000002
0.429829911366000017
0.429883636271999992
0.429790758346000001
0.429801399606000001
0.429891595982999974
0.430026939898000005
0.430037790370999984
0.429793002245000000
0.429743278896999981
0.429682266939000024
0.429857403285999973
0.429847280943999988
0.429927841716999992
0.429806273221999990
0.429837652045000018
0.429883439307999993
0.429980037496000000
0.429933484290000001
0.429645292068000006
0.429855556387000015
0.429830820551000026
0.429737060251999980
0.429701324444999977
0.429680238501999989
0.429628526241000008
0.429846276548000006
0.429903279197999977
0.429996170344999984
0.429952542850999986
0.429871988659000004
0.429926551386999978
0.430342419955000000
0.429967336398999977
0.429874424952000012
0.429856112921999989
0.430008453708999983
0.429998327306999995
0.430055614285999976
0.430231593587000027
0.430008014847000020
0.429957217268000014
0.430016131661999979
0.429949480213999979
0.429853335592000008
0.429826148314000012
0.429831171941999990
0.429766741082000026
0.429825179978999994
0.429989699554999993
0.429933109200999974
0.429873520923000019
0.429968821778999977
0.429933420495999974
0.429734948045000009
0.429747627743999994
0.429976378842000018
0.429832946416000006
0.429938749171999979
0.429915038261000026
0.429951358065999989
0.429979442330000017
0.430032841268000010
0.429878271691000013
0.430038473322999992
0.429815328524999984
0.429869198131999974
0.429624982478000017
0.429605960539000020
0.429743981877000025
0.429908158719999989
0.429917966907000015
0.429876002807999980
0.429683070645999976
0.429722495024000006
0.429849377656999987
0.430008420055000007
0.429889035438000000
0.429902543532000025
0.429845427619000020
0.429923051878999984
0.429761699451999990
0.429816747404999977
0.429996796628999978
0.429889796701000027
0.429878252575000008
0.429850369510999974
0.429969488979999981
0.429955852897999979
0.430070044431999976
0.429994207761000002
0.429729818618000026
0.429895085472999983
0.429838068565999987
0.429838362181000022
0.429930479034999979
0.430025256460999983
0.430073097866999987
0.429799263882999993
0.429870555408999988
0.429885534878999997
0.429956147364999985
0.430236180475999985
0.430335119797000010
0.430239275769000007
0.430003974738000005
0.430027383576999989
0.429782483420000028
0.429828967705000009
0.430127417161000003
0.430153727704000011
0.429958215759999984
0.429916386747999979
0.429897470399999981
0.429847908032999992
0.430068015033999995
0.429905703623000013
0.429801942025999972
0.429895533245000017
0.429932173028999998
0.430041359848999993
0.430039625322000019
0.430001238733999980
0.430015485164000011
0.429893189286999988
0.429805645795000024
0.429893702298999980
0.429823428602999991
0.429696191753999979
0.429721854402000003
0.429723042225999996
0.429671680514999987
0.429649940557000010
0.429570990347000026
0.429704952322999989
0.429909115256999985
0.429853091359000017
0.430164974114999987
0.430021613096000010
0.429914078362000018
0.429861406472999974
0.429940173207000009
0.429829970928000016
0.429973437198000019
0.429943209406000004
0.429983219171999997
0.429961177919000015
0.430211920221999999
0.430001043347999989
0.429648618169000018
0.429957182325999998
0.429989490902999982
0.429825949139000019
0.430013258554000022
0.430039944846999977
0.429767120389999979
0.429939585736999974
0.429829665859999988
0.429931511757999985
0.429921860140000001
0.429596030685000019
0.429621910511000016
0.429620448882999995
0.429769426587999992
0.429871638858000005
0.429942924707000018
0.429906025729999974
0.429979229016999975
0.430022322903999998
0.429881927384999973
0.430001630791999989
0.429898512594000026
0.429868677046999992
0.429848539932999985
0.429774078366000012
0.429769432579000021
0.429832840572999975
0.429740792345999989
0.429752362925000020
0.429848434531000023
0.429906566388000011
0.430087687920999995
0.430171115050999975
0.430116526438000024
0.430069138864999978
0.430008252593000018
0.430053450813000004
0.429911525645999992
0.429853972877999979
0.429996861512999984
0.429915646282000019
0.429777617248000010
0.429973242493999985
0.429910918244999996
0.429770043330999996
0.429955167370999980
0.429914221044999989
0.429987149354000009
0.429887725765999984
0.429880613051999982
0.429867406452000000
0.430003216720000025
0.429986527713999978
0.429683970302999985
0.429746893003000008
0.429900310261999985
0.429872557920999987
0.429748677274999991
0.429789951742000020
0.429654682414999989
0.429717101388000011
0.429785141400000015
0.429990106027999974
0.429707157351999991
0.430028142443000028
0.429961134432999992
0.429950313754000002
0.430047511883000000
0.429949602938999975
0.429802347729999978
0.429910927665999976
0.429963391239000015
0.429966519170000006
0.430067383113000024
0.430019524579999979
0.429964127472000024
0.429890086447999975
0.429914562233000008
0.429889730365000000
0.429781437235999986
0.429953738064000002
0.430080823895000020
0.429771643265999981
0.429903562874999978
0.429708258346999994
0.429685231009000024
0.429705753108999999
0.429847647911999975
0.429903730071000023
0.429778439128000012
0.429998508215000019
0.429857887431000008
0.429855617761999986
0.429929703384999973
0.429998920743000002
0.430048360861999990
0.429904950165000022
0.429890406785000012
0.429926464767000027
0.429874660023999988
0.429992464153000020
0.429856103365000020
0.430109686524000001
0.429812299778999984
0.429900891574999999
0.429999529401000002
0.429798348275999997
0.429768234116999992
0.429769234326999983
0.429742829875000010
0.429869547590000012
0.430165705873000015
0.430079190557999980
0.429912354295999999
0.429818632282000013
0.429755610352999973
0.429983350902000017
0.429916151922000001
0.429760311830000019
0.429893210932999981
0.429797631048999984
0.429732882052999976
0.429950335031999975
0.430019736606000014
0.429914496749000008
0.429899803523000001
0.429801230766999998
0.429745263476999984
0.429895238459999995
0.429802839245999990
0.430046244686000001
0.430004647351000024
0.429983286467000014
0.430100223299999973
0.430115631162000023
0.430012364152000004
0.429908110249999975
0.429885499394000004
0.429808367425999982
0.429663234308000019
0.429806740296000023
0.429812950871999999
0.429758915254999985
0.429774195844000007
0.429884493064999984
0.429798231719000001
0.429980991096000020
0.430013587164999989
0.430021794489000020
0.429956283157000019
0.429984318556000000
0.430174254001999989
0.429983003987999990
0.429873908547000028
0.429709671953000028
0.429738408286000018
0.429891441466999980
0.429894542865999985
0.430062508105000019
0.429952452938999974
0.429659383953000018
0.430039454536000010
0.429890880646999984
0.430011847803999980
0.429703492008999988
0.429755822221000006
0.429785044504999991
0.429846283695999976
0.429658895789999995
0.429786396738000009
0.429908225511999975
0.430034690770000005
0.430003168873999975
0.429992260948000027
0.429862142567000005
0.429885712753000027
0.429758877091000024
0.429838974117000006
0.429909392118999978
0.430064731900999975
0.429965622320999996
0.429861425098000016
0.429819208512000006
0.429934070321000006
0.430015373581999982
0.429830105929999984
0.429827983655000023
0.429852094241000016
0.429774070946999986
0.429769720362000007
0.429975625204999989
0.430024052165000004
0.429878847020000010
0.429872392090999977
0.429913986257000003
0.429749179390999991
0.429780329379999992
0.429904435018000020
0.429658106914000026
0.429684726030999997
0.429842350834000020
0.429874455062000005
0.430135815295999979
0.430092375212000000
0.429996193374000024
0.430082501870000022
0.430024373088999989
0.429955878080000020
0.429797692068000003
0.429995620492000019
0.429882842408000010
0.429921600507999990
0.429824997342000026
0.429768408682000003
0.429698893026000006
0.430035113766999988
0.429995228303000021
0.429756172233000000
0.429790941596000009
0.429840876132000005
0.429959917432000016
0.429887291233999991
0.429883655066000014
0.430003234321999994
0.430023298970000023
0.429981186088999989
0.429992940762000009
0.430057413032999991
0.429924118803999999
0.429846755322999985
0.429906810696000008
0.429890738370000025
0.429788430976999980
0.429878500850999989
0.429882054211000009
0.429992705841000022
0.430158845165000026
0.430064403466999978
0.429941744465999975
0.430086500476000000
0.429931680591999987
0.429835918242999993
0.429737487317999989
0.429789448670000018
0.429827727223999978
0.429933536196999977
0.429899965714000021
0.429782493834000023
0.429855151720999973
0.429779953115000002
0.429891959785000000
0.429821055602999991
0.429849522654999983
0.429621971735999975
0.429894052640000024
0.430108649304000001
0.430167112327999979
0.430012001465000016
0.429850826035000022
0.429883452888000006
0.429935741854000020
0.429608407172999973
0.429769600101000016
0.429760265590000023
0.429789269407999996
0.429855648362000020
0.429652448893000027
0.429912029478000002
0.429629716990000021
0.429630006078999982
0.429913433306000015
0.429971165963999979
0.429927924101000003
0.429993903615000006
0.429928609159999975
0.429786451487999988
0.429958242290999992
0.430162357735000001
0.429885780428000019
0.429893217203999978
0.430068878300000013
0.429830919623000018
0.429825568060999974
0.429894947585000020
0.429752630846999994
0.429818092616000014
0.429772020917000008
0.429814791922000006
0.429776186830000018
0.429710579187999986
0.429608827136999993
0.429966708041999990
0.430065574695000008
0.429861545535999978
0.429942768819000010
0.429863791549999985
0.429865777592999987
0.429867694045000026
0.429769763257999982
0.429728272824999979
0.429751137118000004
0.429798113654000002
0.429866942508999983
0.429903364683999978
0.429877515112999986
0.430039652275999995
0.429958610540999986
0.429978956591999972
0.429858046385000026
0.429996000549999979
0.429901293519000027
0.429960298168999999
0.429854187702999990
0.429854995823999997
0.429842828065000016
0.430003662908000017
0.430014989776999978
0.429951310977000012
0.430003588059999997
0.430006435680999999
0.429865757327999976
0.429826523131000005
0.429852525152000009
0.430013859205000015
0.429855626777000011
0.429992417394999993
0.429975665374999982
0.429784770275999983
0.429876492913999986
0.429904458041000026
0.429878444565999995
0.429971302682000012
0.429893324015000022
0.429808193748000000
0.430190195872000025
0.430023746006999996
0.429976392621999992
0.429874335009999997
0.429664849060000020
0.429743936403999993
0.429789536919999993
0.430016089526999989
0.429925335922999974
0.429966130634999999
0.429627146682000027
0.429794927950000016
0.429865274991000024
0.429823770792000015
0.429598213446999999
0.429833823070000010
0.429700241137999983
0.429803074333000024
0.429926080531999988
0.430009352005000012
0.430047751114999988
0.430038530112999973
0.429945921976000012
0.429759926522999991
0.429746960063999983
0.430005170642000001
0.429899998890000024
0.429774109831999984
0.429788238940999989
0.429872571636999989
0.430033186193000017
0.430035097646000009
0.429904263594000025
0.429954897225999999
0.429965270720000015
0.430087570907000005
0.430008380919999988
0.430136047550000011
0.429985597591000024
0.430043346438000018
0.429962273130999995
0.429798450707000013
0.429984707289999990
0.429916897432000011
0.429876169473000003
0.429926851017000011
0.429903261044999985
0.429959821427999989
0.430014427201000027
0.430111337668000027
0.429961196684999991
0.429965585834000019
0.430057671209999992
0.429793950608000019
0.429738076485999987
0.429875992164000020
0.429835934633000016
0.429773729561999995
0.429794896786000025
0.429981858152000018
0.429968536266000012
0.429962454725999976
0.429894723854000016
0.430091206635000001
0.429848623762999982
0.429882590303000023
0.429663603514999992
0.429759700992999982
0.429606284062999999
0.429601206258000023
0.429698744098999996
0.429980036881000005
0.430125597660000025
0.430168406624000021
0.429975843724999973
0.430076076292999987
0.429901992519000020
0.429887602126000024
0.430022288556999976
0.429826584088000008
0.429938015755000014
0.429969092539999986
0.430105714696000008
0.430087268124999977
0.430123399700999998
0.430108621266000024
0.429966915931999982
0.429823985568000000
0.429900810723000015
0.429848449653000009
0.429850457683999987
0.429842072266999997
0.429763111053000024
0.429996960880000001
0.429926855408999997
0.430002755718000007
0.429802330281999989
0.429681216561999979
0.429790226172000023
0.429904357766999978
0.429800999312999976
0.429758868879000000
0.429639403467000025
0.429678108436999995
0.429794899579000023
0.429922395359000009
0.429843055018000020
0.429858395005000005
0.429819604254999987
0.429867950544999988
0.429858894903999977
0.429855964513000011
0.429764319110999993
0.429838184705999993
0.429698595648999981
0.429857770530999994
0.429978417128000001
0.429918004597000025
0.429921272018999989
0.429983849919000016
0.429833431985999992
0.429948160844000005
0.429819405762000006
0.429816826026999999
0.429871884606000010
0.429868165384000023
0.429980375575999996
0.429786452011999998
0.429829553573999990
0.429883821296000002
0.429882252382999985
0.429714601517000028
0.430037703471000010
0.429992653803000002
0.430100627633999977
0.430088492039999992
0.429840617357999999
0.429833076779000012
0.429937869937000006
0.429780552004000005
0.429651267401000014
0.429869044536000000
0.429926363510000020
0.430032101073999973
0.430015738967999994
0.430034730566999979
0.429958507948999979
0.429910609062999993
0.429847862405999981
0.429901608687000003
0.429780425997999982
0.429798758403000025
0.429846802270999973
0.429969331848000014
0.429897332078999994
0.429822951025999989
0.429941409363999993
0.429855552591999979
0.430034271460999984
0.430054519937000002
0.430179019459999978
0.430162752982000018
0.430183376047000021
0.430236111739999982
0.430159947676999999
0.429914379871999985
0.429848684174999995
0.429866245927000012
0.429758805304000013
0.429787636698999997
0.429736353030000018
0.429971456546999975
0.429963336217000003
0.430031979075000015
0.429876604737999990
0.430051272890999980
0.429949391923000024
0.430022829667999984
0.430114985017999996
0.430001722098000028
0.429933959935999976
0.429883446973999994
0.429904421548999993
0.430009952902000003
0.429805289988999972
0.429800147874999983
0.429920653360000016
0.429942656274000023
0.429978162042000012
0.429873899294999973
0.429769927657999984
0.429896883742000024
0.429718209979000010
0.429675181209000001
0.429874793816000023
0.429777982900000022
0.429911454016000005
0.429695592035999996
0.429754289286999991
0.429868261809000007
0.429778972771000023
0.429979957951000025
0.429901332944000014
0.429946599691999998
0.430063336532999996
0.430110774369000026
0.429781193639000025
0.429936712484000005
0.429982743735000006
0.429758989940999980
0.429756768763000008
0.429807944373999995
0.429918986851999974
0.429886276061999972
0.429886235703999975
0.430058990495000015
0.430185499324000020
0.430235648036999985
0.430029736188999978
0.429942561300000026
0.429828030510000014
0.429819847488000006
0.429835819512999984
0.429898468367000020
0.429752331859000025
0.429856271768999987
0.429829601845999998
0.429612853693000007
0.429781981242999989
0.429797155433000011
0.429918925860000023
0.429902104856999978
0.430059093878000009
0.430017427901999982
0.429973439168999993
0.429841284268000001
0.429793482030999985
0.429756675920999975
0.429681140615999990
0.429735478160000017
0.429694051723000014
0.429739572725999996
0.429807210817000018
0.429857604675000005
0.429894490673000007
0.429759188853000018
0.429843488107999994
0.429712777721000028
0.429885680644000012
0.429683551057000013
0.429662476065000021
0.429977816841000005
0.429987438554000012
0.429769893479999998
0.429774194378000018
0.429833395306000010
0.429733082538000022
0.429841809525999985
0.429818353182000013
0.429935145409000019
0.430101572930000009
0.430072313074999990
0.430182445176000017
0.430131568332999981
0.430034869641000017
0.429841060627999982
0.429907117622000012
0.429895014274000009
0.429918566060999985
0.430018722550000010
0.430034503808000013
0.430137600818999988
0.430026900448999994
0.429880308245000009
0.429993487035999988
0.430133667133999975
0.430020542133000006
0.430142055231999998
0.429962023590000020
0.429854256521999989
0.429872653499000001
0.429675736021000010
0.429921340386999973
0.429894678460000013
0.429931334321000003
0.430172262673999994
0.430224999293999988
0.429941269402999982
0.429795742219999999
0.429975685034999999
0.429846945132000002
0.429928235642999979
0.430034568090000013
0.430037436587999977
0.429984396200000007
0.430033695378999992
0.430051947890000008
0.429968281652999995
0.429969241659000023
0.429881677272999974
0.429827368759000017
0.429851707164999985
0.429828581480000027
0.429983881256000011
0.430068769120000027
0.430055554082000024
0.429865570994000024
0.430081288712999998
0.430030352346999989
0.429882102968000002
0.429995761234999996
0.429987677670000012
0.429832497157999982
0.429801680051000001
0.429774432278999974
0.429946653251999988
0.429834200817000023
0.429908080096000011
0.429926954984000020
0.429876778933000026
0.430056674688999996
0.430055121142999985
0.430017339348999994
0.429987281775000008
0.430020763939999995
0.429820249860000003
0.429895938596000005
0.429901204425000016
0.429715199744999998
0.429677615786000000
0.429793026678000012
0.429854074129999986
0.430021775878000001
0.430108319349000012
0.429993390892000005
0.429911675920999992
0.429889038153000003
0.429831068852999987
0.429957724817999987
0.429915385363000002
0.429914359862999973
0.429848067379999976
0.429732113287999984
0.429993941824000026
0.429960971420000004
0.429961673579000003
0.430046179191000022
0.430141870734999987
0.429947041440999989
0.429953340715000021
0.429962964419000004
0.430028611798000004
0.430060379027000006
0.429938564199000006
0.429879920626000001
0.429816740410000009
0.429928349968000001
0.429956575080000014
0.429972284606000010
0.430025998660000019
0.429970413235000015
0.429911238372000015
0.429954681426000018
0.430042718701000026
0.429831154629000012
0.429927641518999981
0.429958707700999976
0.429838520436000016
0.429651661522000017
0.429638392540000025
0.429540642445999987
0.429677600260999992
0.429819389047999989
0.429738844467999981
0.429920729595999973
0.430076179679000026
0.430117685395999982
0.430237611332000003
0.430279833793999977
0.430011470063000001
0.429966792401999975
0.429859969780999995
0.429796093800000001
0.429894707486999983
0.429980170248999982
0.429706068345000025
0.429939249558999981
0.429961599463999977
0.429895886379999981
0.429841277568999980
0.429648419818999983
0.429930942990999987
0.430022426334000007
0.429903518538000018
0.429890008102999988
0.429914798538999998
0.429926016858000026
0.429772504863000004
0.429813573150999995
0.429918041345999979
0.429792290194000004
0.429821966966999980
0.430007357380000010
0.429906465562999995
0.430092306937999991
0.430090121531999992
0.430167937296999980
0.430148768502000012
0.429957029564999982
0.430156728840999980
0.430047352105000003
0.430055782047999990
0.429960900771000021
0.430053033812999974
0.429981557687000027
0.429965509271000024
0.430224890601999976
0.430304771862999980
0.430106675719999998
0.429953939851999978
0.429924189589000028
0.429986301401000026
0.429971798103000014
0.429918018392999979
0.429979076251000014
0.429935995146999983
0.429756468938999991
0.429707638825999994
0.429854687376000022
0.429845618430999998
0.429724191335999983
0.429942565300000024
0.429940249639000016
0.430042836664999983
0.430037511164000019
0.430133799338999978
0.429800031008999994
0.429961566828999997
0.429807995017999989
0.429763914287999982
0.429711653442999997
0.429761392766000005
0.429901013840000013
0.429755653028000006
0.429757037816999976
0.429820086536999990
0.430046673865999984
0.429880531514999997
0.429847682244999973
0.429933848379000005
0.429722447843999988
0.429939019398999978
0.429828701119999990
0.430062315894000013
0.429855659022999992
0.430022411523000025
0.429975319435999981
0.429837573839999987
0.429820694637999989
0.429790658860999986
0.429709413639000004
0.429974041741000013
0.429996100139000026
0.429961604848999979
0.429929779517999988
0.429821623880999981
0.429911615269000014
0.429907520844000024
0.429973677815000010
0.429909847284000002
0.429705493559000007
0.429883928507000024
0.429889045440000006
0.429839218395999978
0.430011004294999999
0.429956111061000013
0.429940536927000017
0.429913585415000021
0.429962380533999988
0.429867451323000027
0.429818133446999984
0.429687086767999993
0.429697625473000000
0.429851167533999989
0.429871512170000025
0.429920383166999986
0.429978625060999986
0.430079216631000016
0.430203949292000010
0.430066664988000003
0.430111583839000000
0.430205974358999987
0.430134205970000016
0.430106042045000025
0.429967136129999983
0.430035088818000011
0.429902798385999985
0.429871614793000012
0.429835685700000025
0.429719906847999988
0.429968160129000021
0.429922401023000000
0.429865938356000010
0.429967211904000002
0.430029047883999982
0.430140163839999978
0.429943992576000023
0.430020243630000021
0.429749250300999974
0.429876413407999980
0.429946688720000025
0.430090176323000006
0.430081129800000017
0.430057250389000001
0.429774048489000027
0.429923528298000013
0.429819602718000016
0.429852363949000005
0.429798362707000003
0.429929860760999982
0.429971780013000016
0.429911453891999973
0.429730999188999985
0.429790904074000002
0.429878013281000004
0.430010747638000013
0.430075677664999989
0.429973053474000000
0.429958929754000019
0.430129008716000016
0.429950240912999992
0.429870297951999991
0.429932631121999975
0.429914760296999987
0.429998633189999979
0.429979175075999975
0.429899988075999995
0.429739884003999983
0.429937005445000020
0.430062970037999981
0.429713021674999973
0.429861054670000020
0.429865510321000011
0.430149010619999994
0.429879610902999976
0.429997710555000023
0.430048554681999984
0.429825667445000004
0.429946352518000008
0.430063259992000013
0.430111187695999986
0.429952965053000014
0.430024667929000015
0.430138508806999997
0.430023529505999980
0.430062075910999986
0.429955118179999984
0.429887293198999987
0.429921425048999994
0.429712588042000021
0.429754330555000008
0.429944565326000006
0.429989764860999990
0.429938420240000008
0.429805467148999976
0.430007651996999973
0.430007789753000025
0.429797559102000015
0.429835091970000027
0.429811980907999991
0.429923028666999996
0.430078006339000007
0.430111581964999989
0.430086358030000004
0.429921153431000014
0.429921893680999978
0.430106317668999982
0.430090367398999973
0.430178800463000000
0.430102986489000028
0.429982873396999976
0.430034074795999977
0.429903845161999976
0.429939150383000013
0.429923226965999994
0.429946463946000001
0.429853932238999981
0.429667684027000008
0.429675517098999982
0.429698721871000000
0.429871011641999978
0.430112699380999997
0.430008015904000007
0.429895351764999989
0.430001101313000011
0.430238946685999990
0.429992718755999981
0.429965306797000013
0.429956214379000001
0.429885735912000022
0.430162422614000006
0.430099881909999981
0.429971981689000027
0.429785570911999981
0.429887060258999976
0.429834599245999982
0.429759785474000011
0.429872842485000017
0.430005130888999998
0.430053316108000017
0.429664504660999980
0.429806279992999973
0.429825823973000010
0.429978381962999978
0.429956835061000020
0.429952133311999996
0.429946306516999999
0.429888973835000021
0.429860264671000025
0.429842929225999981
0.429816224229000010
0.429909744127999982
0.430023526295999992
0.429939571342999982
0.429954541294999992
0.429961681169000021
0.429916220834999974
0.429980470384999980
0.430071856769000005
0.429857218411999975
0.429858282927000013
0.429932581237999989
0.430078853761000024
0.429984807151999993
0.429844315756999995
0.429830491245000001
0.429863309339000021
0.429738391757999993
0.429724204454999981
0.429582079823000007
0.429769573040999997
0.429864855802999990
0.429912216788999990
0.429868383512000019
0.429727765849999999
0.429689903563999998
0.429682726268000026
0.429777865387000024
0.429911449492999975
0.429951943718999974
0.430173738304999997
0.429728447527000013
0.429800635978999979
0.429711235703000016
0.429746411431999986
0.429713536253999995
0.429863388730000018
0.429967198037999987
0.429993030062000015
0.429954535729999976
0.429907705445000010
0.429800447964000021
0.429738988443999992
0.429602309647000025
0.429901467739000009
0.429822438395000006
0.429834130870999975
0.430055459219999991
0.430103087055999977
0.430064295794999996
0.430102957585999979
0.429952146403000002
0.429826849544000023
0.429839760440999974
0.429966690681000019
0.429845984113000013
0.430035307518999987
0.430002686069999973
0.430188409250000015
0.429941011390000016
0.430016153959999980
0.429933682097000003
0.430066302850000026
0.430007689799000004
0.429869913905000012
0.429833708563000017
0.429963235720000003
0.430086188202000008
0.430085040628999993
0.430124304565999982
0.429851726506000009
0.430165767500000018
0.430085132717999974
0.430005528349000021
0.430000454553999989
0.430075245092999991
0.430084583844999979
0.429965307502000016
0.430225970407000002
0.429968269818000015
0.429993844103999989
0.429874297404999994
0.429609513537999976
0.429796587939999974
0.429992897599999979
0.429789454896999989
0.429985282452999995
0.429989008627999991
0.429899569445000018
0.429879850278999998
0.429955443328000009
0.429895910255999991
0.430033962772999989
0.429929567339999985
0.429978368674000022
0.430114382432000009
0.430185095849999977
0.430114282183000018
0.429937886420000026
0.429956415920000001
0.430091374201999999
0.430086962267999973
0.429969936594000013
0.429970504269000020
0.429924403163999991
0.429950830885000024
0.430042324598999992
0.430010298944999980
0.429902848193999987
0.429726793197000023
0.429952116845000010
0.429865014022000003
0.429814768705000017
0.430029116159000024
0.429999873899000018
0.429985206540999976
0.429811658628000026
0.429877793116999973
0.429859319251999994
0.429934770121999987
0.429865521842999976
0.429918448607000014
0.429812812099999997
0.430041573728999982
0.429970227031000019
0.429874567172000011
0.430081880563000007
0.429942346074999981
0.429774965785000018
0.430022641104999992
0.429906518507000013
0.429846700977999985
0.429834674671999983
0.429846104008999974
0.429995036383999996
0.430045316012000023
0.430071763431999987
0.429976487645000016
0.430059915131000003
0.429936447474000005
0.429967097957999977
0.429795547127000022
0.429957518568000019
0.429834304418000024
0.429923545585999989
0.429976368634000017
0.429958828382999980
0.429987305117000007
0.430028131608999997
0.429968473492000014
0.429921449718000004
0.429895328972000001
0.429839316660000026
0.429826630222000017
0.429898941716000016
0.429750664431999996
0.429808178026999999
0.429678980395000021
0.429834051469000000
0.429931098163000014
0.429917024766000022
0.429900059772999998
0.429711363254000001
0.429660434171000027
0.429953075911999993
0.429898428512999975
0.429939682016000024
0.429939908104000013
0.429991369615999985
0.430227149337000014
0.429946585265999992
0.429847976651999975
0.430077265212999993
0.430107473058000012
0.429886640262999997
0.429723698912999996
0.429666241414000005
0.429774542410999993
0.429893869614000002
0.429999903543999973
0.430090021789000021
0.430000377900999986
0.430096659195000008
0.430024857691000018
0.429956061695000002
0.429913990710000027
0.429979563301000012
0.429959964581999976
0.429915937985999974
0.429793117946999981
0.429796069145000015
0.429928358477999983
0.429961453483000022
0.429923360882000005
0.429946361449000003
0.429990965800999991
0.429866443052999980
0.429776344583999992
0.429723399206999979
0.429979625362000017
0.429991891407000004
0.430130779869999980
0.430191034420999985
0.430038170248000007
0.430230027452999986
0.430076350951999975
0.430068159848000009
0.429773906985999987
0.429727667511999978
0.429764627494000018
0.430046789732000001
0.430139605781000023
0.430181530166000026
0.429979891123000002
0.430025972729000006
0.429932788923000020
0.429942763501000025
0.430138859722999978
0.430179731835000023
0.430051126650999982
0.430027607375000009
0.429875116609000019
0.429825920726999988
0.429849965818000002
0.429818004851000024
0.429897116626999976
0.429766331230000020
0.429926141895000002
0.429993596063000028
0.429893433928000002
0.429938472444000019
0.429941834011999979
0.429834928830000018
0.429904102519000020
0.429765763031999981
0.429589851498999975
0.429989728868000021
0.430067429685999980
0.429985912214000010
0.429902036656999997
0.430060942398000023
0.430027797513000021
0.429874241872000018
0.429995519488000022
0.429800382257999991
0.429767892413999986
0.429666037644999999
0.429826978867999976
0.429946769838000009
0.429881230551000026
0.429778080660000006
0.429816093359999984
0.429886532337000027
0.429871006577000003
0.429995593434000012
0.429915318672999980
0.430003776434999985
0.430071797470999995
0.430121787603000016
0.429905364740999996
0.429848727701000022
0.429790520730999992
0.429798707619000020
0.429783277507000017
0.429571470575999981
0.429875580242999988
0.429812304109999987
0.429873967633000009
0.429801089600999997
0.429948470285999973
0.429988492308999992
0.429849314046999997
0.429796922347999988
0.429770883380000024
0.429887775901000024
0.429907913410000009
0.429897852400000002
0.429891986660999981
0.429929438996000002
0.429971461150999990
0.429916998200000011
0.429997087348999996
0.429790158272000011
0.429599222996999985
0.429647851084999977
0.429922172044999995
0.429769881329999992
0.429612002720999975
0.429710895052999975
0.429778382859999974
0.429883324422000002
0.430050075624999972
0.429840509867000009
0.429766931688999987
0.429901785754000010
0.429936547472999975
0.430078165329000006
0.429931307117000006
0.429898903775000008
0.429885330098999985
0.429858021864999995
0.429841355265999980
0.430098856887000003
0.429982583678000019
0.429922818190000000
0.429826408842999996
0.429902692264000019
0.429775045535999989
0.429957721382000002
0.429891562316000009
0.429886029941000003
0.429961641552000007
0.429854387489000012
0.429884161470000026
0.430101331455999991
0.430134330118000008
0.430014059527000003
0.429911881210000013
0.429891662276000008
0.429974246793999981
0.430080701522999986
0.430039592990999975
0.430114015908000025
0.430134714611999980
0.430066754782000016
0.430106987105000005
0.430031559991000012
0.429656261845999976
0.429968209933000001
0.430062394309999985
0.429932280135000011
0.429932238282999979
0.429926418696999990
0.429953846510000015
0.429988679391999973
0.429824773230000012
0.430140902782999990
0.429961454324000014
0.429956047283999998
0.430120179739999997
0.429972073411000022
0.429867056365999978
0.429898083561000011
0.430025470287999978
0.429909375782000003
0.429822822592999976
0.429727466228000010
0.429731963165999986
0.429730341246000014
0.429762753793999974
0.429890786630000021
0.429947246186999976
0.429940938654000016
0.429856618834999982
0.429862952528999975
0.430048862748000027
0.429800577497999992
0.429683006556000002
0.429839807987999978
0.429886078068999977
0.429940364111000006
0.430017100741000025
0.429963624094000019
0.430003267045000026
0.429851338703999997
0.429877961600000025
0.429903428846000024
0.430113667832999980
0.429915727949000015
0.429998394228000014
0.429867431048999993
0.429861386190000028
0.430007452352999975
0.430021762711999989
0.429857207854000001
0.429784653136000006
0.429704436425000003
0.429855187846000020
0.429749249502999975
0.429907326051000016
0.430052398662999991
0.429882524375999997
0.429827794767000004
0.430039866629000012
0.430033613564999972
0.430075015038999975
0.429828914298000020
0.429892211964000015
0.429935354313000007
0.429722579945000016
0.429949362866999973
0.429885708114999987
0.429925598068000014
0.429836422737999990
0.429902669698000006
0.429862997241000022
0.430113509447999975
0.430091147798999984
0.430094115863999982
0.429714958059000007
0.429840615277999993
0.429581087571999976
0.429758301953999999
0.429793228457999998
0.429847025049000020
0.430006501222000015
0.429757030581000010
0.429646734535999997
0.429883165717000026
0.429734362704000006
0.429967846225999983
0.429747332008000027
0.429780027537999987
0.429895150848000007
0.429835964219999977
0.429941260679999993
0.429974440999999985
0.429949367467000021
0.429923539911999997
0.429761569010999989
0.429837595171999987
0.430005191911000006
0.429770146442000012
0.429847716481000008
0.429794144878999973
0.429832505663999997
0.429919243876000001
0.430144182036000022
0.430107104530999984
0.430098907867999980
0.430097196013999983
0.430092178230000011
0.429938143378999993
0.430031564839999991
0.429923563369000006
0.429651210140000017
0.429763270806000020
0.429692997370999974
0.429784630346999985
0.429934896818999990
0.429752583493999973
0.429794345525000010
0.429922472185000015
0.429639786256000022
0.429871359304999978
0.429787439963000006
0.429766326543999988
0.429962522693999982
0.429849325702000018
0.429779899171999991
0.429689254608000004
0.429740049552000014
0.429838040714000003
0.430013636972000013
0.430007613667999999
0.429995006580999983
0.430048934195999988
0.429901185646999973
0.430026832708999995
0.430242620680000021
0.430103991808999997
0.429986936553999999
0.429915233487999981
0.429817573800999997
0.429868174923000002
0.429849451627999979
0.430013295733999990
0.429789874798000016
0.429731394672000000
0.429857854398000006
0.429911997755999975
0.429796643626000008
0.429940296379999976
0.429994468666999974
0.430072618713000010
0.429886234410999990
0.429880215386999998
0.429957803776999992
0.429874196398000008
0.429830877160999991
0.429855173558000014
0.429909702331000010
0.430018226670999981
0.429883558305000024
0.429961044269999981
0.429969383955999984
0.429997652392999974
0.430046766488999976
0.429824438711999990
0.429725865998999979
0.429684753625000027
0.429860374017999980
0.429752895944000013
0.429883587233999998
0.430048548831999999
0.430063590820000008
0.430129130680000027
0.430222516283000012
0.429954337745000026
0.429827433137000003
0.429958687542000006
0.429933514600000011
0.429629825984999991
0.429976251081000016
0.429742532131999977
0.429847785402000027
0.430019597071000015
0.429939857674000003
0.430167864384000009
0.430191803970000008
0.430097912086000012
0.429992179307000011
0.429997682275000015
0.430037557972999973
0.430066214684000026
0.430088056669000018
0.429957371058000026
0.429801328711999997
0.429707328772000019
0.430008660809999999
0.430067921332000003
0.429912749428999985
0.429886140532000027
0.429829390852999982
0.429874507068999989
0.429900089415999997
0.429681182112999993
0.429938510328999990
0.429955146115000020
0.429857645088999984
0.429952349371000020
0.429903404027999980
0.430086356477999976
0.430112709900000001
0.430058615473999983
0.430012091914000028
0.430055096588999985
0.429871289287000025
0.429860715727000020
0.429938843580999985
0.429862303923999989
0.429865450057999976
0.429797406403000015
0.429983965045000027
0.429984352888000021
0.430139188298000019
0.429990879847999996
0.430094760683999988
0.430162338380000009
0.429813173233999979
0.430052181074000006
0.429985302505999978
0.429959141795999977
0.429962669349999993
0.430008716760000020
0.429999231134999993
0.429921329076999981
0.430055322760000025
0.430043989339000010
0.429778693511999987
0.429909133406000010
0.429853634247999994
0.429996028370999983
0.429766383400000007
0.429913345659000024
0.429832961263000024
0.429740578360000014
0.429984014902000000
0.429937773076999985
0.429979228316999973
0.429935497823999979
0.429873755412999992
0.430026741130000001
0.430062952318999991
0.430054818788999982
0.429925711451000003
0.430130263939000002
0.429876411336999997
0.429836683350000026
0.429916343250999977
0.429955910993999990
0.429872269678000019
0.429925735891000027
0.430079850097999983
0.430088352943999996
0.429762591239999991
0.429813746981999978
0.429771585836000003
0.429710615828000020
0.429742090241000019
0.429571938955000010
0.429843861587999976
0.429904095057999980
0.430101736720000016
0.429980543453000019
0.430054935653999992
0.430099030391999981
0.430093175581000020
0.429985771346000023
0.429857607355000004
0.430060956727999988
0.429799178506000024
0.429766595738000023
0.429979119904000007
0.429832169092999983
0.429969313811999987
0.430000166357999980
0.429950859016999976
0.430047586433999984
0.430008783319999977
0.430057535188999973
0.429970677621999975
0.429800565799999978
0.429744062210999977
0.429916626312000005
0.430055651478999990
0.430005579063000021
0.430047805527999982
0.429931820622000027
0.429827019242000008
0.429982939060000013
0.429924370635999975
0.429989562458999997
0.429899318688999998
0.429827097795000002
0.429732258388999977
0.429822411520000003
0.429838647585999989
0.429925789672000014
0.429893684828999978
0.429874859898000006
0.429799166668999977
0.429884306973000008
0.429987726153999994
0.429803861459000014
0.429619994532000005
0.429769556125000007
0.429915888244999989
0.429687858603999995
0.429855613304999995
0.430111894238000003
0.429904341252999977
0.429975553783999986
0.430015717904000006
0.429970606076999995
0.429906563354000015
0.429912222382999976
0.429813012222000024
0.429912070460999995
0.429850554336000001
0.429866817976999993
0.429913425108999991
0.429952620991999990
0.429925716893999998
0.430030999896000021
0.430029703536000008
0.429823780150000001
0.430116281252999999
0.430003614004999979
0.429829899306999996
0.429997659096000018
0.429894198098000002
0.429812452394999989
0.429749748488000016
0.429875635448999982
0.429936173079999984
0.429964459821999989
0.429744734196999989
0.429897010937999979
0.430139384776000000
0.430123502576000016
0.430149344135000000
0.430048125738999976
0.429964407684999994
0.430073348573000003
0.429795255812999988
0.429953897139000007
0.429637162577999998
0.429882733505999981
0.430002127682000024
0.429961935371000026
0.429924035084999989
0.429903883865999981
0.429863690066000004
0.430164564337999988
0.430081199595999997
0.429954158821000021
0.429885619659999996
0.429993004078000007
0.429889589806000005
0.430067474998000021
0.429983735922999988
0.429952176108999995
0.430080828550999994
0.430018500828000028
0.430022898609999982
0.429851033388000014
0.429950883554999996
0.429998075533999990
0.429915311297000002
0.429944266590999991
0.429944825166000022
0.430136470827999995
0.429970791051999979
0.430080497256999983
0.429814051678000020
0.429901255200999977
0.429962925855000011
0.429911395714000000
0.430008715064999991
0.430148383422999991
0.429983283285000017
0.429923266217999978
0.430158906890000026
0.429984464652000020
0.429979180971000019
0.430011230635000019
0.429856822101000013
0.429776960877000014
0.429913668568000007
0.429864097087999997
0.429850788475000023
0.429865977791999976
0.429927256355999987
0.430008505132999985
0.429929150618000022
0.429905255475000025
0.429762481229000015
0.429807804768000012
0.429904126298000011
0.429673278519000001
0.429815739467000024
0.429920819210000027
0.429869572315999982
0.429893484385000024
0.430005534648000010
0.429971220664999987
0.429957460372000000
0.430102774655000020
0.429870958314999996
0.429850354672999979
0.429923505682999973
0.429849818054999999
0.429854921386999989
0.429759234361999976
0.429917579474000000
0.430148730829000014
0.430114827448999981
0.429808162416000006
0.429814744884999989
0.429612309786000013
0.429767062367999997
0.429860663759000006
0.429823458444999973
0.430033020890999984
0.429985663671999974
0.430071610416999983
0.429962043966999996
0.429873648577999978
0.429798432175000023
0.429852955194999997
0.429846905582000005
0.429933089970000015
0.429939081000999979
0.430124308065000016
0.429886619816999993
0.429853846862000011
0.429719670968000012
0.429900227771999988
0.430003813266999990
0.429909422044000011
0.429677798098999975
0.429741610107999994
0.429983597714999999
0.430109659151000023
0.430148661543000022
0.429957963679999999
0.429845950327999993
0.429796549610000023
0.429792536896999977
0.429796540238000013
0.430001344296000010
0.429955933073999985
0.429988460898000024
0.429864906574000005
0.430067310445000017
0.429886911026999996
0.429907790470999973
0.429991239990999974
0.430130645146000024
0.430116751407999987
0.430037216685000001
0.429987804560000020
0.430151019477999996
0.430118692971000027
0.430160623613000004
0.430117767109000015
0.430100748598000016
0.429970286940000002
0.429938919626000005
0.429896014381000002
0.429872201655000008
0.429998169325999990
0.429989949129999993
0.430031772315000005
0.430131425156000002
0.429972608247999988
0.429908997856999986
0.429798143505000008
0.429926884429999989
0.429883109978000000
0.429870935688000000
0.429815582902999982
0.429841435710999975
0.429906532276999986
0.429713781173000020
0.429840162884999988
0.429907238714999973
0.429954848670999978
0.429896307691000013
0.429695700327999974
0.429843996881000001
0.429917064065999999
0.429922996419999981
0.429821355833999996
0.429916674225000017
0.430127387473000000
0.429867026651999995
0.429757586678000014
0.429911856669000003
0.429832936649999997
0.429848262265999981
0.429584011082999984
0.429626442512999973
0.429821351161999987
0.429913619399000024
0.429988965333000017
0.429909017846999975
0.429941173853000014
0.429892458876000028
0.429960071135000010
0.430035415882999983
0.429835088380000008
0.429701812118000015
0.429858839842999996
0.429793216766999997
0.429738251668999982
0.429847552603000005
0.429963455253000004
0.429740349357999984
0.429758028791000002
0.430015766711999980
0.430063843263999990
0.429852013048000026
0.429830211627000025
0.429847337923000006
0.429791898773000003
0.429988715337999983
0.429868744967999983
0.429755695290000017
0.429941106951000018
0.429966623742000009
0.429947281665000014
0.429816528714999979
0.429752280696000022
0.429712895097999981
0.429664368091000004
0.429712134661999978
0.429711933732000007
0.430154306072000003
0.429875687959999975
0.429942919631999987
0.429902319304000025
0.430167280802999985
0.430174708294000008
0.430101706984999999
0.429997237801000021
0.430014345332000003
0.430033024433999989
0.429934721329999991
0.429865465216999976
0.429918187441999999
0.429665007109000019
0.429923136591999988
0.429983310356999993
0.429868546083000014
0.429870777859000019
0.429944942484000003
0.429934874134000000
0.429810965607999973
0.429775166937000019
0.430005153367000015
0.430055621431000012
0.429849077066000007
0.429867052465999988
0.429868003606000026
0.430012971849999981
0.429954246636999993
0.430087885343000020
0.430259228208999978
0.430143371765000004
0.429998125233999995
0.430048556528000003
0.430083851342999979
0.430009276315000022
0.429973966041000022
0.429767941922999996
0.429759639186999998
0.429838525365999979
0.429793780632000022
0.429788200427999978
0.429560871480999973
0.429649021449000024
0.429584871885999975
0.429729207308000016
0.429784498100000023
0.429815953345000001
0.429817939854999997
0.429682485561000027
0.429869765520999980
0.429974819409000009
0.430033575868999984
0.429958912402999993
0.430118551723000009
0.429949842083000022
0.430095972483000022
0.430060429055000026
0.430059255412000019
0.430121755893000002
0.430047810204000014
0.430012609804000023
0.429956745969000020
0.429959449991999976
0.430005590257000025
0.429861065214000027
0.429987985660000016
0.430057513496999999
0.429833753626999993
0.429835096686999985
0.429964999266999992
0.429968916327000017
0.430048882442999991
0.429934576364000010
0.429945923790000017
0.429970899655999994
0.429815156733000026
0.429971359220999994
0.429943688331999974
0.430027599137999983
0.429801635475999977
0.429914977955999977
0.429811930720000013
0.429923032556000007
0.429890194878000009
0.429867157712000014
0.429748110259000005
0.429606137270000021
0.429672608226000008
0.429606057175999978
0.429600966370999982
0.429786432926999973
0.429886653534000018
0.429827414174000000
0.429818719961999995
0.429708028721999979
