0.444553594745999980
0.444750165731000013
0.444585002098000004
0.444810484399000006
0.444736579881999994
0.444761161193000021
0.444646147459999974
0.444742765666999995
0.444698693536000000
0.444616459741000003
0.444700327896999981
0.444784781271000018
0.444691218541000022
0.444725996589000028
0.444747844567000006
0.444539049271000020
0.444657484428000016
0.444668190093000015
0.444750294895000009
0.444504064874000016
0.444696558033000011
0.444687152028999999
0.444588825550000011
0.444710231178000015
0.444627079548999993
0.444689666771000025
0.444590013680000007
0.444620473946999994
0.444548809878999973
0.444605029273999974
0.444348808789999994
0.444294735298000010
0.444577239565000004
0.444495976941000015
0.444750365651999990
0.444897861654000026
0.444692560050999997
0.444515341727000024
0.444595474067999985
0.444415933681000019
0.444343413279000010
0.444440620022999999
0.444644233461999994
0.444398547347000017
0.444473353748000011
0.444605327464000000
0.444705896965999992
0.444745756843999973
0.444611963345000027
0.444703754151999975
0.444537100347000003
0.444551462386999996
0.444457826403000023
0.444547350753000003
0.444680879571999976
0.444555889420000017
0.444737405985999978
0.444532576293000026
0.444485734952999978
0.444297773278000019
0.444368964026000013
0.444523300135000021
0.444519833440000012
0.444531008813000006
0.444636785674000001
0.444573577765000005
0.444665555724000017
0.444655197923000012
0.444647662223999984
0.444593861322000017
0.444666761256000020
0.444791690306000020
0.444755175700000005
0.444822962189000026
0.444870647532000008
0.444740308389000027
0.444704418433999993
0.444736545190999977
0.444605410317999994
0.444723314985999985
0.444647440926999982
0.444308040254999981
0.444478090019000016
0.444664647136000013
0.444750287345999973
0.444656471363999994
0.444520967724000016
0.444492017625999991
0.444746924649000008
0.444668119344000023
0.444575442401999976
0.444689045886999978
0.444857827257000016
0.444691992237999989
0.444955937957999981
0.444657060865999987
0.444742682704000025
0.444779020089999977
0.444542450094999986
0.444485735212999999
0.444759613592000003
0.444839172895000023
0.444836570963000000
0.444707259236000019
0.444442886990999986
0.444545501658999975
0.444689209784999984
0.444591057693999980
0.444522392237000019
0.444442336100999980
0.444619592963999999
0.444696700875000017
0.444631387137000011
0.444814389975999980
0.444779205966999991
0.444716185591999991
0.444629886600000024
0.444499751862000025
0.444372083254000017
0.444509596529999995
0.444674760978999994
0.444511671790000007
0.444768542157999991
0.444561885750999974
0.444546068685999995
0.444591956419999990
0.444453579508999996
0.444446363622999996
0.444228786681000021
0.444516966497000010
0.444489487974999986
0.444567909654000004
0.444498820957999974
0.444361829227999994
0.444601955396999982
0.444364066384000000
0.444383107566000024
0.444250673200999979
0.444529727298999977
0.444642830014000012
0.444602100748999973
0.444697064107999973
0.444623727357000009
0.444693692674999974
0.444752495877999976
0.444586068148999980
0.444686098513999983
0.444670255000999992
0.444600466540999995
0.444538537903999997
0.444536810582000008
0.444423423817000007
0.444671956448000005
0.444582194922999996
0.444675780755000027
0.444565097379999996
0.444666029676999974
0.444637219926000027
0.444497816418000014
0.444419725993000003
0.444261999136000008
0.444272816444000018
0.444250051202999985
0.444377799831000009
0.444374290720999987
0.444379483903000028
0.444527886819000018
0.444604081669000006
0.444575096386000013
0.444473080306000023
0.444505345338999991
0.444579424077000018
0.444592566329999994
0.444849233038999980
0.444608843560000022
0.444727083259000011
0.444582074200000010
0.444680004924000005
0.444659618929000022
0.444630062745999977
0.444631461594000021
0.444609744681000008
0.444511865537000006
0.444643267998000025
0.444502842358000028
0.444557459845999980
0.444517241901999982
0.444756039107999990
0.444593370659000009
0.444638467719999986
0.444478588120000018
0.444609110864000012
0.444510492295999982
0.444449980088999996
0.444511914130999997
0.444518505028999977
0.444557575342000022
0.444623473105000000
0.444547098678999997
0.444630890103999976
0.444722347414999997
0.444598664538999988
0.444474685210999976
0.444450386957000010
0.444351872398000003
0.444446116669000024
0.444460516440000009
0.444649192668999993
0.444585109842000004
0.444658095462000025
0.444583837862000009
0.444334715739000019
0.444490148784000005
0.444538834920999992
0.444582513638999977
0.444442473866999976
0.444471829716000022
0.444410984012000021
0.444410594305000017
0.444388074987000004
0.444485683440000001
0.444422248384000018
0.444313879251999999
0.444484001896999992
0.444405502269999975
0.444686463400999987
0.444680352246999977
0.444844591919999977
0.444642663734000021
0.444682454436999997
0.444782496438999975
0.444519552749000013
0.444425516211999994
0.444510638357999976
0.444516531837000017
0.444657748726000002
0.444622396137999976
0.444603533014000019
0.444441279038999992
0.444333636771999996
0.444410903906000021
0.444609043042999974
0.444462292857999985
0.444312502097999995
0.444333244437000008
0.444457780472999997
0.444326279235000010
0.444658778212000005
0.444634100290999978
0.444522973722999981
0.444485136795000013
0.444698298814000026
0.444678891826000011
0.444933493685000014
0.444968409283000021
0.445006016341000010
0.444785073244999996
0.444582324731000011
0.444565728627999979
0.444687250759999986
0.444932893338000013
0.444739474304999993
0.444588982108000019
0.444755356298000004
0.444545276819000024
0.444390536403000025
0.444354948518999981
0.444259734422000008
0.444503409628999979
0.444370499447000022
0.444467972576000014
0.444561140859999981
0.444431182250999979
0.444458208789999976
0.444490876094999987
0.444556998651999991
0.444542771838000006
0.444638094197999989
0.444706937005000025
0.444765183131999975
0.444609257653000023
0.444693252889000024
0.444759758803999983
0.444623767153999983
0.444499083515999982
0.444262213203000023
0.444371733127999990
0.444331371332999991
0.444425907354000005
0.444538295066000011
0.444611599724999973
0.444717722014000005
0.444760386241999983
0.444665031232000019
0.444614915715999981
0.444788838066999981
0.444727617735000025
0.444588550379000025
0.444714403377000023
0.444762191719000000
0.444705085792999999
0.444501886841999982
0.444560241430999981
0.444419161396000018
0.444254195126000007
0.444647358406000004
0.444561123865999996
0.444529463851999984
0.444590981120000006
0.444817846497999991
0.444681893025999975
0.444613899671999990
0.444632758422999985
0.444522168757000014
0.444478584589000025
0.444568821047000018
0.444613175457999998
0.444473100068999982
0.444392953920000000
0.444529831453999991
0.444521946958999992
0.444445662131999986
0.444613522358000002
0.444610234915000013
0.444662494061999980
0.444573530840999986
0.444632703587000022
0.444617781862999994
0.444694934613000026
0.444696787792000003
0.444591313305000013
0.444577667931000009
0.444558652720999981
0.444394718089999974
0.444473706623000009
0.444501160883999991
0.444691660993000004
0.444749084211999990
0.444786416183000022
0.444716149216999979
0.444718169042999989
0.444710714569000021
0.444576058401999985
0.444605968425999976
0.444909468969999999
0.444733680344999993
0.444676715414000001
0.444660739051999987
0.444566121427000027
0.444503515826000006
0.444439375666000003
0.444611554617000027
0.444441041292000016
0.444593181585999975
0.444501023493000025
0.444681367943000005
0.444718536906999973
0.444490367246999973
0.444524551210000007
0.444496894204999993
0.444381338876000009
0.444504208785999999
0.444422946691000020
0.444384314903999988
0.444327544246999995
0.444385808863999976
0.444419586131000022
0.444486365288000007
0.444385216894000012
0.444504720987000002
0.444551324861000019
0.444670424903999995
0.444880278625999992
0.444739622908999988
0.444702489144999991
0.444425508957999982
0.444473040255999985
0.444607215459999983
0.444566919572999986
0.444656949997999984
0.444618277654000027
0.444419413772999983
0.444348521084000025
0.444238806031000022
0.444210284161999980
0.444238685088999996
0.444350036908999990
0.444420210892999989
0.444368441037999995
0.444497431815000010
0.444506283319999973
0.444648311931000018
0.444627279312000023
0.444650999965000016
0.444643802217000006
0.444659257787999973
0.444484301811000015
0.444465757211000012
0.444446219111999996
0.444515411247999981
0.444492661384999987
0.444567574558000000
0.444713204630000025
0.444651702726000020
0.444364302812000012
0.444452489245000026
0.444482075799000009
0.444393447966999977
0.444181385820999974
0.444251669775000024
0.444329983483999991
0.444505731244000002
0.444303385376000004
0.444494199877999985
0.444463617142999978
0.444686204066000013
0.444505543012000015
0.444311812294000019
0.444361719107000008
0.444555807334000019
0.444713471232000002
0.444604242282999995
0.444459425851999990
0.444515141143999981
0.444514226705000015
0.444279360166000004
0.444439805128000021
0.444375102071999983
0.444551356341000015
0.444704729904000007
0.444689679000000004
0.444652583001000024
0.444513394705000009
0.444428267165000002
0.444825611914999974
0.444571966521999984
0.444466574444999984
0.444419182911000021
0.444574170208999975
0.444637775030000015
0.444803347449999997
0.444658694131999987
0.444887832089000013
0.444566433087999979
0.444757817793999977
0.444841809377999997
0.444776671949000002
0.444841630210000005
0.444829682052000019
0.444525267025999982
0.444549575766000016
0.444555567473999991
0.444360494544999984
0.444665096673000027
0.444574748522999996
0.444418507013000008
0.444459450365999986
0.444702626709999993
0.444519900367000009
0.444553904788999976
0.444614547764000001
0.444635521340999984
0.444641068300999975
0.444597351284999998
0.444471601609000011
0.444204546935000000
0.444493052492999974
0.444496206579000019
0.444479446963999991
0.444364335556000023
0.444412173673000011
0.444706437843000013
0.444986023476000025
0.444745034124000016
0.444583529934000021
0.444651571435000004
0.444657789221999999
0.444578475236000026
0.444661075560999985
0.444510781844000002
0.444483973385999986
0.444567864767999976
0.444686721929999973
0.444657064729999996
0.444722772280000012
0.444411521345999982
0.444464358311000007
0.444482028681999985
0.444252588820000016
0.444450710206000021
0.444520035197999985
0.444526879937999997
0.444399954099999994
0.444523351653999976
0.444592094381000003
0.444344995542999999
0.444556053441999999
0.444340665183000028
0.444602013962999976
0.444441762658000006
0.444489025455000020
0.444379626768000024
0.444385385455000004
0.444456805725000015
0.444317734801000008
0.444533035151999989
0.444582845958000017
0.444667340369999997
0.444603116266000020
0.444504656868999981
0.444634787344000026
0.444481232692999995
0.444407599325999991
0.444644299510000007
0.444662392319000010
0.444718963021999980
0.444548730122000024
0.444668849683000023
0.444638961481000017
0.444818141911999976
0.444677636125999975
0.444676809434999987
0.444635425508999982
0.444629544529999976
0.444636976289000008
0.444619420212999994
0.444636340726000001
0.444713509782000027
0.444584847328000021
0.444537320198000019
0.444619327409000009
0.444670090444000021
0.444544523181999995
0.444619322973999975
0.444541698368000004
0.444778147831000004
0.444816396042999995
0.444579416200999999
0.444480430408999982
0.444453482469999994
0.444462774645999981
0.444523458327999998
0.444436690244000010
0.444537456867000025
0.444605596275000015
0.444867628140000027
0.444646217605000005
0.444451750837999982
0.444531006432999976
0.444405649675000014
0.444481342226999976
0.444471687614000022
0.444424769300000022
0.444556444705999976
0.444746579678999998
0.444634954149000006
0.444552738858000007
0.444647542512999983
0.444587697248999991
0.444621467777999990
0.444344098046000002
0.444633657866000009
0.444408331366999976
0.444549536969000014
0.444328943876000027
0.444487712152000003
0.444422468169999973
0.444498049261000006
0.444610505835000003
0.444455570833000024
0.444517424687999985
0.444473979937999975
0.444501855564999993
0.444598863020999990
0.444664183027000004
0.444723438276000027
0.444886367883999989
0.444804469357999999
0.444571262711999982
0.444463051870000014
0.444432119460999975
0.444384081869000025
0.444705916847999982
0.444651859046000020
0.444721821063000011
0.444778276332000011
0.444637721634999983
0.444600963959000006
0.444669669602999973
0.444421421084999990
0.444610399599999984
0.444610320328000019
0.444633769419000013
0.444845072058999980
0.444729102968000001
0.444822342353999978
0.444901916221000004
0.444673137408000019
0.444756280687999994
0.444665578148000007
0.444567371993000005
0.444633148945000001
0.444425860007999995
0.444440707862000017
0.444556037615999988
0.444509168216999984
0.444546445954999980
0.444688228164999977
0.444616056345000010
0.444750632664000001
0.444799154507000027
0.444786471868000022
0.444794134604000024
0.444614241274999988
0.444620546175000020
0.444762302215000016
0.444530588246999980
0.444613909064999979
0.444522914923000001
0.444565190364999974
0.444536516725999975
0.444573888507000026
0.444497329104000027
0.444712813947999996
0.444510233139000011
0.444624495193000013
0.444683286502000008
0.444461801385000022
0.444705921251000003
0.444725540448999979
0.444525276844000006
0.444685797883999978
0.444753001734999986
0.444825833075000010
0.444859450957000024
0.444873824555999997
0.444842891434000021
0.444746610481999982
0.444430177546999983
0.444593229731000017
0.444499815109999974
0.444302952076000013
0.444396740557999992
0.444552260791999998
0.444682016000000013
0.444570894567999975
0.444355064853000026
0.444547794873000002
0.444591916104000007
0.444429495999000002
0.444592590565999979
0.444669458053000011
0.444790285880000025
0.444646321996999994
0.444566064338000000
0.444547338050999996
0.444324906289000010
0.444403400743999977
0.444415387090000003
0.444500332667999987
0.444455296910999997
0.444616725621000020
0.444620926242000003
0.444541292375000008
0.444523435402999989
0.444481984481000014
0.444656191234000020
0.444651820772999973
0.444721589620000024
0.444652172768000009
0.444602663032000023
0.444564375299999981
0.444482644255999981
0.444436604590999984
0.444362227587999981
0.444477931601000020
0.444526064303999990
0.444463064741999980
0.444496361168999987
0.444407505092999977
0.444717576393000025
0.444467895585999972
0.444438415975999979
0.444601530101000009
0.444698463794000021
0.444600561908000014
0.444540526767000010
0.444508881713999993
0.444314637123999989
0.444579117914999988
0.444605909106999986
0.444567885940000018
0.444614162693000026
0.444452943446000004
0.444469010335000025
0.444484875554000014
0.444682501068999980
0.444457119670999989
0.444502023018999992
0.444572134235000027
0.444710550736000021
0.444568596179000020
0.444602960915999990
0.444843806401000019
0.444935006796999988
0.444780826991000022
0.444693659384999995
0.444285766390000003
0.444486326376999974
0.444507893574999979
0.444442282364999997
0.444503600971000001
0.444728706601999979
0.444624162445000026
0.444626296407000021
0.444500187890999987
0.444558427127999978
0.444454095732000010
0.444594955525999980
0.444630409723999975
0.444654314393999994
0.444672014667999993
0.444757545754999983
0.444548069509999977
0.444551407597000015
0.444427277841999979
0.444310486654000025
0.444160908086000006
0.444434480962999978
0.444462542018000006
0.444585899632000014
0.444476010814999989
0.444502494751999988
0.444552466977999994
0.444592814888999988
0.444449353519999979
0.444388985938000025
0.444400977377999995
0.444402645722999978
0.444289333487999982
0.444527834918999998
0.444561558799999978
0.444650315806999985
0.444840881339000016
0.444802480436999992
0.444555616418000010
0.444320066532000013
0.444406235300999986
0.444496653164999977
0.444422280524999991
0.444463318371999982
0.444618662800000009
0.444600139984999976
0.444771941662999992
0.444854766324000006
0.444598577514999982
0.444508645511000000
0.444592948874000027
0.444451017160000017
0.444371400357000013
0.444484245898000008
0.444553107595999974
0.444590459918999981
0.444654333665000012
0.444699858022000016
0.444585605133999973
0.444708623434000028
0.444607185725999998
0.444537620751000007
0.444734708641999987
0.444854984652000018
0.444719105805999992
0.444817234012000018
0.444805010278000013
0.444809395341999980
0.444559323615999979
0.444561119537000005
0.444587908415999988
0.444593615940000020
0.444499506218999973
0.444759105736000027
0.444748256196000002
0.444774620775999996
0.444681906432000007
0.444586508458000018
0.444713016050999999
0.444590895922000018
0.444673315091999977
0.444446541671999984
0.444505609487999997
0.444449108220000000
0.444405821350999986
0.444353463027000017
0.444304701327000007
0.444471551683000010
0.444516181000999988
0.444566846884000000
0.444535175938999993
0.444622450170000016
0.444681980307000013
0.444485906393999985
0.444454295436000013
0.444376335833000013
0.444569357559000011
0.444708587145000001
0.444678739958999980
0.444670239184999982
0.444615373393000002
0.444643211573999997
0.444489099955000022
0.444654315359000019
0.444709021985999986
0.444835512217999995
0.444741495652999974
0.444697816116999989
0.444273335775999978
0.444428225311999991
0.444381357104000008
0.444476634721000019
0.444461839475000009
0.444377126344000006
0.444507546796000019
0.444543346979999976
0.444529508204999979
0.444519341243000021
0.444756573544000000
0.444666707679999995
0.444568666130000012
0.444537535604000000
0.444566552261999981
0.444591768750000005
0.444557780347999976
0.444583878511999986
0.444448745353999974
0.444296818337000021
0.444395027650999974
0.444446211962000015
0.444670022823999977
0.444812263669999985
0.444756171628000019
0.444642563744000019
0.444490573772000019
0.444658643083999994
0.444582354422000003
0.444719665564000000
0.444699885234999981
0.444746223047999989
0.444584486047000016
0.444671711578000006
0.444574064744000019
0.444533997810000026
0.444412966854999980
0.444558243708000012
0.444722731919000025
0.444606361472000000
0.444698361840999978
0.444697478676000013
0.444619616988000010
0.444566378112000005
0.444541406483000001
0.444526324294999997
0.444460939539000011
0.444461298948999994
0.444587489270000025
0.444787887617999977
0.444888401190000005
0.444838944284999982
0.444824757086000000
0.444683286570000003
0.444511927887999980
0.444642232475999988
0.444479417621000017
0.444532171832000000
0.444510246584999991
0.444598018852000010
0.444783016837000000
0.444529486500999993
0.444478920077999995
0.444429658454999987
0.444530290210000012
0.444524745665999976
0.444603839218000008
0.444653046622000003
0.444514783482000020
0.444731952877999992
0.444432956418000014
0.444566381454999993
0.444522794333999993
0.444714591504999979
0.444568332269999977
0.444552402931999990
0.444624995786000010
0.444730775558999980
0.444651671064999976
0.444698333800000012
0.444768906683000009
0.444672530908000019
0.444622429242999995
0.444605115004999996
0.444681647008000003
0.444552472769000007
0.444572401481000024
0.444585963819999985
0.444529238260999993
0.444545563212000006
0.444580810642000002
0.444635169261999974
0.444557894218999994
0.444662764275000011
0.444452573795000028
0.444675042738000015
0.444619887815000003
0.444549054210999994
0.444595366677999981
0.444680300172999976
0.444579105244000017
0.444692883734000011
0.444599275287999973
0.444527042470000022
0.444721579117999977
0.444833092026000021
0.444611838044000007
0.444682431895000008
0.444537378360000013
0.444805065376000008
0.444787186243000010
0.444598199365999980
0.444639769575000010
0.444665892979999977
0.444714524996999983
0.444603600405000021
0.444560409980000015
0.444395245687000007
0.444708382249999978
0.444633073518999999
0.444632307702000018
0.444534130761000013
0.444598945076999985
0.444634490823999973
0.444706518158999975
0.444694584783000002
0.444659874389999987
0.444727769913000004
0.444815373618999976
0.444813231876000026
0.444803967598999983
0.444769911500000004
0.444704697335000010
0.444622728869999984
0.444645691885000027
0.444535238353999995
0.444793755673999980
0.444689516615000002
0.444701762378999998
0.444609203622999993
0.444599423281999973
0.444614716819999978
0.444726769093999996
0.444783123575999972
0.444585618116000003
0.444567571518000026
0.444643705044000026
0.444599663849000015
0.444574952001999979
0.444550206547000004
0.444429817725999987
0.444540363034000019
0.444665708810000004
0.444794392260999982
0.444891232124000002
0.444676886883000000
0.444420027423000019
0.444523841405000009
0.444607533707000013
0.444550409239000022
0.444483381165000024
0.444633844577999982
0.444865074071000011
0.444580828180999976
0.444457469346999978
0.444508084884000010
0.444700204087999984
0.444660633372999992
0.444514893179000004
0.444629771647999994
0.444446104437000000
0.444490550135999973
0.444560060092999976
0.444514216419999997
0.444658264159000005
0.444526893011000013
0.444547665257999991
0.444634678678999973
0.444661697889000007
0.444750558153999997
0.444722104386999995
0.444760572351000028
0.444608760642999978
0.444699067429999984
0.444759612793000025
0.444573976071999999
0.444735246447999999
0.444793754576000011
0.444813717273999987
0.444603808435000025
0.444634671455999997
0.444474306842000011
0.444491310159999986
0.444430556782999975
0.444465098893000010
0.444706587945000009
0.444627572919999992
0.444534896868000018
0.444537681666999973
0.444421782599000004
0.444625317487000016
0.444555473553000013
0.444306459494999972
0.444337481631999986
0.444290398428000000
0.444412559252000017
0.444514181496000027
0.444479221066999997
0.444611332823000027
0.444608736369000002
0.444490509864999994
0.444602430092000012
0.444477879091999983
0.444584263706999994
0.444732493883999991
0.444750200802999984
0.444675799895999979
0.444633998069000003
0.444774670900000002
0.444739214895999990
0.444593405747999992
0.444626090763000026
0.444474105657000018
0.444392269973000020
0.444448229292000008
0.444437377103999998
0.444593392234999996
0.444544427003999987
0.444692821261000015
0.444700904239999972
0.444561204471999982
0.444499473691000013
0.444639493275999997
0.444663600812000015
0.444436625656999984
0.444509896788000014
0.444425873980999975
0.444352338038000005
0.444413963853000027
0.444540107204999979
0.444650092584999990
0.444716948871999973
0.444536741389999990
0.444511695862999989
0.444608724657999999
0.444619899403000007
0.444717314282999987
0.444532338340999977
0.444611727981999993
0.444719242510999979
0.444638480421999993
0.444540864649000000
0.444712038051000014
0.444504026800999985
0.444746724531999982
0.444714793200000014
0.444657846497999998
0.444639623644000004
0.444892145269999983
0.444635560864000023
0.444827148958000018
0.444776958050999982
0.444737034751000015
0.444657510598000016
0.444739857444000020
0.444587199656000021
0.444490381100999976
0.444690156810000015
0.444871322750000020
0.444865601938999988
0.444900584401999977
0.444766445502000007
0.444630929027999999
0.444779445298000009
0.444587052598999999
0.444622039919999990
0.444400015026999995
0.444595356521000018
0.444591522364999991
0.444640214272000012
0.444636686499999989
0.444640343431999985
0.444512020319000001
0.444611461109999995
0.444503615317999978
0.444728534447000001
0.444660882653000022
0.444620671463999972
0.444491555245999981
0.444372746451999978
0.444391600516000018
0.444580235563000026
0.444578369074999979
0.444801666155999975
0.444608817845000004
0.444668798041999991
0.444664631628000018
0.444586356460999976
0.444783752470999993
0.444766720349000000
0.444607914291999973
0.444668879399999994
0.444890232609000014
0.444554492866000017
0.444381881563000014
0.444508655751999993
0.444509306903999979
0.444642520717999978
0.444510518457999992
0.444342922212999980
0.444339709741000011
0.444438668646999990
0.444677840280000014
0.444609546299000014
0.444558762464999979
0.444609481272000007
0.444665808584999989
0.444544913272999997
0.444461941440999986
0.444656281317000024
0.444586271977000014
0.444596699977999998
0.444545773167999980
0.444550649706999979
0.444574490107000009
0.444425151735000024
0.444560376844999994
0.444678643734000012
0.444549779398999978
0.444768842024000022
0.444629486329999990
0.444665229075999979
0.444459677534999986
0.444626412889999989
0.444570442796999976
0.444570612927999986
0.444302107519999989
0.444366358572000020
0.444388312316000011
0.444606197084999988
0.444598285759999989
0.444570176604999978
0.444620375326999995
0.444576554218000020
0.444253540514999989
0.444405695032000003
0.444456353249000014
0.444620013870999975
0.444576009528000027
0.444636241150000000
0.444855832519999994
0.445014663147000000
0.444852482067000010
0.444835758746999987
0.444786886463000020
0.444467580884999991
0.444671599297000009
0.444608263113999980
0.444514472878000000
0.444543532319999990
0.444568033134000007
0.444614730856000007
0.444461331321999997
0.444593015219999999
0.444556505288000003
0.444663064348000014
0.444416964317999985
0.444608154508999986
0.444785256173000021
0.444598789087000013
0.444544247968000017
0.444661419004000025
0.444535885148000021
0.444617830744000020
0.444676300675000025
0.444524527640999978
0.444494197267999991
0.444505349208999978
0.444625117141000004
0.444490008687000004
0.444680288195999973
0.444496978426999978
0.444503925324000015
0.444577162327999986
0.444380058191999994
0.444512763869999994
0.444500975640000018
0.444484451409999981
0.444676984815999987
0.444576196771999999
0.444731036327999985
0.444425893111999981
0.444284405353999989
0.444587243249000008
0.444600495500000026
0.444651077795000016
0.444840714380000002
0.444656985787000025
0.444502604573999982
0.444573895145000009
0.444455611214000013
0.444633768059000012
0.444566561191999998
0.444784257462999988
0.444573434616000018
0.444524244702000026
0.444744961464999977
0.444885252437000001
0.444668345138000021
0.444584251834999999
0.444671960204000016
0.444645835398000011
0.444600826401999993
0.444435805723999988
0.444437489279000009
0.444507492145999994
0.444625093355000001
0.444610443804999977
0.444430821344000027
0.444497807480000007
0.444619954880999979
0.444772836512000003
0.444704606413000025
0.444639104956000009
0.444439295913000021
0.444590962899999997
0.444573313886000021
0.444571005020999999
0.444753588495999996
0.444720974521000012
0.444691045303999999
0.444768667196999978
0.444422902348000026
0.444701004349000006
0.444590640202000009
0.444546741281000024
0.444406026504999996
0.444616257251000013
0.444588483202999984
0.444849077932000014
0.444640187798999997
0.444629503734000009
0.444719627928999994
0.444866646566999979
0.444766397877999986
0.444670707032999990
0.444734808995999986
0.444675290527000000
0.444876042458999976
0.444817125844000016
0.444893952506999979
0.444765916084000013
0.444747406534000023
0.444705359340999973
0.444491860959999985
0.444564688669999986
0.444706714642999990
0.444734478529999977
0.444726484069000005
0.444572026565000000
0.444824998096999991
0.444880865060000019
0.444853438039999993
0.444701105308000000
0.444473648187000026
0.444435934769000007
0.444620986476000013
0.444671876730000026
0.444719899257999984
0.444863787529000021
0.444865928974000013
0.444710253512999976
0.444548863967999974
0.444699352461000008
0.444534837352000001
0.444816451386999989
0.444549262504999987
0.444424051516999985
0.444443620549999974
0.444515812020000012
0.444563579857999991
0.444816233564000019
0.444746607432000007
0.444656178359999987
0.444887473021000013
0.444629789084000027
0.444583136396999978
0.444511619829999982
0.444605419210999997
0.444532092122999989
0.444744550552999995
0.444829446005000018
0.444633047682999993
0.444440140581000009
0.444439390872999995
0.444440988561999983
0.444447534505000019
0.444360464271000011
0.444466921563999973
0.444686531654000017
0.444775009687999989
0.444618693851999980
0.444772763635000012
0.444564178342000016
0.444239048665000025
0.444295633779999977
0.444268083621000009
0.444399886598000005
0.444525734080999990
0.444437182629000005
0.444410059884999986
0.444531394681000003
0.444663980239000001
0.444681993300000022
0.444592395929000017
0.444583819634000010
0.444638622729999988
0.444620979788000026
0.444484905225000004
0.444675166562000013
0.444861076046000004
0.444845939976000027
0.444664555424999997
0.444532876066999982
0.444607729035999988
0.444759962100000017
0.444795024390999993
0.444679658039000003
0.444778646173000003
0.444893403334999993
0.444686523921999977
0.444642850210999974
0.444912359764999987
0.444532537758999979
0.444660356935000001
0.444545126840000027
0.444636563588000022
0.444334969088000020
0.444394127071000011
0.444574479375999976
0.444660931521000002
0.444596884816000015
0.444576056905000017
0.444504326926000004
0.444788637488999994
0.444761698468000011
0.444639097792999982
0.444720787055999989
0.444738058215000009
0.444595531179000025
0.444594728421999985
0.444375433385000018
0.444431319282000026
0.444582863958999985
0.444662256443000004
0.444446381085999986
0.444324106250999995
0.444312534772000001
0.444306922734999998
0.444423438968000017
0.444541931710000005
0.444587892892000014
0.444722214998999998
0.444870754280999980
0.444801281586000019
0.444557181532000023
0.444341536052999975
0.444593356105999982
0.444703580772000007
0.444745281114000024
0.444694293357999981
0.444568586810999977
0.444452567944999988
0.444483132757999999
0.444467832003999974
0.444415554079999997
0.444562975781000014
0.444729478316000015
0.444557029627999978
0.444478703761000016
0.444493690750000003
0.444498624406999998
0.444584032352000003
0.444736375477999990
0.444699592068000027
0.444619727405999976
0.444413282851000013
0.444575970455000025
0.444516030065999990
0.444711586290999994
0.444746299249999977
0.444620934510000010
0.444569892555999990
0.444474196074000016
0.444546349993000023
0.444556726743999986
0.444611448003999987
0.444523731059999982
0.444600422476999990
0.444534632785999972
0.444639452591000017
0.444583472641999988
0.444554257008999976
0.444525340568000027
0.444467830017999999
0.444468266336999984
0.444373288771000019
0.444684670527999981
0.444691595835000009
0.444797294973000024
0.444889207391000019
0.444597112359000013
0.444509264580999985
0.444745715092000005
0.444662004863999982
0.444717957760000004
0.444536001904000000
0.444519683103999974
0.444504923072999991
0.444695689602999988
0.444606071316999973
0.444663485030000027
0.444602194803999984
0.444543756954999980
0.444653868702999999
0.444572785412000016
0.444481061545000000
0.444620348903000007
0.444637336955000018
0.444484459950000022
0.444533797115999996
0.444501277314000021
0.444516498463000009
0.444446046849999998
0.444372779868000001
0.444365587800999995
0.444311604186000020
0.444191529959999998
0.444396045873000023
0.444651482877999993
0.444489210932999979
0.444370881551000019
0.444440016685999972
0.444356724390000013
0.444223828194000026
0.444362360123000011
0.444365816663000013
0.444507080579999991
0.444447493473999977
0.444389803676999984
0.444362114347999992
0.444572647029999990
0.444728094788999995
0.444538998376000027
0.444699015611000004
0.444559171312000012
0.444824317758999999
0.444876742845999984
0.445011930928999988
0.444870010325999987
0.444871159904000002
0.444883335443000016
0.444483291040999984
0.444652445783999983
0.444870075478000004
0.444876431941000017
0.444839577824000021
0.444716247702000023
0.444666958113999977
0.444607848638000014
0.444782387793999978
0.444831835002000020
0.444884896450000011
0.444705629742999986
0.444832791165000019
0.444687416062999996
0.444646901096000025
0.444415033871000009
0.444595340143999984
0.444586526368999979
0.444734537237000016
0.444733129063999977
0.444719033450000023
0.444575676154999988
0.444586081455000004
0.444598886119999981
0.444622197388999996
0.444577637282000004
0.444644001060000016
0.444663746244999991
0.444579625264000022
0.444751250160999978
0.444882796344000020
0.444397983275000019
0.444499795503999984
0.444731275699999984
0.444578130239999980
0.444834542200000016
0.444774828866000005
0.444661395352999977
0.444620199433999996
0.444720203997000019
0.444529008677000015
0.444742730666000008
0.444788183291999983
0.444605008879000008
0.444700494258000012
0.444719104324000025
0.444534441075000009
0.444749055060000009
0.444706208548000026
0.444604197940000001
0.444574997560000018
0.444623934384999975
0.444586163914000021
0.444799619357999998
0.444582074381999981
0.444493971671999999
0.444530175497000024
0.444473710700000024
0.444525001129000008
0.444585701785000009
0.444473699847000026
0.444473027264000009
0.444517396229999973
0.444507492228999990
0.444264871572000009
0.444149886825000006
0.444407409701000011
0.444549252823999985
0.444461903167000016
0.444259919130000014
0.444354710639999984
0.444270402241999984
0.444387760018999989
0.444463829631000007
0.444612599118999974
0.444479144471000009
0.444578081188000018
0.444440520358000024
0.444568906375999995
0.444557348470000002
0.444534810845999995
0.444443296458999992
0.444485731652999982
0.444550140967999996
0.444662503272999998
0.444633503599000002
0.444881414013999998
0.444673352725000026
0.444615646500999995
0.444609566825000024
0.444342007568999997
0.444572977955000004
0.444697368104999990
0.445020033483999988
0.444860382860999992
0.444629256089999980
0.444685199546999976
0.444755245099999974
0.444717624515999999
0.444613600107999996
0.444237104729000021
0.444429320730999999
0.444504563016999976
0.444434550077000001
0.444561082079000025
0.444567340934999999
0.444616539400000010
0.444718448378999986
0.444793274906000013
0.444381301811999974
0.444403154754999974
0.444592666144999982
0.444383564919999974
0.444580443963000005
0.444504014313000018
0.444504029291000025
0.444589361716999976
0.444306294827000015
0.444322080454999990
0.444521577664000023
0.444597984617999986
0.444626885515000014
0.444575655750999998
0.444628626528999982
0.444494628853999985
0.444656768205999975
0.444566493865000023
0.444529653417000015
0.444423767236000022
0.444373929454000005
0.444352463952999988
0.444468145009999982
0.444270494519000025
0.444307780576999989
0.444590011489999992
0.444745563180000025
0.444889776776000001
0.444796878825000019
0.444608643944000015
0.444731380750000016
0.444620264019999989
0.444597376882000017
0.444535338687000015
0.444581984375999995
0.444580726121000025
0.444587765011000002
0.444692999212999984
0.444533264729999988
0.444616200051999977
0.444639287632999980
0.444500119442000019
0.444546933247999987
0.444584608767999989
0.444606235602000022
0.444762195686000006
0.444748046098999983
0.444673573646999998
0.444717214899000013
0.444628854537999996
0.444504788885999980
0.444498230386999982
0.444320979384999981
0.444421993367999979
0.444409345313000026
0.444406461982999990
0.444500883607000019
0.444373922910999974
0.444546785187000026
0.444583636519000014
0.444496130506000009
0.444480635324000006
0.444545652610999986
0.444550040397000024
0.444499833688000001
0.444492497180999979
0.444641999314000003
0.444532243945000016
0.444361695509000010
0.444321101531000018
0.444603457658000023
0.444500168239999993
0.444560656802000020
0.444582264446999997
0.444732255603000004
0.444649607893000010
0.444550143354000005
0.444613437236999975
0.444442115708000018
0.444464715276000011
0.444431238625000002
0.444446045128999989
0.444377237510000023
0.444458013877999991
0.444300685781000015
0.444325081183999993
0.444375087238999988
0.444321070749999991
0.444267651215000003
0.444441684654000024
0.444529468440999997
0.444589228923999991
0.444338234818999978
0.444412135633000027
0.444359154363999975
0.444568461334000020
0.444438564546000003
0.444469566112999981
0.444549547855999982
0.444468051132999975
0.444550606020999994
0.444523941350000007
0.444641599991999981
0.444757564027999985
0.444783267867999987
0.444659999412999996
0.444706369554999981
0.444751189607999975
0.444735705207999987
0.444765370290999995
0.444744073806000006
0.444510562735000003
0.444547498860000001
0.444732771703999996
0.444657708521999984
0.444519951598999985
0.444571423663999987
0.444583604597000026
0.444813358528000025
0.444846900195000006
0.444513131712999998
0.444658276803999997
0.444591648948999996
0.444784477461000027
0.444883208149000009
0.444798228947999974
0.444570742342999981
0.444634437122000015
0.444459893581000021
0.444535683665000014
0.444511122011999993
0.444659165580999993
0.444666338280999995
0.444619594429000009
0.444676999991999999
0.444801392899999981
0.444696178888999982
0.444959506948000016
0.445058706947999982
0.444723297422000008
0.444598198620999974
0.444674210018000005
0.444486709240999978
0.444323999026000005
0.444329841052999996
0.444331459679000007
0.444702743274999979
0.444526960207999977
0.444346625516999993
0.444484775168000001
0.444696017645999975
0.444836973688000015
0.444758604190999995
0.444428912976999990
0.444479499966999980
0.444599352183000007
0.444814597854000016
0.444824858227999997
0.444920182757999993
0.445001222879999991
0.444780528269999975
0.444637789451000021
0.444605965346999976
0.444656096000000001
0.444538632847000015
0.444600257925000020
0.444456729559999986
0.444562954334999982
0.444707088894999991
0.444632280049999995
0.444495355759000010
0.444383686386000010
0.444328954105000007
0.444430255454000001
0.444280007628000018
0.444279389759999976
0.444236803181999984
0.444244644570999991
0.444499099336000014
0.444564429091000024
0.444621384201000003
0.444541072993999975
0.444637311593999995
0.444546987579999997
0.444583030022999981
0.444622180912999987
0.444341979188999980
0.444431769638000018
0.444592277154000015
0.444403560214000015
0.444371594425999994
0.444442677366999994
0.444377933536000025
0.444461928301999987
0.444523485469999979
0.444576930523000013
0.444411608761999977
0.444379987648000019
0.444584550957000002
0.444509110945000008
0.444577474648000015
0.444858009705999979
0.444927946961000020
0.444733984733999999
0.444650757525999973
0.444771944671999986
0.444714045915000022
0.444616711837000023
0.444735450832999979
0.444453184750999986
0.444482695037999975
0.444414707713999990
0.444529177178999979
0.444493157470000011
0.444396710297000008
0.444493494636999997
0.444521647844999979
0.444792029141000023
0.444771923981000017
0.444771994040999985
0.444589943214000027
0.444526102601999984
0.444663533692000013
0.444553321634000020
0.444572552268999999
0.444581506183999997
0.444663642788000024
0.444580737017999994
0.444693682761000020
0.444839654694999975
0.444996128835999982
0.444757969244000018
0.444640377979000023
0.444815224560999978
0.444586321354000003
0.444500120702000012
0.444812845366000020
0.444868316373999984
0.444773408317000019
0.444679870822999979
0.444555498506999991
0.444477800726999994
0.444550979665999990
0.444509225025999988
0.444365005483000008
0.444662269993000014
0.444727573006999999
0.444686290563999997
0.444612887963000025
0.444667554701999979
0.444651680747000011
0.444682950982999980
0.444758133516000020
0.444572272084000020
0.444466155754000003
0.444651984745000006
0.444528467762000001
0.444537555568999987
0.444312586078000005
0.444512338871000001
0.444553436415000003
0.444694140982999975
0.444606540095999980
0.444570146163999980
0.444618045997000000
0.444399865436000019
0.444522324881000019
0.444587441505999992
0.444674276275999980
0.444689158345999980
0.444643069253000012
0.444695504058000013
0.444625860485000024
0.444692006103000026
0.444620646316000012
0.444517722313999997
0.444657370822999998
0.444551634593999989
0.444620879134999980
0.444559485074999983
0.444424673488999999
0.444491970996000019
0.444480811889999994
0.444322285116000026
0.444423602882999980
0.444508161983000027
0.444876990811000017
0.444596514665999976
0.444548721490999998
0.444526933322999973
0.444587890629000004
0.444455374372000001
0.444343147822999995
0.444454451234999992
0.444423610036999983
0.444587399424999974
0.444712348729999984
0.444794026614000026
0.444727473804000017
0.444510341197999981
0.444316951141999983
0.444554172392000013
0.444498771560000006
0.444498279996999979
0.444550768616000014
0.444638508634999985
0.444769757544999977
0.444703640918000020
0.444714783687000015
0.444642662457000015
0.444499541627000005
0.444557273831000022
0.444469488440000005
0.444687225437999989
0.444548135439999992
0.444498588525000016
0.444521967698000009
0.444466893550999997
0.444620420680000017
0.444778206861000003
0.444707236299999975
0.444407998500999990
0.444511632646000021
0.444532859052999996
0.444522911326000025
0.444817937679999997
0.444698893408999985
0.444936502085000019
0.444812811141000020
0.444598100561000020
0.444582159738000027
0.444514548028000001
0.444408458467999978
0.444473972217000024
0.444582092102000004
0.444415222429999979
0.444545636414000023
0.444407960591000017
0.444530101323000026
0.444379128495999975
0.444555876889999979
0.444400088428999973
0.444434184278000022
0.444680208761999984
0.444605237945999987
0.444669334804000005
0.444587598079000001
0.444441552615000013
0.444415743909000016
0.444529776744999994
0.444638546651000000
0.444566464817000018
0.444673849936999988
0.444651815529000016
0.444545940874999990
0.444570317760999978
0.444679156091999983
0.444761225192000009
0.444412463704999983
0.444515169242000019
0.444580114121999992
0.444704468369999995
0.444600048733999997
0.444455951219000001
0.444540474434000021
0.444474556249000008
0.444551586584000014
0.444549679738000025
0.444544758094000014
0.444463774847000004
0.444444325907000004
0.444734596839000018
0.444658043329999975
0.444545598860999980
0.444753103759000012
0.444585425821000024
0.444640129002000006
0.444385845115999989
0.444442146378999980
0.444832327743000022
0.444503081447000015
0.444514842073999994
0.444668625852000010
0.444575529744999975
0.444498035243000023
0.444577672179999994
0.444646491212000006
0.444694228894000010
0.444613692655000003
0.444461180040999992
0.444411370512000026
0.444414464577000012
0.444330064934000013
0.444251466872000011
0.444587513712000004
0.444572008324000012
0.444423271402999975
0.444519651429000018
0.444462718044000005
0.444441521695999986
0.444649179547000006
0.444647871420000007
0.444635744913999986
0.444688393751999977
0.444582819218000025
0.444755580500000025
0.444544180038999981
0.444688819963000026
0.444568962078999985
0.444628407173999984
0.444638326265999972
0.444647683287999973
0.444609976821000008
0.444672424389999987
0.444663755843999975
0.444575315282999983
0.444643877658999986
0.444501486320000028
0.444460471565999993
0.444499942526999980
0.444539716375000005
0.444389227413000021
0.444506462426999982
0.444526955665000001
0.444648396082000019
0.444707904079000016
0.444660188613999974
0.444826768260000005
0.444617339170000014
0.444635265674000024
0.444492203362999994
0.444626899143999998
0.444680245916000028
0.444433948487999997
0.444541507379999978
0.444549377374000021
0.444686239398999983
0.444688362280000027
0.444532732129000019
0.444474670655999993
0.444794330600999988
0.444717168712999988
0.444649751041999997
0.444536422526999986
0.444447707942999981
0.444725814493000027
0.444861699562000001
0.444742197695999986
0.444696799089000006
0.444591578707000001
0.444590631838000017
0.444449048432000005
0.444619494183000008
0.444576657995000013
0.444436234423000009
0.444313609619000016
0.444425254657999980
0.444409618165999998
0.444493571447000024
0.444412630066000014
0.444449142475000003
0.444361660551999993
0.444474806695999980
0.444618599268000014
0.444625987228999986
0.444676772107000018
0.444386964679999996
0.444715712165999977
0.444790765377000019
0.444601394719999987
0.444541279718000004
0.444527172164999984
0.444598423334000015
0.444416684908999993
0.444285585598000021
0.444524100285000001
0.444607144447999980
0.444561884457999990
0.444591726297000001
0.444469227971000025
0.444634667471000000
0.444326914655999994
0.444549839095999988
0.444695151984999981
0.444506944344000010
0.444690744074999977
0.444607527808000003
0.444542099422999992
0.444630835913999989
0.444583720898000023
0.444728360965999991
0.444580908930000018
0.444461151167000024
