0.430550949158000018
0.430787748131000015
0.430733211941000005
0.430638412896000022
0.430568754421000011
0.430611504234000020
0.430700684117999999
0.430629838433000012
0.430592597314999992
0.430665655594999974
0.430542636097999976
0.430485809315000023
0.430516220125000015
0.430379242311999977
0.430614214679999996
0.430591081882000015
0.430783000610000022
0.430526810470000021
0.430478745506999994
0.430584017353000004
0.430661782466000009
0.430687234149999987
0.430872525526000028
0.430764348131000008
0.430657460391000002
0.430854558971999979
0.430641944584000014
0.430600133526000017
0.430546621756000003
0.430654705256000025
0.430686371758000008
0.430772638692999976
0.430771963395999991
0.430737691440999992
0.430632449816999996
0.430689056921999991
0.430602279249000020
0.430634557982000010
0.430473823194000016
0.430547847902999992
0.430674343018999983
0.430727958532000021
0.430634866810999994
0.430651670403000009
0.430506606020000016
0.430745688093999990
0.430713287065999983
0.430877661620000019
0.430581617992999988
0.430508449148000016
0.430629440335999980
0.430584765859000018
0.430640262514999983
0.430649187809000022
0.430694615486000021
0.430622631044999982
0.430554643369999990
0.430680817213999978
0.430689896525999982
0.430787641396000009
0.430893928880999977
0.430859181777000000
0.430909043368000011
0.430583740320000019
0.430483507687000000
0.430515958668999998
0.430325513559999984
0.430432822932000025
0.430500654478999989
0.430732974321999973
0.430678318622000011
0.430693107051999979
0.430786153632999991
0.430681988053000009
0.430869331572000025
0.430933845621000011
0.430807578650000023
0.430917046269999993
0.430751303299000021
0.430741461273000004
0.430624451103999994
0.430562241045000016
0.430688668127000018
0.430684379231000003
0.430711429337000018
0.430607386282000015
0.430605079271000002
0.430576406349000018
0.430560406178999988
0.430747758756999999
0.430661730819999977
0.430556889416999988
0.430714260758000012
0.430654895390000014
0.430528025779999990
0.430579650684999982
0.430594051149000012
0.430357042844999982
0.430659321491000002
0.430707139103999992
0.430692334994999981
0.430664690301999997
0.430671191672000020
0.430599820974000014
0.430565535727999993
0.430492035606000023
0.430201938958999996
0.430345315895000025
0.430506017671999974
0.430667680052999990
0.430683328548000011
0.430595411071000023
0.430824194627000001
0.430928136622000024
0.430631241654999997
0.430680569419999992
0.430831306096999989
0.430683105276999989
0.430690771124999983
0.430557097366999986
0.430774291874000015
0.430656911053000024
0.430513174343999994
0.430505064810000004
0.430475769291000010
0.430608277952000018
0.430475849417000012
0.430544524626999991
0.430769006095000018
0.430537253695000011
0.430784672315999984
0.430809188289999978
0.430837223918999979
0.431080793756000002
0.430969835944999990
0.430866653162000013
0.430710629053999983
0.430651590304000020
0.430660686416000027
0.430728217086999987
0.430702163522000026
0.430666239117000027
0.430801796750000021
0.430635294522999978
0.430621717549000027
0.430742627247999998
0.430595598214000008
0.430738409247000020
0.430496285425999992
0.430523161002999977
0.430688639988999977
0.430490707159999986
0.430586592358000009
0.430671512460999995
0.430619773854000021
0.430553036875000017
0.430674865685999997
0.430661102292999975
0.430668848448999997
0.430478610807000006
0.430641101819999983
0.430634477680999994
0.430450490336000025
0.430571936134000022
0.430790358930000006
0.430710885408000010
0.430618165413999998
0.430526213656000023
0.430847486925000023
0.430734859199000009
0.430630496540000018
0.430654583280000003
0.430677559641000018
0.430812743356000005
0.430713094610999991
0.430743496516000024
0.430851803767999975
0.430918173819999972
0.430785170205999990
0.430798502206000022
0.430826410873999976
0.430814227092000013
0.430721768504000013
0.430911112034000010
0.430916041274999995
0.430782403736000019
0.430634946191000012
0.430693827194000012
0.430678955844999989
0.430597993923000022
0.430483041100000019
0.430780723074000005
0.430671677044999979
0.430506898741999988
0.430475293267000014
0.430739477260999981
0.430700135942999995
0.430686319310999988
0.430620477035000004
0.430726185584999977
0.430710700517000000
0.430769683174999973
0.430831256243000005
0.430764994138999990
0.430700254408000027
0.430581044643999988
0.430580943408000016
0.430555372855999985
0.430691695794000018
0.430755684849999987
0.430849969127000021
0.430741447241999975
0.430547182021000008
0.430771099809000024
0.430682921920000017
0.430602849417999978
0.430597488513999982
0.430568391852999999
0.430533211861000020
0.430561745358000014
0.430763270782999974
0.430764830757000006
0.430831024851000000
0.430973918732000028
0.430854886233000001
0.430736141133000017
0.430605532294999982
0.430564094562999988
0.430617699683999988
0.430569370291999987
0.430675045237000009
0.430621399063000010
0.430732190946000015
0.430803337532999986
0.430874708759000025
0.430679160519999993
0.430647847372999992
0.430649441631999974
0.430601963282999989
0.430547009679999981
0.430637964209000024
0.430406787283000025
0.430695871198999991
0.430653266420000014
0.430771813840000017
0.430939377321999995
0.430899785064999985
0.430659824297000005
0.430462826015000022
0.430507972568999975
0.430717590500000025
0.430556952609999988
0.430736336378000018
0.430573889739000015
0.430663034408000023
0.430667928520000021
0.430734813213000001
0.430719071329999981
0.430794149986999997
0.430580187333000020
0.430540313876000003
0.430763662596999997
0.430753199240999973
0.430643657304000005
0.430764281789000003
0.430786697147999997
0.430527731693999993
0.430520448657999988
0.430487760453000023
0.430542958392000019
0.430605769129999982
0.430528308500000012
0.430527251903999986
0.430657251957999976
0.430624329134000006
0.430719671716999986
0.430671373972000004
0.430680468162000007
0.430527533811000007
0.430653081566999996
0.430573429324000001
0.430457592594999994
0.430593208318000020
0.430619371294000020
0.430475792801000012
0.430654525883999995
0.430401029288000003
0.430617283095000025
0.430665565184999988
0.430576751930000001
0.430501189908000015
0.430607802711999998
0.430420725541000027
0.430613455806000023
0.430802594202999989
0.430701169594000011
0.430461754668000018
0.430605567490000007
0.430706830709999988
0.430626535217000006
0.430444206338999991
0.430711619029000015
0.430849847737000025
0.430956013468999977
0.431005812160000001
0.430757486660000022
0.430622788676999990
0.430609876830000016
0.430521434056999996
0.430749130631999988
0.430769461377000007
0.431002649863000020
0.430925400959999982
0.430773091707999989
0.430787932747999980
0.430841327413000019
0.430940690583999975
0.430730136998999980
0.430731759739999998
0.430681426365000009
0.430598480348000023
0.430587621245999974
0.430596369437000026
0.430682559153000022
0.430690859636000012
0.430645250187000006
0.430522961079000011
0.430227288047000000
0.430290612234999981
0.430470589085999999
0.430667313752999992
0.430751119771999980
0.430555880065999985
0.430583375260000012
0.430639213876000015
0.430611684888000001
0.430659613398999996
0.430759429513000003
0.430569459210999983
0.430584448392999974
0.430501004736999981
0.430657518778000015
0.430697239928999998
0.430828769133000000
0.430751161707000008
0.430688385487999981
0.430690362484999978
0.430736210517000007
0.430787087414999992
0.430814859453999999
0.430624048621999989
0.430644157626000001
0.430669738663000012
0.430582051449000025
0.430379188816000013
0.430591433121999989
0.430618703943999981
0.430764701377999992
0.430916538154999973
0.430794433302000013
0.430567395949999987
0.430701955053999996
0.430754818380000015
0.430690040694000020
0.430707696327000011
0.430576571763000016
0.430539587833999982
0.430485639131000020
0.430556406740999986
0.430708593864999989
0.430583884176000020
0.430513596295000023
0.430506869050000018
0.430427093016000017
0.430542537803000003
0.430583510356999988
0.430573846279000028
0.430656744513000012
0.430610426112000011
0.430547896644999983
0.430480499076999978
0.430553547435999995
0.430665520513000000
0.430555577522999999
0.430659561412999992
0.430687788045000020
0.430572214392999975
0.430604845366000022
0.430583528265000015
0.430497318527000017
0.430434638707999973
0.430693933400000006
0.430665189005000004
0.430556854777000009
0.430668146364000026
0.430830581157999992
0.430714728799000024
0.430594376735000006
0.430571009951000006
0.430777220264999983
0.430695575725999980
0.430577821704999975
0.430619064338000013
0.430567234201000015
0.430492612067000013
0.430668359326999983
0.430565415235000026
0.430729319870000016
0.430617202811000022
0.430714383350000007
0.430586074855000001
0.430615474005999976
0.430766007793999983
0.430814267902999981
0.430672985617000015
0.430766619726000000
0.430778625109000002
0.430786118797000017
0.430860177236999986
0.430794227940999974
0.430878312596999991
0.430595013377000013
0.430660990510999986
0.430588119988000007
0.430595600560000014
0.430912677598000005
0.430920125112000008
0.430958728271999991
0.430804003504999977
0.430697171272000023
0.430564071413000016
0.430675772986000016
0.430598862453999975
0.430866528538999982
0.430714417138000016
0.430656145787999989
0.430622020514999981
0.430329047116000007
0.430599499361999982
0.430506692375000000
0.430666479573000027
0.430600662237999976
0.430635083759000004
0.430502314039000022
0.430615316698000017
0.430607512460999986
0.430701470545000020
0.430511672708999982
0.430550808459999990
0.430687028482000023
0.430667327149000023
0.430561232502000013
0.430633678354999994
0.430639823343999972
0.430633583968000000
0.430902036566000013
0.431023749085000019
0.431024930611999979
0.430643127103999990
0.430580573146000012
0.430643523778000026
0.430734464282999996
0.430588734412000018
0.430623889676000016
0.430586628212999978
0.430600183563000005
0.430751733771000012
0.430613230151000004
0.430692252456999991
0.430687795782000005
0.430542717342000003
0.430529066632000024
0.430415634607999975
0.430455552302000000
0.430577244425000005
0.430726320664999995
0.430506920701999973
0.430656253621000018
0.430649457650000012
0.430480393844999976
0.430349562746000003
0.430583016097000004
0.430536220086999988
0.430691049473999998
0.430758016686999978
0.430550661429000003
0.430635650446999974
0.430785070218999977
0.430801292481999998
0.430647396286999995
0.430540458073999988
0.430531414757000019
0.430549850843000015
0.430472821875000022
0.430733172127000019
0.430669284766000027
0.430636150218000002
0.430645495460000027
0.430607555897999983
0.430965101710000020
0.430762145388999984
0.430779330096999979
0.430652812825999987
0.430813304434999989
0.430772454545999994
0.430820333165000013
0.430803864844000017
0.430537372407000019
0.430366014738000013
0.430446741156999990
0.430413686216999991
0.430516210964000001
0.430460061903999991
0.430593045236000005
0.430657048529999975
0.430576579176000007
0.430603334230000023
0.430842635280999975
0.430894895978000014
0.430943545694000008
0.430806137250999976
0.430742333942000011
0.430670116145999982
0.430583642970000013
0.430592387716999980
0.430579433096999975
0.430521725404000022
0.430484747025000003
0.430551240353000020
0.430566288625000015
0.430625844034000005
0.430633676979000013
0.430575223210000024
0.430715216399999989
0.430742641915999980
0.430815729899000022
0.430819783939000001
0.430794909542000004
0.430673321479000004
0.430757906074999974
0.430545965809999986
0.430500143175999994
0.430539588279000018
0.430408845450000022
0.430259219896000022
0.430401779157999986
0.430548719535999991
0.430759423345999981
0.430544672329000011
0.430524710377000019
0.430767385883999987
0.430625341847000020
0.430654974658000012
0.430704994615999981
0.430542671624999984
0.430540926644000010
0.430455651263999983
0.430635295334000023
0.430533400901000007
0.430573831124999973
0.430537153256000005
0.430672947630000025
0.430676261542000005
0.430531567198999987
0.430671456424999988
0.430727108540999992
0.430737012473000003
0.430969726466999992
0.430944429806999985
0.430751153431999989
0.430648756658999987
0.430621399058000009
0.430839336013000007
0.430735174301000001
0.430812006510999990
0.430752949045000000
0.430635724115999985
0.430742961029000004
0.430834201059999977
0.430828482271000013
0.430799184019000025
0.430701422750000007
0.430735766557999999
0.430746158591000017
0.430708671632999973
0.430418168370000020
0.430525391147999981
0.430464567357000005
0.430488650493000002
0.430650329998000014
0.430562635922999981
0.430859737834000001
0.430769537641000011
0.430552189698999999
0.430769568418999993
0.430760339130000003
0.430817037946000014
0.430492137308999989
0.430698841127999998
0.430835241714999984
0.430755289302000022
0.430741772934999989
0.430566395014000014
0.430451991513000010
0.430375100743000005
0.430555969260999982
0.430526128524000018
0.430518293745999980
0.430556899039000018
0.430629768023999993
0.430812737203000007
0.430762710792999992
0.430710041935000010
0.430854095506999990
0.430733587390999983
0.430732051752000022
0.430499395240000027
0.430592018134999976
0.430660225805000019
0.430480941007000018
0.430432186528000027
0.430678853839000009
0.430512217774000006
0.430581091169999985
0.430651255911000008
0.430514113008000021
0.430567710714999996
0.430706000673000022
0.430754782707999995
0.430736913366999985
0.430759267343999996
0.430701955119000002
0.430735855800999989
0.430612568370000004
0.430652787598000020
0.430706546161000015
0.430615617803000006
0.430767622924000004
0.430650040203000017
0.430725518684999975
0.430614722652000015
0.430740587933999997
0.430812143978999973
0.430638316143000022
0.430626421453999986
0.430620810432000012
0.430636635907999998
0.430655833204000027
0.430568991356000019
0.430709915587999981
0.430659082786000014
0.430719077620000002
0.430500781920000020
0.430698207687000012
0.430698375061999983
0.430414928601999980
0.430252205521999997
0.430414376353999983
0.430609602925000001
0.430723316886999996
0.430612678244999991
0.430554381411999976
0.430617477161999995
0.430456670232999994
0.430726589290000017
0.430706927073000012
0.430750126155000024
0.430626624490999976
0.430392592056999979
0.430701599220000009
0.430782737081000011
0.430727297885000027
0.430627471651999993
0.430425722442000003
0.430593142912000015
0.430565238121999982
0.430731642962000005
0.430787424548000009
0.430647579057000018
0.430884704610000002
0.430819721631000019
0.430756452080999996
0.430605334522000005
0.430738496357000011
0.430886514306999979
0.430799689224000026
0.430686635786000027
0.430760436394000024
0.430747898374000016
0.430948614758000004
0.430764388152000022
0.430616306286000006
0.430461509675000020
0.430504271082999990
0.430661812832000002
0.430796418953000027
0.430654769644000013
0.430697403071999996
0.430731414114999989
0.430572153213999997
0.430614459687000017
0.430816000342000016
0.430726495741000026
0.430722332250999984
0.430543040521999987
0.430420435275999991
0.430538651925999993
0.430789071364000020
0.430849109125999996
0.430576179424999983
0.430547478491999980
0.430617129825000000
0.430855942095000000
0.430643048076999990
0.430680779592000018
0.430712947372999977
0.430692690656000021
0.430564222137000019
0.430682675028000006
0.430714430696999995
0.430721915520999976
0.430774106546000013
0.430718585514999974
0.430685390378999999
0.430625412338999980
0.430742212332999974
0.430658075413999974
0.430591201960000003
0.430353034028999992
0.430412904523000017
0.430783893578000010
0.430825340861999972
0.430731355721999998
0.430763462558000021
0.430840943598000015
0.431004178467000010
0.430790606558000000
0.430741314365999994
0.430587999368999996
0.430456832367999975
0.430557908925000010
0.430738964740999986
0.430681769361999978
0.430695256490000011
0.430522628763999993
0.430452033678999979
0.430616044671999987
0.430584644013000006
0.430622735101999998
0.430716773195000013
0.430841485251000023
0.430662062191000006
0.430595054222999984
0.430652087495000002
0.430543738183000013
0.430769707948999991
0.430538470288000019
0.430524295075000007
0.430765786829999997
0.430935632198000018
0.430689117966999990
0.430521955141999979
0.430421732414000002
0.430581886354999999
0.430440078522999980
0.430600459315999995
0.430512411307999998
0.430657408399999997
0.430569285523999978
0.430525451988000019
0.430820675130999975
0.430864902291999974
0.430708980924999985
0.430782470001000006
0.430694664818999984
0.430675880756999974
0.430568352937000021
0.430546859600999976
0.430574162614000000
0.430531664606000009
0.430453603184000000
0.430511928411999978
0.430510950163000006
0.430543547064999976
0.430699203663000019
0.430675659160000002
0.430357016204999998
0.430614801569000005
0.430676874494999973
0.430575113670999987
0.430406496495000013
0.430473658942999993
0.430585276686999974
0.430580053186000011
0.430647144663000025
0.430881768542999977
0.430904689105999994
0.430638023006999993
0.430690605208999988
0.430859083495999995
0.430769115327999996
0.431000204998000014
0.430743358098000018
0.430809583097999993
0.430738286329999998
0.430613049457999997
0.430552018746999998
0.430489278872000003
0.430448597235000008
0.430473505204000018
0.430587497812000009
0.430538909146000015
0.430714266346000019
0.430620011196000019
0.430697578096000011
0.430461632254000026
0.430577277797000002
0.430670156946000027
0.430538419409000006
0.430501420226999998
0.430510166066999989
0.430546111329000003
0.430784288495999979
0.430862828390000008
0.430777933710999983
0.430717167326000017
0.430591866739999996
0.430610556147000001
0.430580851278999976
0.430453933841999981
0.430327400149999983
0.430590188546000008
0.430756686797999999
0.430640660080000015
0.430626395787999994
0.430731802162999999
0.430736838005000011
0.430582157216000017
0.430568732713999980
0.430446493554999976
0.430636205340000022
0.430804887214000010
0.430736859058000021
0.430698245425999993
0.430893883044999981
0.430881820952000005
0.430669828352000017
0.430662839158999999
0.430866067301000022
0.430451840952999987
0.430536659332000027
0.430596879089999995
0.430748715012999994
0.430743814805000014
0.430797871624000017
0.430555945845000010
0.430528664065999989
0.430626346305999996
0.430739995305000012
0.430732261570999975
0.430593200108999985
0.430709324868999988
0.430486419241999985
0.430630243809000002
0.430508343698999985
0.430495666632000007
0.430577635043999984
0.430639784405999981
0.430621889139999992
0.430641219552999999
0.430945782685000001
0.430622312670999985
0.430698064975000017
0.430693739090000027
0.430797272374999984
0.430812040466000024
0.430911192807999999
0.430655646040999984
0.430544529387999975
0.430525983436000015
0.430687227291999986
0.430799787531999989
0.430685528953999974
0.430698794689999997
0.430727795877999975
0.430764160318000022
0.430804461021000007
0.430677167698000019
0.430595959535999995
0.430453235707000004
0.430613450926999985
0.430588577553999985
0.430618554857999991
0.430496524137999992
0.430664283177999985
0.430701686031999986
0.430888605139000014
0.430723155535999991
0.430652033052000005
0.430520202683999986
0.430505142509000016
0.430746549909000020
0.430417538529999977
0.430558502688999978
0.430756868396000026
0.430738995273000025
0.430740057946999988
0.430605792124000020
0.430346176573000005
0.430457653167000021
0.430572539300999979
0.430525533374999991
0.430448583521000017
0.430780020588000023
0.430659860108999981
0.430691499792999977
0.430668563755999989
0.430465957717000025
0.430512720826000006
0.430599026283999986
0.430673632776999993
0.430515446698000015
0.430520702693000024
0.430463060213000015
0.430711201503999996
0.430509270825999990
0.430583253529999987
0.430820261471999977
0.430798101343999984
0.430553643847999989
0.430502190472000001
0.430557039663999996
0.430593873500000002
0.430664146375000001
0.430602991636999999
0.430600134374999999
0.430734635904000018
0.430630776702000007
0.430696789124000001
0.430418309662999987
0.430454280512000020
0.430604963594000023
0.430800303336000001
0.430826688725999996
0.430800895437000009
0.430695590219999980
0.430525290818999984
0.430413344339000026
0.430650658876000014
0.430547507986999978
0.430545687550000000
0.430431275931000001
0.430452192442000003
0.430633912815999997
0.430545520007000027
0.430575223002999996
0.430635746962999999
0.430599973407999992
0.430529378397999984
0.430681033558000026
0.430568758622000003
0.430651007613000014
0.430798113257000015
0.430770012664000002
0.430601826015000022
0.430437264529999974
0.430581626448000021
0.430732809604000011
0.430691534451000002
0.430646786685999983
0.430654391595000019
0.430605401970000023
0.430535006183999980
0.430565639095999986
0.430603657417000019
0.430638942439000028
0.430613619590999974
0.430554354134999984
0.430705263805999994
0.430809104484999983
0.430705712710999999
0.430840662383999984
0.430730813345000019
0.430688707665999981
0.430845379084000002
0.430730121070000027
0.430685476652999999
0.430610012589999980
0.430555790875999989
0.430614419505000012
0.430614240516000002
0.430565776504999997
0.430493085311999979
0.430720279523000016
0.430724584148000023
0.430639986442000022
0.430753059797000015
0.430590852118000023
0.430871234423000016
0.430952135863000019
0.430691852415999998
0.430676800972000007
0.430716262972999975
0.430593269624999997
0.430599959796999998
0.430621055576000000
0.430719627818999973
0.430665084197999981
0.430694082011999990
0.430797339288999992
0.430928011965000024
0.430821018574000014
0.430706342961000022
0.430798820029999974
0.430830945899000006
0.430504516062000020
0.430638061449000020
0.430889583241999996
0.430631989524999981
0.430624757086000010
0.430810706993000003
0.430700272677999985
0.430666695815000000
0.430551721679999999
0.430624253617000019
0.430748359703999995
0.430713858948999995
0.430644613936999987
0.430549001501999984
0.430561211654999998
0.430505705163999997
0.430572430567999986
0.430444481385000022
0.430567428510999994
0.430650490619000015
0.430776270901999991
0.430816191522000014
0.430676078081999980
0.430737786505999976
0.430862673319000022
0.430674370802999973
0.430479455173000014
0.430805004993999985
0.430749358575999997
0.430692667113000027
0.430728284404000017
0.430680344423999995
0.430508164630000023
0.430658431928000018
0.430661707100999991
0.430729116465999984
0.430659243846000017
0.430576531970000009
0.430709912565000019
0.430532432691000000
0.430417704030000015
0.430459230397999992
0.430674666453999988
0.430600499169999984
0.430442887508000027
0.430499243899000017
0.430678349003999983
0.430765601193999981
0.430604477275999986
0.430588818498000014
0.430582733483000024
0.430705949277999989
0.430613997528999981
0.430579077319000025
0.430576989671999977
0.430375265451000022
0.430543389454000003
0.430648246735000018
0.430725573458000000
0.430671852465999982
0.430780875833999988
0.430700428623999987
0.430708563769000019
0.430733184642999978
0.430600685275000006
0.430624875936999996
0.430694343177999983
0.430650069472000019
0.430552887182999999
0.430847455386000000
0.430766304945000011
0.430871359361999995
0.430691404847000026
0.430660722313000011
0.430690271238000022
0.430471623605999998
0.430441371708000009
0.430462428138999986
0.430550570272999977
0.430588107629000016
0.430587154081000012
0.430415003836000010
0.430358985889000012
0.430597637500000019
0.430816305002000022
0.430602467084000018
0.430457472251999984
0.430697768500000022
0.430709004165000020
0.430865143632000014
0.430857178758000003
0.430854182565000021
0.430843958294000018
0.430673225780000002
0.430676831774000013
0.430596612692000003
0.430507210349000025
0.430489661330999973
0.430468605953999994
0.430533917604000005
0.430838763936999991
0.430792144049000014
0.430587778229999996
0.430508512389000009
0.430458523646999991
0.430680017505000012
0.430587237108000009
0.430380817099000001
0.430435851531999980
0.430373099639000001
0.430607981636999981
0.430589796949000014
0.430527561662000013
0.430517429273000019
0.430558168861000012
0.430576942780000027
0.430689041087999991
0.430618607235999984
0.430543976044999999
0.430551521007000004
0.430530724219999994
0.430580307647999982
0.430631552026000008
0.430504127828000016
0.430324381536000000
0.430421180085999999
0.430438617091000009
0.430384912150000021
0.430643718682000021
0.430726883256000004
0.430688128871999976
0.430639766892999987
0.430508469339999977
0.430657271274999975
0.430635290541000026
0.430720455632999988
0.430707311086000022
0.430655216261999985
0.430618530120999987
0.430601768255000017
0.430727208330000000
0.430829729820999985
0.430775475999999991
0.430512639826000021
0.430644678296999983
0.430748051023999989
0.430739082865999989
0.430817016321999979
0.430594772136999981
0.430832718040999985
0.430488482268000017
0.430508348275000008
0.430597347914000006
0.430620384434000025
0.430703978865999981
0.430787873704999991
0.430864912481000006
0.430723998173000000
0.430633444598999993
0.430602561805000006
0.430490750205999972
0.430570469873000017
0.430502054510999987
0.430547275903000015
0.430694343812000002
0.430562973018999984
0.430784633608000012
0.430751356561999976
0.430744337340999983
0.430710490627000009
0.430722989596000028
0.430650817984000012
0.430570464332000025
0.430617427183999979
0.430682824796000008
0.430617882537000007
0.430607139357000013
0.430669894773999973
0.430647212785000011
0.430533618140000018
0.430537919202000019
0.430648137569000000
0.430600657742000015
0.430660948260000009
0.430771041276000022
0.430714924862000026
0.430677045985000007
0.430465400868999981
0.430441000854999978
0.430582852296999996
0.430772577473000018
0.430480444336000023
0.430508159946000002
0.430451312462000024
0.430639407332999991
0.430414737815000004
0.430295095410999973
0.430286995542000006
0.430345277126999992
0.430543858326999984
0.430524446989999976
0.430459764008000012
0.430620390013999987
0.430532813994999985
0.430417826642000012
0.430546023885999996
0.430536217672000010
0.430503632899000011
0.430639441364000009
0.430647540790999983
0.430506121618000004
0.430624739683000024
0.430481123184999981
0.430809157185000013
0.430905732290999988
0.430659739902999994
0.430948090396000016
0.430709795506000026
0.430750134424000009
0.430726238383000004
0.430632820523999982
0.430556645796999982
0.430582260981999976
0.430450977625000009
0.430615805460000001
0.430667722706999989
0.430519666322000005
0.430467427735000019
0.430485318868999989
0.430755746060999978
0.430841523567999984
0.430522392693000022
0.430576171402999974
0.430495597100000016
0.430418054115000004
0.430477102857000027
0.430622412191999981
0.430603982148999975
0.430655538675999983
0.430637768046000013
0.430660055187999991
0.430477021020999995
0.430567660030000021
0.430662384753000005
0.430515128793000024
0.430475414537999979
0.430693823059999981
0.430678570922999993
0.430715260810000000
0.430591113533000003
0.430614612138000008
0.430663346996000007
0.430652477337999995
0.430827883221000019
0.430700066323999986
0.430656681016999998
0.430569928333000007
0.430729118916000020
0.430745009944000001
0.430891256913999987
0.430844447108999995
0.430973622605999973
0.430654675428999989
0.430578782509999980
0.430595620735999995
0.430425580653999995
0.430569640551999977
0.430468069515999974
0.430603874539999987
0.430657182545000017
0.430639877033999974
0.430764449346999978
0.430724542880999983
0.430549892744999996
0.430592590960999999
0.430643933940999979
0.430765450927000026
0.430766664951000022
0.430772006097000004
0.430656754985000001
0.430707368586000006
0.430630491025000006
0.430736954712999998
0.430650786032999999
0.430562753969000012
0.430646282080999976
0.430595345432000010
0.430885978861999974
0.430642608441999974
0.430703186145000028
0.430890809007999975
0.430772783858999975
0.430749372149999976
0.430632646060000013
0.430479818514000023
0.430565406503999992
0.430677149343999977
0.430760313276999984
0.430791899330000005
0.430686743165999975
0.430468986108999974
0.430649271326000005
0.430570346684999994
0.430658940215000008
0.430661490011000014
0.430524023944000023
0.430625398754000022
0.430601813040000003
0.430673872256999990
0.430545542813999982
0.430571222872999981
0.430573354188000024
0.430539909108999974
0.430641950225999992
0.430647656328999984
0.430446470766000011
0.430507487929999988
0.430694586436000004
0.430623469666999992
0.430550276371999996
0.430754607316000016
0.430652225203999983
0.430675976469000021
0.430542686532999985
0.430605775688000014
0.430496486492999986
0.430655813356000006
0.430569683661000013
0.430769868850999993
0.430704841151999973
0.430765574736000023
0.430645938813000007
0.430815910726999984
0.430679927811000007
0.430693070608999973
0.430644064548000027
0.430584648223000022
0.430559874795999997
0.430446138673000023
0.430357375817000010
0.430318832935000006
0.430504755391000027
0.430519482008999976
0.430589169769000024
0.430707685861999978
0.430646009471000013
0.430500959957999974
0.430550756289000025
0.430429897326999988
0.430639055089000022
0.430466806149000014
0.430515081467000016
0.430730977730999998
0.430828495044999982
0.430801134350000003
0.430740360453999993
0.430674822550000003
0.430525863175000023
0.430678974646000023
0.430829339686999990
0.430893180290000011
0.430513685960999981
0.430618829917999990
0.430647238298999979
0.430768473184000023
0.430618148691000013
0.430561473974000020
0.430595083631000020
0.430468766246000001
0.430614338613000025
0.430786067451000010
0.430489088753999993
0.430731973363999987
0.430744498964000022
0.430467845956000017
0.430602223351000013
0.430667775631999983
0.430731068250999993
0.430611203338000015
0.430727084746000022
0.430769608638999990
0.430524469921000019
0.430593332830999986
0.430515846217000009
0.430563264290000025
0.430420783365000004
0.430566731480000020
0.430675413973000021
0.430730102140999993
0.430842850805000011
0.430734015344000021
0.430767824931000021
0.430752675136000018
0.430742906172999984
0.430932218367999997
0.430964070598999993
0.430845444851000015
0.430726260814999984
0.430755816384000012
0.430682659580000016
0.430566175958000008
0.430765161963000021
0.430724203616000001
0.430530328864999978
0.430647998222000006
0.430846799715999984
0.430688147831999990
0.430604728689999994
0.430652432922999984
0.430803650478000011
0.430722784661000002
0.430615054531999997
0.430579257085000000
0.430525897363999988
0.430457778482999986
0.430558207796000014
0.430616751956000021
0.430747736092999989
0.430488687536000003
0.430548518355000021
0.430506037136999975
0.430686046401999978
0.430639271027999981
0.430603586282999995
0.430784971994000010
0.430792027214000006
0.430629879649999991
0.430765942015000014
0.430924676564000020
0.430697605573000020
0.430752260780999985
0.430607434610000006
0.430554009031999974
0.430604050484000023
0.430630359758000014
0.430616657294999983
0.430662150013999989
0.430627223883000010
0.430722598879999974
0.430762183891999995
0.430649807195999990
0.430525692625999989
0.430717047783000018
0.430418382930999988
0.430570218344000000
0.430506468370999984
0.430625377759999983
0.430548076100999988
0.430569206097999979
0.430792221960999977
0.430645517079999984
0.430628632419000013
0.430667040983000016
0.430691672098000022
0.430779187981999989
0.430838939616000005
0.431011842031999992
0.430786523114999986
0.430555309291999977
0.430732301400999995
0.430625500649000015
0.430680456396999978
0.430664875401999991
0.430685448605000021
0.430717912794000013
0.430479912070000026
0.430560062716999981
0.430564561670000012
0.430735739045000010
0.430686223719999983
0.430585686457999994
0.430717530555000006
0.430716834792000014
0.430592405367999975
0.430695725914999994
0.430698367876999999
0.430825375562999990
0.430727074614999983
0.430681480309999976
0.430737007145000017
0.430605306334000015
0.430684108818999989
0.430485994152999984
0.430410658358999998
0.430648535747000016
0.430673346457999984
0.430617408465999996
0.430712533472000003
0.430931769041999979
0.430698182405999996
0.430564148131000024
0.430533347239999975
0.430649427226000026
0.430347594433000025
0.430508669495999974
0.430780777851999974
0.430619619663999975
0.430767352963999983
0.430766058444999989
0.430703712317999976
0.430739145313000005
0.430674596465999981
0.430667009428999992
0.430684759916000026
0.430593847284000020
0.430394234400999998
0.430712968073000024
0.430841468825999996
0.430736365454000014
0.430670485918000001
0.430464677507000015
0.430368296611999990
0.430527537214999978
0.430573217530999974
0.430626760797000019
0.430624011403999973
0.430428831916999988
0.430728027592000018
0.430768425376000019
0.430648947416000016
0.430661775071999986
0.430480821033000005
0.430531964300999992
0.430578557415000007
0.430565576673999972
0.430659869423999975
0.430675241923999974
0.430690169630000008
0.430627994791999980
0.430806884833000003
0.430703435555999992
0.430684957262999990
0.430716120764999988
0.430729271407999992
0.430439911459000013
0.430646652467000013
0.430797544535000021
0.430794407666000023
0.430872546563000003
0.430395935888000014
0.430573823753000018
0.430515511547999996
0.430438699709999983
0.430316870311000021
0.430452214920999998
0.430490570891000013
0.430391278390000021
0.430438247649000016
0.430625580657000018
0.430675171994999995
0.430631535954999978
0.430605685683999984
0.430693225969999982
0.430680206409000010
0.430839670949999975
0.430802827782999997
0.430576891073000012
0.430571293796999988
0.430499681475000007
0.430541175077999994
0.430572684320000010
0.430604485317999996
0.430635945380999974
0.430513393635999997
0.430793145895999985
0.430813322903000007
0.430826170660000007
0.430807667346000012
0.430671746232999975
0.430590365764000005
0.430533084996000015
0.430740392282999984
0.430739989305000015
0.430759964398000017
0.430807212373000015
0.430729366364999977
0.430768135516000017
0.430556851075000024
0.430676525363999974
0.430862936445999989
0.430782266495000010
0.430616192916000007
0.430712209931000012
0.430707138240999987
0.430648161901000026
0.430644510995000007
0.430863065313000004
0.430806289291000011
0.430646803601999972
0.430607877686999985
0.430672156841999998
0.430678676586000009
0.430719083981000006
0.430561260201999974
0.430745262417999986
0.430602386399999981
0.430857293608000014
0.430607188656000006
0.430668489679999988
0.430799854772999979
0.430707013390000004
0.430588511900000026
0.430645704568999976
0.430557284390000017
0.430627606644999994
0.430618550167999992
0.430432610419999973
0.430702587685000027
0.430731109833000003
0.430952327869999985
0.430871547921999998
0.430771371954999982
0.430793975323999989
0.430900685216999979
0.430632766630999975
0.430725342324000005
0.430494493097999975
0.430542340159000003
0.430656746664000001
0.430687604095000010
0.430767346707999987
0.430599573474999997
0.430452786279999999
0.430668603523999993
0.430636363896000018
0.430296465813000018
0.430543929140999981
0.430610609269000022
0.430485343916000018
0.430457310894000023
0.430445081015000008
0.430494510343999992
0.430541732027000024
0.430639814052000025
0.430520944623000001
0.430892309545999996
0.430916506571999980
0.430651245183999998
0.430800903715000016
0.430521936840000008
0.430490153104000017
0.430380048911000013
0.430542591777999972
0.430621587503000003
0.430523614207000027
0.430706324959000020
0.430942917003000026
0.430970874291999984
0.430915217346000023
0.430798653455000014
0.430557316021999981
0.430410398294999996
0.430323506369000020
0.430538119759000026
0.430547832171999989
0.430591594563999980
0.430615399033999979
0.430703191664999985
0.430497374107000008
0.430749450199000017
0.430726434175000006
0.430664223607000018
0.430827339578000013
0.430680647093000024
0.430804394777999977
0.430536548941000019
0.430559385304000009
0.430864195502999980
0.430673565947999992
0.430730201932999990
0.430778595475000026
0.430665196979999998
0.430796933732999987
0.430597960243999989
0.430734844757000024
0.430575262341000020
0.430467599181000027
0.430495369091999980
0.430433818164000004
0.430637656716999995
0.430600704717999994
0.430445511815999993
0.430551856609000028
0.430536875852999990
0.430455555807000012
0.430605965857000006
0.430588510837000005
0.430515604659000017
0.430776688861999990
0.430808665659999979
0.430527002130000003
0.430465527775000023
0.430571159265999981
0.430567531404000003
0.430567306611000011
0.430515000425000016
0.430625532443000003
0.430628973939999993
0.430449329905000011
0.430640426635999995
0.430669946414000027
0.430627694993999999
0.430595695941000001
0.430727449255999983
0.430663014831999980
0.430593579188000009
0.430572769567000024
0.430634280305999984
0.430542683882999988
0.430459774527999994
0.430304354612999984
0.430418156009999997
0.430360728124000003
0.430415040829999984
0.430431369793999985
0.430489604417000016
0.430460581617999993
0.430615746626999973
0.430597408462000009
0.430762502504999978
0.430909055782000006
0.430948414863999985
0.430569388479000004
0.430658736493999994
0.430816094910999980
0.430629365681000020
0.430594659878999975
0.430586192776000021
0.430473252764000003
0.430513406676999999
0.430529608770999994
0.430516714856000016
0.430500104594000010
0.430503825705000009
0.430416157934999988
0.430399700950000019
0.430366005845000010
0.430537410336999993
0.430393708754000015
0.430503823097000027
0.430770290569999992
0.430599646524999990
0.430505093655000004
0.430316689970999977
0.430467658445999990
0.430647829892999989
0.430750160760999978
0.430747526742000009
0.430870791545999998
0.430587506338000026
0.430785948365999982
0.430583714178000010
0.430580310369999997
0.430604398022000012
0.430678970594000010
0.430624456656000021
0.430751304582999983
0.430716034581999974
0.430696124663999980
0.430436657393000022
0.430644032025000012
0.430672763266999992
0.430747246653999993
0.430632767284999995
0.430871746842000025
0.430793973592000001
0.430644012665000020
0.430769326489000015
0.430652651178000001
0.430651159873000011
0.430674142975000007
0.430772959640999986
0.430660301919000010
0.430520633955000009
0.430557520699999974
0.430626665996000024
0.430658832037000006
0.430823600698999998
0.430417272462000011
0.430689587631000015
0.430615369847999974
0.430757451336999997
0.430622691310000028
0.430722099171999995
0.430624379639000021
0.430579324568000021
0.430746182679999978
0.430684032609000012
0.430705067812000020
0.430801620087999992
0.430705942951000009
0.430607280523999991
0.430722546667999973
0.430766986801000007
0.430637579988000008
0.430586701635000013
0.430702543945999994
0.430768054449000015
0.430886866270999980
0.430763771986999999
0.430610880779000005
0.430539722337999975
0.430709086723000012
0.430844925466999984
0.430631358427000011
0.430590863850999983
0.430493848643999977
0.430480723274999977
0.430729620699000004
0.430584544891999987
0.430701159230999997
0.430706630405999991
0.430885900160999979
0.430543573941000013
0.430319538015000003
0.430592622839000017
0.430471138972999989
0.430489173241000000
0.430568856142000023
0.430573149099000019
0.430495581294000007
0.430582404636000005
0.430615846774000000
0.430609351325999978
0.430563447755999973
0.430762231220999992
0.430737367237000013
0.430669776170999996
0.430665607298999997
0.430588572988000018
0.430456244734999993
0.430398457214999974
0.430388060688999985
0.430683322117000000
0.430768796663999975
0.430859779193000003
0.430660318543999998
0.430649570910999979
0.430358534846000007
0.430374795970000001
0.430581043370000027
0.430593212961000005
0.430610121424999992
0.430662235271999982
0.430592909497999998
0.430643819144999995
0.430610230164999996
0.430512013736000010
0.430494950880000005
0.430540470542999987
0.430471297683000020
0.430474052946999974
0.430412178974000026
0.430562633713999998
0.430547252988000007
0.430788883085999996
0.430796403368999992
0.430662359182999999
0.430714628518999998
0.430728627691999988
0.430668537070000024
0.430752601382000000
0.430727261231000025
0.430534682384999978
0.430749244864000014
0.430483082974999987
0.430605577359999991
0.430693949141999988
0.430562841919999995
0.430657796071999999
0.430674192868999994
0.430692052468999997
0.430620303092999979
0.430651651736999985
0.430547615207000023
0.430562274086000008
0.430505762131000003
0.430476232246000012
0.430496084115999988
0.430463581568999998
0.430300658953000015
0.430348513945999989
0.430504798091999985
0.430789676329000004
0.430691733083000017
0.430605782513000024
0.430580623973000010
0.430545863462000022
0.430702449451999980
0.430470731371000004
0.430590258898000011
0.430593846409000003
0.430515520350000014
0.430891631238000006
0.430739432016999990
0.430711845453000008
0.430630765475999988
0.430812816042000002
0.430648147322000019
0.430659194728000017
0.430529711101000023
0.430692513004000022
0.430625843278999998
0.430791883536000009
0.430543006180999999
0.430645674222999986
0.430583134543000012
0.430757949568999987
0.430726601428000011
0.430780985128000005
0.430767155803000013
0.430675086965000009
0.430614743776000009
0.430544528265999982
0.430422354941000007
0.430587952288000009
0.430443970858000013
0.430621939959999978
0.430574018238999989
0.430436211835000027
0.430631067894000019
0.430682712056000006
0.430587070028999985
0.430777423702000006
0.430721864743000005
0.430813483667000008
0.430881547975999979
0.430857490141999977
0.430745742325999992
0.430644533213000003
0.430817396035000022
0.430815564237999993
0.430667190746000017
0.430358855822999986
0.430518872388999996
0.430795015913999990
0.430843151220999976
0.430909705302000012
0.430868261576000000
0.430721007401000000
0.430711753535999997
0.430523112285999987
0.430458703316999980
0.430579260344999992
0.430613796291999973
0.430818598479999981
0.430850537623999996
0.430690478012000000
0.430596976148000021
0.430649539074999976
0.430665097790000007
0.430574262972000021
0.430640807224999977
0.430654452495999984
0.430490875370000026
0.430544810010999979
0.430659427007999973
0.430462868645999974
0.430479578940999974
0.430710932243000000
0.430757709621999996
0.430580483083999987
0.430738724535000006
0.430727317516000019
0.430488250153000018
0.430656327230000024
0.430698598001999999
0.430595776345999992
0.430503021895999982
0.430592372120999989
0.430733848596000002
0.430546036809999977
0.430532512990000005
0.430725887244999994
0.430675700253000004
0.430787448319999988
0.430685246331000027
0.430601598786999995
0.430725612052999973
0.430563610834000021
0.430703148340000008
0.430489240469999979
0.430601789642000021
0.430659449217000001
0.430831125634999978
0.430751757903000021
0.430627491360999981
0.430713370393999984
0.430647065012999986
0.430572395371000005
0.430778766932999990
0.430778057343999987
0.430688765237000004
0.430562381827999996
0.430682006311999988
0.430660083063000021
0.430559133199000021
0.430710458392000006
0.430575149054000017
0.430839621098999981
0.430745450681999986
0.430809369968999989
0.430734370513000009
0.430727024620999988
0.430550021457999976
0.430483278866000019
0.430649548313999986
0.430520556203999982
0.430611916995999988
0.430580695811000003
0.430771002638000000
0.430720249572999980
0.430847765591999998
0.430534595693000011
0.430686990124000024
0.430683328846000024
0.430694846281000021
0.430745674470999984
0.430874692838999984
0.431063803011999980
0.430723750437000008
0.430637303651999981
0.430762340344999994
0.430759656358999987
0.430678768064000017
0.430480794602000005
0.430291909791000016
0.430178902949000019
0.430371068324999995
0.430277210690000023
0.430473113419999998
0.430583180931000009
0.430524498862000005
0.430674259341999988
0.430680363534999999
0.430564685349999976
0.430613520292999985
0.430744414169000001
0.430828173297999995
0.430872164727999996
0.430536646688000013
0.430782861244999982
0.430531005365999975
0.430481853957000005
0.430456573422000000
0.430588882848000010
0.430696597382000002
