0.443755873261000022
0.443967216752999994
0.443806580489000013
0.443823791463999973
0.443917963292999984
0.443730040368000012
0.443885722719000009
0.443889076551999995
0.444019459346999990
0.443645825044999997
0.443730055035999993
0.443830207831000023
0.443649284006999989
0.443827407520999973
0.443843556191999999
0.443894664529000005
0.443779862247000001
0.443693679575999977
0.443899471636000020
0.443733955194999974
0.443696837773000008
0.443700572201000010
0.443631585325000022
0.443722632738000000
0.443760608187000027
0.443744502513000016
0.443574626295999974
0.443811775316000023
0.443790329827000007
0.443639574656999991
0.443729047953999978
0.443661598099999999
0.443571163037000005
0.443690614910000003
0.443719546407999987
0.443658944150999990
0.443661271131999990
0.443584597159999983
0.443448697343999998
0.443701451764999977
0.443938650729000017
0.444083946722000023
0.443797147921999979
0.443799873575999981
0.443710067807999986
0.443672174322000012
0.443755042200000005
0.443891598754000027
0.443950216539999998
0.443759880368999993
0.443868402469000001
0.443773147147999980
0.443728617393999991
0.443598446526000001
0.443710084688999973
0.443768652408000008
0.443648177801999999
0.443739868847999985
0.443994816685999993
0.443982274306000013
0.443907628341999982
0.443891136936999997
0.443879235965000007
0.443875019358000000
0.443769565428000001
0.443698953150999997
0.443689537219999985
0.443656351564999996
0.443734632196000012
0.443616861270999974
0.443749309398999980
0.443603267061999984
0.443749941114000013
0.443802611552999993
0.443901450578000012
0.443904737180000009
0.443923690845999974
0.443765880614000019
0.443853780056999991
0.443720622778999985
0.443830435871000017
0.443708525563999978
0.443682726724999976
0.443695390646999976
0.443793198895000018
0.443579652345999997
0.443564115759999988
0.443831254931000008
0.443839028081000009
0.443642615751000002
0.443557071645000023
0.443741793888000002
0.443817999505000005
0.443800110769999978
0.443723263551999980
0.443603977865999977
0.443199714703000014
0.443425736153999994
0.443470480752999996
0.443527866850999986
0.443525363376999993
0.443593495171999974
0.443583167097000020
0.443421778726000027
0.443509608511999998
0.443618514625000016
0.443704188714000025
0.443936861352000001
0.443906987641999984
0.443792436216000008
0.443822912637000022
0.443787254829000000
0.443670324622000012
0.443533968956999980
0.443532305700000018
0.443589697901000002
0.443452648000999983
0.443496701340999999
0.443693308702000022
0.443595224135000021
0.443733487436999974
0.443766725337000012
0.443795209733999996
0.443708663718999974
0.443702988319000013
0.443491514340999982
0.443779410965999987
0.443795605995000009
0.443795836780999986
0.443676772000999975
0.443821509629000022
0.443802069169999980
0.443899989235000014
0.443878568470999990
0.443806696837000025
0.443961010250999988
0.443978347958999986
0.443741475170999988
0.443808939961000015
0.443793546997000021
0.443712522306999979
0.443821926139999989
0.443731985431999987
0.443614257993000027
0.443690969972000027
0.443599849802000012
0.443532578795000021
0.443633907315000020
0.443739894327999984
0.443727328081999994
0.443753411120999974
0.443697198254000003
0.443777564600000007
0.443582773581000012
0.443726507843999973
0.443628659408000003
0.443571564842999977
0.443582136040000019
0.443437251114000008
0.443498002429000004
0.443655032830000018
0.443597587482999989
0.443678214294000006
0.443604492730000022
0.443800898192000026
0.443719294576000012
0.443568774953999989
0.443737381829999999
0.443654231806999977
0.443784267878999994
0.443558337051999985
0.443490209877999975
0.443599916709000008
0.443623852656000017
0.443631088743999979
0.443634217113999973
0.443737332348000002
0.443761027059999980
0.443612892676000015
0.443685957279000009
0.443634676560999974
0.443743133951000013
0.443746068729999998
0.443813904917000013
0.443798876828000011
0.443628915527000012
0.443612564217999994
0.443847772766000015
0.443957269031000024
0.443865022507999973
0.443544906236999992
0.443502766004999993
0.443580641657999986
0.443536945894999979
0.443518785887999978
0.443679957550999982
0.443578853476999990
0.443793573386999984
0.443540603320000004
0.443514699577999993
0.443585073295999999
0.443637361427999977
0.443651808383999979
0.443750021832999997
0.443765607815999996
0.443762215449999997
0.443734756244999973
0.443771094541000000
0.443737992209999987
0.443531437252000005
0.443806688575999975
0.443687433261999997
0.443725993957000020
0.443843962222999988
0.443811341405000004
0.443783906587000010
0.443792800258999975
0.443626985437999999
0.443807395491000012
0.443790196786999991
0.443603824026999993
0.443590391600000022
0.443722344671000024
0.443874327389000012
0.443563491370000007
0.443594529889000000
0.443751231503999977
0.443866137572999975
0.443636912647999981
0.443703332276000006
0.443804552244000006
0.443866262796999977
0.443898967232999986
0.443835130497000019
0.443579630414000003
0.443510196919000010
0.443828675873999989
0.443598771000999981
0.443868797920000002
0.443748109077999997
0.443712519753000023
0.443502482912000007
0.443640599909999989
0.443674198803999997
0.443648393222000004
0.444049008384000021
0.443908795502000020
0.443916125853999977
0.443837576394000011
0.443649928046000008
0.443701258046000024
0.443791865048000000
0.443861702081999987
0.443810071114000004
0.443733239865000018
0.443727424272999993
0.443799166999000017
0.443565234611999981
0.443615427035999987
0.443594278996999991
0.443661213808999977
0.443827311589000018
0.444017675541000023
0.443853218192000021
0.443769017386999975
0.443914355011000017
0.443950714287999981
0.443845772041000008
0.443661795728999997
0.443712485774999998
0.443592792166999983
0.443621853246999986
0.443666944996999990
0.443359002118000001
0.443543395487999981
0.443463493732000003
0.443696559523000023
0.443608176060000026
0.443590887940999989
0.443566082458999977
0.443598721342000013
0.443673345604000013
0.443638669408999986
0.443610857736999986
0.443512578534000002
0.443595550886000001
0.443656972272000016
0.443709721419999981
0.443499224916000023
0.443699806932000007
0.443542505028000023
0.443465407872000006
0.443526691166000020
0.443484164121000002
0.443661831953000019
0.443758117035999988
0.443606751523999976
0.443540421061999979
0.443663262629000021
0.443565059461999978
0.443562632337999974
0.443696228332999987
0.443573474322000005
0.443644437594999996
0.443723419695000010
0.443714288490999975
0.443855354693000026
0.443851389164000021
0.443820874801000020
0.443693691007999991
0.443722347966999997
0.443659701332999978
0.443685292610999982
0.443638697689999972
0.443582008864999988
0.443562466519999976
0.443881433095000000
0.443652999092000011
0.443581571715000011
0.443728256709999991
0.443867590137999979
0.443739457025000006
0.443649915903000014
0.443612760511999993
0.443626232976999990
0.443525430883000005
0.443573643643999982
0.443603752183000022
0.443813802709999983
0.443697662095000001
0.443473688784000009
0.443437304418999978
0.443639107467000027
0.443523048939000020
0.443655511541000025
0.443774049760000011
0.443747389925000013
0.443885186727000003
0.443607126249999983
0.443473878727999982
0.443740911286999995
0.443560224512999979
0.443517036962999989
0.443385187635000011
0.443454725855000009
0.443704572959999988
0.443860425243000012
0.443715835020000005
0.443759382714999984
0.443720930462000007
0.443864507731999980
0.443856444785000026
0.443514352085999985
0.443730224002000018
0.443748032934000003
0.443591837988000004
0.443663772821999980
0.443628149927000004
0.443640585229999995
0.443587846449999990
0.443656457361000012
0.443677601743000027
0.443717005827000022
0.443554719626999994
0.443679925167999978
0.443686042261000002
0.443635675238000016
0.443793543702000026
0.443719312528000009
0.443755079948999986
0.443675273069999987
0.443652877747000018
0.443819199712999990
0.443931013047000000
0.443793125645000008
0.443467137155000024
0.443506592056999993
0.443558844914999972
0.443749862557999974
0.443768387398000008
0.443549905221999996
0.443768894329000019
0.443831208608000016
0.443825239265999982
0.443740464863000006
0.443710315573000003
0.443777021755000001
0.443680014821999980
0.443820768749000005
0.443854693425000002
0.443892764755999980
0.443799372287999983
0.443686567641000007
0.443825604875000002
0.443627393561000005
0.443560276096000017
0.443474164170999996
0.443401592610000006
0.443261693983000027
0.443596120696000018
0.443615019481000017
0.443534215419999989
0.443695881587000018
0.443749963505000011
0.443714124328000004
0.443823115702999982
0.444027137284000006
0.444078263580999999
0.443921882554000002
0.443857692081999988
0.443739142930999975
0.443772546584000005
0.443761678937000026
0.443693318406000015
0.443863194851999987
0.443735334746000021
0.443653007002999977
0.443725736350000011
0.443509086110000006
0.443633440538000023
0.443711159927999976
0.443802317858000006
0.443707748820000025
0.443618132275999999
0.443773750257999977
0.443800095284999974
0.444020923489000019
0.443935565832000001
0.443781239993999987
0.443849857184999974
0.443752051152999982
0.443806326836999998
0.443669464723999984
0.443873138752999996
0.443800112254999990
0.443664915523000025
0.443651094741999985
0.443769267036999981
0.443692050168999985
0.443767222713999987
0.443642554076999984
0.443723601608999985
0.443653810924000025
0.443754214171000028
0.443737092373999997
0.443827184001999997
0.443793722127000023
0.443894468857000013
0.443780309205999979
0.443720519357999998
0.443720965578999982
0.443653077700000009
0.443731305665999998
0.443628288347000022
0.443728033402000011
0.443810836202000014
0.443792162160999981
0.443793536333000005
0.444015878997000013
0.443805522743000003
0.443700301437000011
0.443881020673000004
0.443936089387999999
0.444097620666999982
0.443889836977000019
0.443724721588000026
0.443786937491999989
0.443816592983000024
0.443799989065999989
0.443728162453000008
0.443740386360999994
0.443507531058999982
0.443641197797000009
0.443578147109000009
0.443606813134000022
0.443717899377000013
0.443870813724000002
0.443660740524999986
0.443806052233000015
0.443849940562000000
0.444058330582999983
0.443912979918999973
0.443691218401999987
0.443674564935000015
0.443751301920000008
0.443911346955999986
0.443846974625000001
0.443742137312000018
0.443765432858999997
0.443850001187999998
0.443804572976000011
0.443710714225000025
0.443593034133999975
0.443638789129000011
0.443799559504999996
0.443821297464000009
0.443738591986999997
0.443773891506999973
0.443920427379000004
0.443673919319000021
0.443576326169999979
0.444032143528000023
0.443865093797999988
0.443795993955000023
0.443792207062000010
0.443628951637000002
0.443676691577000015
0.443589650045000006
0.443605361094000006
0.443657652798000013
0.443681949736999981
0.443596291485000016
0.443480957951000010
0.443727572191999986
0.443675120561999980
0.443744050268999990
0.443766037175000017
0.443679398664000024
0.443744793781999991
0.443483892729000018
0.443355116601000021
0.443469887911000005
0.443670160358999977
0.443688688361000005
0.443613954345000006
0.443779666643999982
0.443801410730000012
0.443606531375999980
0.443692363832999981
0.443675528920000006
0.443706269262000019
0.443811193812999993
0.443973836550999978
0.443799845643000013
0.443730595795999994
0.443871395943999991
0.444008039455000003
0.443812283871000024
0.443692564066999973
0.443713493605999987
0.443998270596000000
0.444011330922999992
0.443763753132999983
0.443696544008000016
0.443640519733999983
0.443561057884000021
0.443639998121000023
0.443675367051000025
0.443775699872999974
0.443871170729999986
0.443743319437000017
0.443696166067999997
0.443539868723999975
0.443731746436999974
0.443795820155000020
0.443642652091999989
0.443673736757999981
0.443692215980000026
0.443678885615000018
0.443744521871999975
0.443639614387999981
0.443662603416999979
0.443854233325999992
0.443724331648000014
0.443822121547999993
0.443929972115999993
0.443905670957999987
0.443532817525999989
0.443497436819999979
0.443705465838000024
0.443527300903000021
0.443611104601999984
0.443700924321999979
0.443709508021000010
0.443680990080999982
0.443571317535999987
0.443634831777000027
0.443630542999000010
0.443599705763999985
0.443546748503000021
0.443623729307999981
0.443625110430000025
0.443575637929000011
0.443627982139000010
0.443743058877999974
0.443962130357999973
0.443829082709000011
0.443853259082000018
0.444012019302000016
0.443762693164000022
0.443756101296000016
0.443672004203999992
0.443590196925999991
0.443527506637000024
0.443658454992000018
0.443572774058999975
0.443580458939999978
0.443679310414999972
0.443827677334000026
0.443898327340000010
0.443834317046999993
0.443752792933999995
0.443804409703999980
0.443651742720999998
0.443660691614000013
0.443677793827999989
0.443754297399000019
0.443798998182000026
0.443789823397000016
0.443855425390999980
0.443864448601999972
0.443888210213999990
0.443763298111999993
0.443943437732999990
0.443812972056000010
0.443897513487999995
0.443943836212000009
0.443862919548999979
0.443910296274000027
0.443762581227000019
0.443765984921000001
0.443742272862999998
0.443690782521000027
0.443708736283000005
0.443793073021000017
0.443746183048000009
0.443753240130000004
0.443775005885999996
0.443886502327999977
0.443818352279000017
0.443881311910000020
0.443877923635999982
0.443807921338999989
0.443787216817000008
0.443803357554000022
0.443869351184999983
0.443772066861999992
0.443952950753000009
0.443842018519000014
0.443647260912000019
0.443526313595999977
0.443434658543999993
0.443460834668999992
0.443646215863999993
0.444014914486999979
0.444089414758999990
0.443849760578000019
0.443810166444000009
0.443583287095999979
0.443520066802000013
0.443556757407999991
0.443702225344999979
0.443768282055000018
0.443780369828000010
0.443777359473999988
0.443935689176999992
0.443835464597999996
0.443454800747999978
0.443483282470000018
0.443611793453999981
0.443613061400000008
0.443583867926000019
0.443799649224000003
0.443741793173999977
0.443907035747000023
0.443753853769000006
0.443697258162000008
0.443579172761999985
0.443655104583999982
0.443499060446000015
0.443644941934999981
0.443817069763999983
0.443609475262999986
0.443561311916000012
0.443540370256000016
0.443552349796000001
0.443682158794000026
0.443586463912999995
0.443681173957000019
0.443933528768000019
0.443777855700999979
0.443730779266000019
0.443798717712000024
0.443721648392000012
0.443767330070000021
0.443696936174000023
0.443699472081000024
0.443860836869999997
0.443674096286000019
0.443563394572000003
0.443671925560999991
0.443738893025000025
0.443760143072999991
0.443671341941999975
0.443717013075000000
0.443817063136999979
0.443790138030999981
0.444003576033999980
0.443918439617999983
0.443824582447000016
0.443917767236000016
0.444104331146999987
0.443895862912999983
0.443768937724999979
0.443372038530000012
0.443551945067999998
0.443561430385000011
0.443604183475000025
0.443732509389999974
0.443704799769000013
0.443539384179000018
0.443511471100999977
0.443530861403000021
0.443342289557000002
0.443639991612999995
0.443730560960000020
0.443796322469000026
0.443910671447000027
0.443798871674999984
0.443700154648999978
0.443617512880999987
0.443537158686000021
0.443498022509000001
0.443640442289000014
0.443758213670000012
0.443633835561999978
0.443349902735000023
0.443597113742000004
0.443603596187999993
0.443670968524999987
0.443767845817999995
0.443967677062999999
0.443656513746999992
0.443791317128999996
0.443910960101999985
0.443898825017000009
0.443875546808999988
0.444004999908999998
0.443789829881000020
0.443909972373999984
0.444005705147999974
0.444050173998000008
0.443954125571000002
0.443921970900000018
0.443914833522999985
0.443713137940000002
0.443652230618000021
0.443717265342000011
0.443749533714000000
0.443729620370000022
0.443731031526000019
0.443601850741999981
0.443395814662999987
0.443414384315999999
0.443396514562000021
0.443644439509000010
0.443719673960999983
0.443708915596999987
0.443789229245000028
0.443555134324000011
0.443488165724999994
0.443518719213999990
0.443599999839000003
0.443712426712000008
0.443637378337000010
0.443539221350999990
0.443716402183000014
0.443846139766000014
0.443614781399000013
0.443600462769000004
0.443448089341999974
0.443607205685999983
0.443703141236000020
0.443686286441999977
0.443719969345000020
0.443778616723999986
0.443581199347999999
0.443719356652999997
0.443949915480000012
0.443914391881000014
0.443851408958999993
0.443706064190000027
0.443809105393999981
0.443819956474999999
0.443702176836999973
0.443840620931000018
0.443620580850000001
0.443728754946000004
0.443708594717000027
0.443786954030000014
0.443868075365000003
0.443953080562000002
0.443886827684999985
0.443521790231000024
0.443830877520999978
0.443784663078000019
0.443764208556999995
0.443754099191000007
0.443840976900000017
0.443531304633000001
0.443519059461000009
0.443574822021000015
0.443529414527000010
0.443807488736000011
0.443453660608000011
0.443480684211000009
0.443488410941999978
0.443637407513000015
0.443597459909999992
0.443816394137000025
0.443753817654999994
0.443755525787000005
0.443764914025000012
0.444119942707999982
0.443984757462999979
0.443829210977000010
0.443790500616999983
0.443818932434999980
0.443786093587999975
0.443898408580999992
0.443818916866000002
0.443711205140999987
0.443722879946000015
0.443475686649000000
0.443545287517000009
0.443675728062999986
0.443705206997000001
0.443533464097999985
0.443660011129999976
0.443560641204000017
0.443513852367000028
0.443399359872999999
0.443574154960000022
0.443702604120999988
0.443556163966999983
0.443588089685000020
0.443883348231000008
0.443992211831999994
0.443925019934999998
0.443752059325999981
0.443622246300000023
0.443585647962999985
0.443683582174000002
0.443780996425999996
0.443851069082000005
0.443713185944999977
0.443861655962999979
0.443824845217999975
0.443770897627999983
0.443762592125999999
0.443615735306999992
0.443686905389000019
0.443738939092999995
0.443845362690000023
0.443858445140000002
0.443801879088999984
0.443796060050999974
0.443747091756000023
0.443597002173000021
0.443674247041999981
0.443779075986000027
0.443711057678999987
0.443672239056999984
0.443761890617999977
0.443774670732999976
0.443599013596000014
0.443512306826000013
0.443533741448000007
0.443748489625000020
0.443657090535000020
0.443516020517000009
0.443631769030000012
0.443804393246000017
0.443755616535999986
0.443814615826999992
0.443886945091000018
0.443783590773000003
0.443669436994000022
0.443791390710999989
0.443733859723000001
0.443609748059999975
0.443838379931999982
0.443770482432999991
0.443703599610999977
0.443957470269000010
0.443840858389999982
0.443839729030000019
0.443789659215000021
0.443768954433999996
0.443819439919000025
0.443744926822000008
0.443599982983000019
0.443493759436000001
0.443578007948000008
0.443635922367000002
0.443920024317999984
0.444040189693000020
0.444053446643000005
0.444065144226999997
0.443723184431000006
0.443764297382999995
0.443762563072000016
0.443615049842999987
0.443751356320000012
0.444072263094999975
0.443829831572000011
0.443799633309999997
0.443801666463000011
0.443716998746999991
0.443607662743999986
0.443773649026000028
0.443793924351000013
0.443759700749999986
0.443692830380999992
0.443579709837000014
0.443862818358999989
0.443776174457999995
0.443765781540000015
0.443645366576999989
0.443696256233000019
0.443707280729999987
0.443699676074000016
0.443658779459999986
0.443833536967000009
0.443848751057999980
0.443785073538999986
0.443731488609000024
0.443590479819000016
0.443610312713999977
0.443704610640999975
0.443619343082000017
0.443545629725000001
0.443630953195999989
0.443727395467999997
0.443797404994999978
0.443976136123999998
0.443852645358000009
0.443577856160000006
0.443752129579999988
0.443699985906999994
0.443620788539999977
0.443638248717000028
0.443706132093000027
0.443767777194999991
0.443781546633000012
0.443743966014000013
0.443738695412000006
0.443851781918999988
0.443734791073000012
0.443712632986999977
0.443695855618999990
0.443756423323000027
0.443485893048000013
0.443739658546000004
0.443652597764000012
0.443553679342000018
0.443649047849000000
0.443731789105999974
0.443834458214000027
0.443775180514999978
0.443687820407000000
0.443772255186999975
0.443621412205999988
0.443749978057000005
0.443900420703000009
0.443670968577000002
0.443838658366000005
0.443728470762000005
0.443625761195000023
0.443712852893999976
0.443638624633000023
0.443709642008000005
0.443983707301999986
0.443945107291000007
0.443845825525000015
0.443733404640999973
0.443897251518000024
0.443834160400000011
0.443785955609000027
0.443780842522999985
0.443693295327000026
0.443781757554000011
0.443833830373000005
0.443692771245000006
0.443901272372000000
0.443797692276000022
0.443883562717000024
0.443931793987999979
0.443637780014000005
0.443726008675999983
0.443537703253000015
0.443646337639000021
0.443829256073999978
0.443843481052999977
0.443893582259999975
0.443708879068999973
0.443777067759999977
0.443738833162000024
0.443743398816000001
0.443477945463999990
0.443620087840000010
0.443665563930000006
0.443826556950000006
0.443790215652999975
0.443508212213000019
0.443699692066000018
0.443781966537000028
0.443849013783999991
0.443657219830000005
0.443606256229999996
0.443657657533000016
0.443610678425999994
0.443681082670999982
0.443656649600999986
0.443629614482000001
0.443637109139000008
0.443675120455000016
0.443701432419000008
0.443605477352999988
0.443583017450999983
0.443746267761999991
0.443626278664000007
0.443601986810000015
0.443380807421000001
0.443729307949999985
0.443685870892999989
0.443767127102000003
0.443504246509999978
0.443514413092999993
0.443582498737999986
0.443530468944000000
0.443569702133000010
0.443778281506999994
0.443801279270000015
0.443828576633999994
0.443712771775000014
0.443642627426000025
0.443439624688000023
0.443597092826999995
0.443646909576000004
0.443670333909000014
0.443651771585999999
0.443719621916999984
0.443886586578999986
0.443696532949000022
0.443643810640000025
0.443657012033000009
0.443568883410000003
0.443619224393000000
0.443719446876000012
0.443902747606000014
0.443967488630999996
0.443797679948999990
0.443960804204000026
0.444101048612999982
0.443988848604000008
0.443830643540000014
0.443737105000000021
0.443726105998999976
0.443573537625999992
0.443691381531000018
0.443609633112000024
0.443503565737999983
0.443721239089000019
0.443730265515999978
0.443637247407999979
0.443577961741000004
0.443898124567000008
0.443673676199999978
0.443616160074999988
0.443715669623999998
0.443598085141000020
0.443801261707000017
0.443705733167000016
0.443651565891999999
0.443557041453999989
0.443523693837000021
0.443561110724000007
0.443632225681000025
0.443746120121999987
0.443719325423000022
0.443594481706000021
0.443915235257999974
0.443905006947000025
0.443985729132000018
0.443841417427000007
0.443860551825000005
0.443858374454999982
0.443630542366000025
0.443542727671000003
0.443540509478999978
0.443539091639999994
0.443696907458999978
0.443720078818000019
0.443911931352000022
0.443873866398000028
0.443832285893999978
0.443673215761999973
0.443672220936000006
0.443651446833999985
0.443686846661999978
0.443879175522000013
0.443922843071999973
0.443742602485000026
0.443625874566000000
0.443743291338999979
0.443793469408999997
0.443640082486999987
0.443732147892999973
0.443701245607000028
0.443743249524000016
0.443646753311999986
0.443917189704999993
0.443882499026000021
0.443774204245000026
0.443848533019999991
0.443817351871999999
0.443765429687999979
0.443720076645999995
0.443790683899999983
0.443783459089999999
0.443852648440999975
0.443670763035000026
0.443660895652999987
0.443763498616999985
0.443777951507999979
0.443752801806000019
0.443639824136000005
0.443504554963999986
0.443416407720999994
0.443564264440000022
0.443591412957999975
0.443379419770000005
0.443572528623999984
0.443546241090999993
0.443421220953000017
0.443629885815999991
0.443746965556000017
0.443616683076999974
0.443754553140000008
0.443513656623999997
0.443598691242999998
0.443480949206000008
0.443744464785999992
0.443801712545000004
0.444038857861999980
0.443845459506000017
0.443908718771000022
0.443706695368999982
0.443637038079000012
0.443546711814999994
0.443473435879000011
0.443766283766000025
0.443678492111000022
0.443854946280999973
0.443698397981000026
0.443789967687999998
0.444051234859999977
0.444077267464999981
0.443866171109000007
0.443627552631999988
0.443713433237000021
0.443674816059999977
0.443857444820000002
0.443814715681000005
0.443542057925000011
0.443475498068000018
0.443698118033000022
0.443715454111999974
0.443704242186999998
0.443657263538000002
0.443646553838999980
0.443645458039999996
0.443510415745999975
0.443843076748999976
0.443764524150999984
0.443778568380999994
0.443716886872999983
0.443705755644999977
0.443725501136000011
0.443740112484000027
0.443452783710000020
0.443525624718000000
0.443491775450999992
0.443542477396999979
0.443456261206999991
0.443631357238000013
0.443686478303000009
0.443695597193000002
0.443738610217000007
0.443719232432000010
0.443852730187000000
0.443569002047000005
0.443644835238000024
0.443665215361000009
0.443766917674999983
0.443871564233999982
0.443709103787999992
0.444025613965000010
0.443864082622999978
0.443926686321000019
0.443905736042000010
0.443815306786999986
0.443834429360999982
0.443920421524999997
0.443757331397999999
0.443467432544000006
0.443621358836999991
0.443706741268000027
0.443579563833000012
0.443854315642999986
0.443583802568000007
0.443663281339000015
0.443718531023000018
0.443667096335000011
0.443738667526999975
0.443822786748999998
0.443539355977999983
0.443435810536000008
0.443753865226999999
0.443698163249999999
0.443682724819000007
0.443780701981000003
0.443678482360000015
0.443627461566000025
0.443485358503000027
0.443805060862999978
0.443777136243000025
0.443620660469999983
0.443502895467999980
0.443654367072000011
0.443714129352999975
0.443606906661999978
0.443432214084000020
0.443682860056999973
0.443743290311000016
0.443585920191000016
0.443871992822999994
0.443717199291999986
0.443825453215999977
0.443626399931000004
0.443849654736999999
0.443811546702999993
0.443707674225999993
0.443667212694999979
0.443688850046999983
0.443562597818999982
0.443676873583000009
0.443650214960000011
0.443781284253999986
0.443842160337000025
0.443787333368000025
0.443671830388999988
0.443651043718000015
0.443664347399000014
0.443709528505999984
0.443738314473999973
0.443901580422000008
0.443871690754999992
0.443709046784000027
0.443693421719000003
0.443736730086000009
0.443715912222000020
0.443746423963999992
0.443811891748999987
0.443648079362999992
0.443712449515999974
0.443627419322000005
0.443684769613000018
0.443752055786000021
0.443931033648000017
0.443912060800999986
0.443682126492000006
0.443737803574999978
0.443552381857000022
0.443550546488000019
0.443683685124000027
0.443494745901000020
0.443347940652000005
0.443497283211999993
0.443706372675000016
0.443745943824000011
0.443624892085000000
0.443648287987999990
0.443820619759999979
0.443966829097000026
0.443890785303000024
0.443666069128999974
0.443742274308999984
0.443821631059000021
0.443714793664000018
0.443809324778000003
0.443608757806000009
0.443576946056999988
0.443670412760999999
0.443784092889999982
0.443792975290999980
0.443662826775999997
0.443656248634999972
0.443560171966999983
0.443641482764000006
0.443701082997000007
0.443656134061999996
0.443726129670000025
0.443583735262000012
0.443518818280000005
0.443702913274000021
0.443772557479000018
0.443781775928000000
0.443807826725000021
0.443950148423000013
0.443772415074999982
0.443825636726999984
0.443762961826999980
0.443728233653000015
0.443751632178999988
0.443784957879000019
0.443666661848000021
0.443689229093999993
0.443683641093000014
0.443651941865999988
0.443697941938999973
0.443685113469000025
0.443790080696000011
0.443785158264000001
0.444018580517999972
0.443846070089999989
0.443634118502000019
0.443699136772999991
0.443708707641000011
0.443765518176000018
0.443758699132999979
0.443772122642999978
0.443673844749999990
0.443487843533000026
0.443717296397000027
0.443606668142999983
0.443538086604000015
0.443659310302000010
0.443653924621999984
0.443688571531999976
0.443998436785000006
0.443831635913000011
0.443775463995999986
0.443933542987999974
0.443924247044000020
0.443897384328000022
0.443820383353999981
0.443690917256000017
0.443804787307999993
0.443649630169999976
0.443759061964000001
0.443686008646999974
0.443721578823000007
0.443546093518000006
0.443339018400999985
0.443314029381999986
0.443655821311999987
0.443887135230000007
0.443896025261000027
0.443962177143999992
0.444015850328999984
0.443893265686000016
0.443766021803999988
0.443692800898999984
0.443660329311000023
0.443525055730000006
0.443619303650999997
0.443696793102999976
0.443429143226000022
0.443635309621000007
0.443627078572999989
0.443582295349000011
0.443832112557999980
0.443868610361000004
0.443926983213999982
0.443667246811000004
0.443650485227000013
0.443521210448000025
0.443791300190000015
0.443842379077000027
0.443868228957999988
0.443657212011999980
0.443835043280000008
0.443862989318999979
0.443726813296999978
0.443673933104999973
0.443885675599999974
0.443787598602999989
0.443811079303999989
0.443880955844999980
0.443768810703000005
0.443518513007999993
0.443629101246000024
0.443511587669000007
0.443604030325999987
0.443486210792000013
0.443633617633000021
0.443878264400999978
0.443847930537999980
0.443786324316000014
0.443775405499000020
0.443610049098000003
0.443549849060999979
0.443539867834000012
0.443697911960000024
0.443704048766999981
0.443764311974000014
0.443674103529999975
0.443753471685000012
0.443796708671999995
0.443678466591000020
0.443588024417999993
0.443696603109999976
0.443573116739999995
0.443594198260000017
0.443788937516000015
0.443753678919000027
0.443691379931999974
0.443558037991999998
0.443563624062999984
0.443795336953999975
0.443789263460000027
0.443687403880999975
0.443596205221999995
0.443519706218999998
0.443695350787000009
0.443694707158000023
0.443987903281999996
0.443781942724000011
0.443594489998999975
0.443630245809999990
0.443621991539000005
0.443799981592000015
0.443798674042999997
0.443958758723000002
0.443713179537999991
0.443777787613999997
0.443822405407999998
0.443839079068999998
0.443707935007999987
0.443841030819000004
0.443887958394000026
0.443758838641000020
0.443739332905999984
0.443677626910000011
0.443550740632000007
0.443573842514000005
0.443573282530000002
0.443663587756000011
0.443689338205999984
0.443888733106000022
0.443879206453999975
0.443872265215999984
0.443650172620000005
0.443536175300999980
0.443615817565000015
0.443599319222999999
0.443748753353000014
0.443516830216000024
0.443450484194000016
0.443528625093000006
0.443686212445999983
0.443761111737999980
0.443752782552000014
0.443908429596999998
0.443840289576000024
0.443647475956999993
0.443764083668000020
0.443815411428999995
0.443674020063999974
0.443915165743999973
0.443723148871000006
0.443700186301999977
0.443679114699000010
0.443866255062000004
0.443655048305999999
0.443789980438999976
0.444041746981000018
0.443887500263000001
0.443769319714000021
0.443686192957999992
0.443770500083999986
0.443852583470999984
0.443827827273000020
0.443844978743999974
0.443694713108999994
0.443680463410000003
0.443759213147000009
0.443714041027999995
0.443769642650999996
0.443961237868000014
0.443642016530999994
0.443619489772999975
0.443745881309999979
0.443712367152000020
0.443745193995000009
0.443600701792000007
0.443732615456999990
0.443719818272000022
0.443837661155000007
0.443907848120999982
0.443821275296999995
0.443863884850000001
0.444057755818000000
0.443980406930000016
0.443722780167999986
0.443837296454999974
0.443858373819999985
0.443841936238999979
0.443682406508999982
0.443688869847999989
0.443585975758000017
0.443490285182000010
0.443517969848999993
0.443841929291000026
0.443915216963999992
0.443758043910000011
0.443752860483000000
0.443755251703999987
0.443787645424000010
0.443566677750000027
0.443640809470000008
0.443698852867000004
0.443643547051000009
0.443583839156000026
0.443914827785000021
0.443869285842000028
0.443790875382000016
0.443752795418999979
0.443667000541000001
0.443715456775999995
0.443755652092999997
0.443701935129000025
0.443855805052999985
0.443747393943999979
0.443786553796000016
0.443777020452999993
0.443772882249000022
0.443780998568000018
0.443752384822000023
0.443806656194000004
0.443816082745999985
0.443914977945000011
0.443769200018999999
0.443679029564000016
0.443828634105999986
0.443815788782000009
0.443887859858999978
0.443786106070000019
0.443676243515999991
0.443906450279999976
0.443985662082000021
0.443936634203000002
0.443855754990999996
0.443808982206999991
0.444025249409000011
0.443757576719999991
0.443659171700000021
0.443569824301000004
0.443576144835000019
0.443698517246999991
0.443800690017999988
0.443663088697999974
0.443792885957000005
0.443682891690000025
0.443435808014999988
0.443711701956999993
0.443808218442000024
0.443768113698999989
0.443725884374999990
0.443714062527999997
0.443786880677000006
0.443684886150000013
0.443964485783000018
0.444095380869000023
0.443973057527000003
0.444073433105000026
0.443865621533000021
0.443898672855000009
0.443780043421000026
0.443813766072000015
0.443819440264999976
0.443839098814000022
0.443680450529000014
0.443638516992999998
0.443924403173000026
0.444029593044000026
0.444048418208000006
0.443956140070999983
0.443957775057999993
0.444030832563000022
0.443976428255999978
0.443853868383999983
0.443904002048999990
0.444002512703999985
0.444025095046000018
0.443718206682999994
0.443720515714000008
0.443510617024000020
0.443523299658000025
0.443653865531000002
0.443678119172999985
0.443905501468000008
0.443620019711000013
0.443578571648999997
0.443563615949999990
0.443527252405000016
0.443503044595000007
0.443470593507999999
0.443658360382000017
0.443614942753000008
0.443573628454000002
0.443795003552000022
0.443770522125000011
0.443703883168000024
0.443533512174000000
0.443419288417999991
0.443559656201000019
0.443670031214999983
0.443511810361999992
0.443673343135000009
0.443642255237999994
0.443827795297999983
0.443839908949999973
0.443846850781000002
0.443898315561999990
0.443641942075999995
0.443931537210000005
0.443792146203999982
0.443823924403000003
0.443885169379000022
0.443694804785000008
0.443611269817999976
0.443868156961999993
0.443895819385000001
0.443916880447999984
0.443914179711999979
0.443727274095000013
0.443704622411999983
0.443677805239000023
0.443632842307000008
0.443681034817999975
0.443729194120000003
0.443813693584000024
0.443586095008000003
0.443653940281000025
0.443807190716999977
0.443772322940000019
0.443636832445999996
0.443707582601999995
0.443738070644000004
0.443615419226999985
0.443554762398999991
0.443701273594000023
0.443682942372000011
0.443598565238000009
0.443586131965000019
0.443620630672000027
0.443862028992999980
0.443926206438999993
0.443881259861999999
0.443828213623000012
0.443540953505999980
0.443485007875000004
0.443489534010999997
0.443516453701999991
0.443628402465000016
0.443717220984999994
0.443621080185000016
0.443612846509999992
0.443453513046999981
0.443641566646999996
0.443728111485000021
0.443907307510999993
0.443877547084999990
0.443574912197999993
0.443484037938000009
0.443845894567999999
0.443671454763999995
0.443746758620000015
0.443903692025999996
0.443660867012000026
0.443776715468000016
0.443656817771000023
0.443683749811000006
0.443753422476000026
0.443765281113999988
0.443584829472000008
0.443810481977999993
0.443952398327999986
0.443866651275000024
0.443659360629000021
0.443853928723000002
0.443745868726000026
0.443752918918999983
0.443626209614000011
0.443473611333000006
0.443346527368999987
0.443740971249000027
0.443823438128999992
0.443705018968000020
0.443517687852000020
0.443575738659999996
0.443634821131999979
0.443850700125999975
0.443665173799000001
0.443551771867999989
0.443518665422000025
0.443593871304000020
0.443475495852000023
0.443478982909999986
0.443311210106999976
0.443393433406000015
0.443399984754999976
0.443773552352000000
0.443711123440999999
0.443711522523999979
0.443598432935000009
0.443536704635999979
0.443562329767999974
0.443488474159999979
0.443772154470000013
0.443552321402000016
0.443705539930000004
0.443644253760999974
0.443645763204999988
0.443707732831999990
0.443447521209999973
0.443496345730000019
0.443527211839999991
0.443694022871000016
0.443664874052000002
0.443779427293999995
0.443704053591999992
0.443735689647999976
0.443558652785999985
0.443673706980000027
0.443955352962000005
0.443540894485000003
0.443589474992000021
0.443571607106999999
0.443770586194000005
0.443616268967000016
0.443764951429000021
0.443609786321000010
0.443846964206000005
0.443721494496999991
0.443770580686000005
0.443680878298999992
0.443854340462999986
0.443814623756999982
0.443709450629000024
0.443897189668000014
0.443746269266000026
0.443678749556000007
0.443711343729999985
0.443579174912999974
0.443741369539000008
0.443720322339999973
0.443899684121000004
0.443851594140000028
0.443715914947000023
0.443739502033999977
0.443753936710000019
0.443681209163000023
0.443699786067000002
0.443771755754000019
0.443624896519999978
0.443621167915999981
0.443767634786000009
0.443749360052999975
0.443802427127000021
0.443756415524000025
0.443949625036999973
0.443898325721000020
0.443794162779000023
0.443617223790000015
0.443749063782999997
0.443877571008999994
0.444041489489999996
0.443708331466000028
0.443739188918000016
0.443734353485999988
0.443861313922999989
0.443840590272000013
0.443815738259000003
0.443653227563999997
0.443642130267999979
0.443798245202000008
0.443677266191000008
0.443702677024000014
0.443715716388000003
0.443688133097999982
0.443617538467000028
0.443843701367999999
0.443770201136000020
0.443682839639999993
0.443583887961000012
0.443702049827999989
0.443756336309999999
0.443843800705999991
0.443659711999000006
0.443605628262999985
0.443773640588999985
0.443894880363000011
0.443803082575000007
0.443763151377000009
0.443693137911999991
0.443518246639000024
0.443540337228000014
0.443673273722999972
0.443837634478999987
0.443797039840000018
0.443700147875999984
0.443855288221000011
0.443892275557000004
0.443725417572000014
0.443694564881000009
0.443710770857000003
0.443715782697000016
0.443604137451000025
0.443700904768000004
0.443751832637999999
0.443495158569000014
0.443588576627000020
0.443643642132000027
0.443830272367000012
0.443938122908999977
0.443864299347999980
0.443733300238000006
0.443776720286000015
0.443834401122999989
0.443752363330000010
0.443947044653000000
0.443941203806999973
0.443957634629000009
0.443861837967999995
0.443811231703000020
0.443827911678999987
0.443524973122000010
0.443600530948999983
0.443732803813000010
0.443872442249000021
0.443860167392999994
0.443722114007999990
0.443755034805000004
0.443860365498999987
0.443802433446000011
0.443913380690000026
0.443633235286000016
0.443683944599000013
0.443634022133000017
0.443892832913000024
0.444002679361999997
0.443837708087999994
0.443751918011000002
0.443821872123999983
0.443559150489000020
0.443617581097000002
0.443598340029000004
0.443548202143999981
0.443653535671000021
0.443705277314999980
0.443457149607000001
0.443578810709999993
0.443579232320999994
0.443533932804999975
0.443572377871999990
0.443446946760999994
0.443463527322000006
0.443797138867000007
0.443787485809999993
0.443831673712999975
0.443870730466000007
0.443754091085000024
0.443705941694000017
0.443908384105999976
0.443774457835000025
0.443804271026999986
0.443779028382999985
0.443791822273000014
0.443831354969000003
0.443756650134999986
0.443737527618999983
0.443821593976999995
0.443754910589000018
0.443524242951999992
0.443537359710000023
0.443774227372000007
0.443759110141999980
0.443714377298000007
0.443700404927000025
0.443742003338999991
0.443687746805999983
0.443766979374999981
0.443806946199000019
0.443764970523000013
0.443836333482000023
0.443695689715999986
0.443715587322999983
0.443590809468999980
0.443693914294999991
0.443557428668999998
0.443583203079999988
0.443634787586999979
0.443935667977999993
0.443820484525999981
0.443650464257999977
0.443841221655999985
0.443974586692000017
0.443845012639999981
0.443520301394999983
0.443703306768999994
0.443765016936000012
0.443706523046000001
0.443651182566000002
0.443656238428000005
0.443660732180000017
0.443959002676000025
0.443907891491999995
0.443804205720000011
0.443808149674000008
0.443755690169999994
0.443737655361999994
0.443736078370999987
0.443695663932999973
0.443739509172000002
0.443821218650000016
0.443663672416000021
0.443556680927000013
0.443449084958000006
0.443431576084000023
0.443465006464000000
0.443707663161000021
0.443742091647000014
0.443701973942999983
0.443807399624000010
0.443812622998000006
0.443769895128000025
0.443841557128999975
0.443567478768999990
0.443788534743000007
0.443821341297999994
0.443592165604999977
0.443654054479000026
0.443765198152999973
0.443830952895999997
0.443847580287999977
0.443688239995999989
0.443610750057999992
0.443533777748999991
0.443622337247999987
0.443506370862999988
0.443334527013000024
0.443651874404999980
0.443865009091999996
0.443703939840000006
0.443919001644000000
0.443767724397999996
0.443866776607000024
0.443842092464000026
0.443869287429999981
0.443672891951999993
0.443586118972999988
0.443753900917000010
0.443656420840000010
0.443731079211000023
0.443733639296999993
0.443670236218000003
0.443624434522000011
0.443822859811999981
0.443722376560000020
0.443763662577999984
0.443708370046000000
0.443536504707000012
0.443649768752999996
0.443487329187999990
0.443682107147999993
0.443648705641000007
0.443572412741999988
0.443504957215999973
0.443563407387999986
0.443870739545999982
0.443722481592999984
0.443803847718000022
0.443531954088999980
0.443558940326000017
0.443605153176000022
0.443617252663000006
0.443853517558999988
0.443912352446000025
0.443934916673000002
0.443867653003999996
0.443785790165000027
0.443869738577999995
0.443648328844999995
0.443674738979000005
0.443598077174999994
0.443813551016999985
0.443719758424999999
0.443738467227999978
0.443788001064999993
0.443747094752000026
0.443684084626000008
0.443706154896999994
0.443650804474000016
0.443584262524999995
0.443624825034000025
0.443728968072999996
0.443629812203000018
0.443737904470000000
0.443654096858999980
0.443689287724000014
0.443803140781000027
0.443623307706999981
0.443751198459000018
0.443688199103999981
0.443727999988999977
0.443615958470999994
0.443440582904999991
0.443833732438999984
0.443870038327999983
0.443609284272000026
0.443484793368999985
0.443477570350000017
0.443574415216999973
0.443688068622999976
0.443713189143999986
0.443635488071000006
0.443624744853000019
0.443851110393999992
0.443873692167999989
0.443635494440000000
0.443601127210999979
0.443724533726000014
0.443589696360999985
0.443611290767000011
0.443623550498000008
0.443693268733000024
0.443664005457999999
0.443761227082999976
0.443795562377000019
0.443775863933999981
0.443824427648999986
0.443644869378999995
0.443633632569000014
0.443734003383999986
0.443870824607999981
0.444004181709000023
0.444025169596000024
0.443829734445000013
0.443813645538000012
0.443978837198999998
0.443894228481000019
0.444107707760000026
0.443751895223000015
0.443769561034999982
0.443727882143999997
0.443726928402000009
0.443771261812999973
0.443694202717999975
0.443774450802000009
0.443815651217999985
0.443737821024999979
0.443597910265999984
0.443553645877000025
0.443725321171999976
0.443951497161999997
0.443884774571999985
0.443838920518999980
0.443994694093999998
0.443881898331000002
0.443704236558999987
0.443711320246000018
0.443942519548000014
0.443842794227999993
0.444007157405000019
0.443793802768999990
0.443745657969000007
0.443875347016000010
0.443747162019999974
0.443926739966999995
0.443965328120999980
0.443814972282999987
0.443885759117999990
0.443705307207000021
0.443445758289999992
0.443742963666000023
0.443732775671999979
0.443700564796999986
0.443660862654000010
0.443680197208999982
0.443654537475999977
0.443659828870999973
0.443665869792000012
0.443525889296000009
0.443693097154000016
0.443762665464999984
0.443850331233999973
0.443849114819000024
0.443879148752999997
0.443998982124000019
0.443954511817000019
0.443707678097999991
0.443668900746999995
0.443866866836999996
0.443897406343999990
0.443703832888000027
0.443764212790999979
0.443701060772000000
0.443684349992999993
0.443815963563000015
0.443689656546000011
0.443780397885000011
0.443747029655000014
0.443804575909999999
