0.437544293437000020
0.437658736089000022
0.437714390695999989
0.437678162269000026
0.437616744512999978
0.437517297947999984
0.437404571911999995
0.437377222133999988
0.437526647180000006
0.437553687209999986
0.437530017017999984
0.437625538759999988
0.437598975163000004
0.437676494706999986
0.437666900256000024
0.437667289738000009
0.437634378119000023
0.437701953340999983
0.437480093007000026
0.437534620960000009
0.437567221115000016
0.437503026562999997
0.437475647197999973
0.437598151180999984
0.437544256708999990
0.437455086998999987
0.437439370157000018
0.437579188938000019
0.437505891290000004
0.437368610594999985
0.437486406998999988
0.437242538585999985
0.437537277684000026
0.437331538560999988
0.437412375987000002
0.437241345343999999
0.437150672100000026
0.437322494379000004
0.437500509189000020
0.437567898737000027
0.437391794896999975
0.437383923968000021
0.437371940979000007
0.437542898299000005
0.437412257824999984
0.437262366249999979
0.437248056614999991
0.437530994444999988
0.437615797177999977
0.437560742290000027
0.437458143545000011
0.437518585535999982
0.437523701626000017
0.437514406821999990
0.437457302923000002
0.437460262313000003
0.437707574074000016
0.437429869548000005
0.437460403612999982
0.437544068253000018
0.437482547208000006
0.437633235775000018
0.437378813651999987
0.437370687874999997
0.437456455997999982
0.437338082831000008
0.437360796034999999
0.437493787872999973
0.437556516349000002
0.437621377925999977
0.437478911994999997
0.437616553675999997
0.437533962133999976
0.437571772844000006
0.437502538622000003
0.437558895893999988
0.437526432824000000
0.437374637326000015
0.437485546293999994
0.437469428069000021
0.437573354660000025
0.437440192165000019
0.437475373097999998
0.437576273848000019
0.437506809614999992
0.437608581350000025
0.437526235935999985
0.437680880034999997
0.437590408938999975
0.437500767221999987
0.437444873013999980
0.437425643189999991
0.437574521044999998
0.437584544078999993
0.437437626048000017
0.437518524558999977
0.437435475485000003
0.437402676927000023
0.437370934298000003
0.437376861486000024
0.437466204490999988
0.437509691260999978
0.437414664984000001
0.437443627118999978
0.437534416471999976
0.437438448227999988
0.437165750076000004
0.437455816722000013
0.437529440649999990
0.437859152232000004
0.437872004217999988
0.437814251800999976
0.437555892958999992
0.437427325435999992
0.437487823210000015
0.437584929532999989
0.437624588466999975
0.437602273596999991
0.437564686327000019
0.437362959119000028
0.437457541592000010
0.437340637304000024
0.437370329675000002
0.437510199418000012
0.437658423635000016
0.437524902235000013
0.437533264583000014
0.437640848219999989
0.437455232806999994
0.437686408909999991
0.437745097000000027
0.437563135910000012
0.437724335949999988
0.437595471617999998
0.437394439653999989
0.437537180081999988
0.437607333094999995
0.437620810350000000
0.437509703837999975
0.437518115691999998
0.437470058700999975
0.437796049118999997
0.437601831281999976
0.437557195505999974
0.437523509420999990
0.437757152867999988
0.437744343029999983
0.437822974782999974
0.437695895898000009
0.437528210347999991
0.437539324333000024
0.437529086314999982
0.437588069886999997
0.437732556489999980
0.437628075584999998
0.437560787866000001
0.437358940340999980
0.437255494686999979
0.437366758793000021
0.437539358406999979
0.437697045048999978
0.437599229841000026
0.437733052233999997
0.437629449399999981
0.437582860804999974
0.437680230630999978
0.437569488707999998
0.437540195297999979
0.437668667201999984
0.437802742427999991
0.437707987949999988
0.437496734981000002
0.437481646015999981
0.437508845127000001
0.437645896839999993
0.437650440285999975
0.437507250710000017
0.437604816186999979
0.437574015215999979
0.437811121106000012
0.437656119527999987
0.437542597984000026
0.437451855891999974
0.437366241455000027
0.437485406527000020
0.437506821445000027
0.437279210339000024
0.437278430883000002
0.437414546961999995
0.437404534186000005
0.437453960423999977
0.437450485306000003
0.437658224573999999
0.437554140478999987
0.437466810676999995
0.437431925310000025
0.437512819361999983
0.437797470502999997
0.437715751149999999
0.437735945251000014
0.437708463059999997
0.437529657314999987
0.437464466739000024
0.437548310366000004
0.437334631962999987
0.437457472261000013
0.437408235678000024
0.437486558598999986
0.437403001758000010
0.437395762447000014
0.437290439332000014
0.437441264248000006
0.437652266324000006
0.437551209423000020
0.437473126586999994
0.437236526296999994
0.437245795961999972
0.437314579937999992
0.437434653205000024
0.437443636289000015
0.437447903786000014
0.437439164037999983
0.437561289502999995
0.437470145433999980
0.437531261359999979
0.437646939705000015
0.437581112200999989
0.437663992524000012
0.437505771819000022
0.437645002436999997
0.437530524387000019
0.437536447303000009
0.437437732084999975
0.437135135406999997
0.437256693041000011
0.437370523946999989
0.437505164082999998
0.437479835864000022
0.437469158929000013
0.437493236778000005
0.437290194716000002
0.437309407285000007
0.437453187695000023
0.437413260561999973
0.437494888399000026
0.437434763707000018
0.437478257225000000
0.437436225665999989
0.437369921092000014
0.437385262370000027
0.437533939189000021
0.437537375555999974
0.437389498347000028
0.437522108789999975
0.437232870795000006
0.437309951041999989
0.437404770446999991
0.437444465413000028
0.437421497524999980
0.437479584329000026
0.437776004479999981
0.437598184398000023
0.437431377833000012
0.437448142965999986
0.437619667815000002
0.437536177322000008
0.437411880427000022
0.437531445136999986
0.437806759953999980
0.437799486201999988
0.437584610593000023
0.437462709961999985
0.437524656781999977
0.437548122634000003
0.437428482565999976
0.437447153940000000
0.437581387912000019
0.437591420088999983
0.437444110130999986
0.437424912378999997
0.437682354436000010
0.437701307395000017
0.437560223153000027
0.437257651708999995
0.437307985683999978
0.437421741633999994
0.437383439817000008
0.437285949392999973
0.437295609979000022
0.437287244500000005
0.437266047569999983
0.437303314557999978
0.437361051928999989
0.437607941433000025
0.437655273959999980
0.437571223356000016
0.437529960945999996
0.437684155670999997
0.437627181262000009
0.437672299277999999
0.437567212473999989
0.437430529994000006
0.437616061130000011
0.437469769030999989
0.437390529593000010
0.437362641087999993
0.437518194272999983
0.437475043657000018
0.437362483487000020
0.437276927543999994
0.437337983455000023
0.437542476309000006
0.437557135621000015
0.437641114315000024
0.437515409469000027
0.437560560579999980
0.437696816745999973
0.437464801050000018
0.437599894787999988
0.437379630317999979
0.437358861147000011
0.437475126724000019
0.437306300857999986
0.437444742030000000
0.437494220837999992
0.437410292937999989
0.437282013334999997
0.437313231520999990
0.437202851871999976
0.437310247807999986
0.437194053689999973
0.437381938876999998
0.437517466490999984
0.437494811784999993
0.437591839764999990
0.437345745110000017
0.437399859065999985
0.437366041184999998
0.437438272143000018
0.437561967448000022
0.437472692699999999
0.437361016496000010
0.437487472890999984
0.437437952372999983
0.437395952937000010
0.437381217534999978
0.437481681971000014
0.437498070555999985
0.437464389191000003
0.437582436686999976
0.437481935923999976
0.437496865126000001
0.437536043734000013
0.437514724266000021
0.437562985028000007
0.437602568093000022
0.437567739467000005
0.437537498833000027
0.437678590699000003
0.437638193936000008
0.437507185314000013
0.437437375874999979
0.437356650688000004
0.437462175629000027
0.437287362690000014
0.437541250393000014
0.437562709230000013
0.437697079044000015
0.437471496271999993
0.437590948267999991
0.437629348359000026
0.437603922101999998
0.437742067763000009
0.437688619537999979
0.437612122822000016
0.437682137641999980
0.437673731640999986
0.437507263277999991
0.437306821903999998
0.437659755383000004
0.437507520052999976
0.437547879945999973
0.437584341430000023
0.437580141643999998
0.437559152698999976
0.437616995520999974
0.437475471743000000
0.437661039209999991
0.437674202176000005
0.437542848129999995
0.437472954648000012
0.437620580252999991
0.437646691841000024
0.437697842103999979
0.437756699864999987
0.437588225160000011
0.437635373039999998
0.437584132981000018
0.437523067579999980
0.437483969036000009
0.437365529851000023
0.437297284580000001
0.437280485857000023
0.437103505793999980
0.437378625314000014
0.437553379723999991
0.437530270253000009
0.437445329782999992
0.437453716777999990
0.437362055463999977
0.437383928101999997
0.437200758003000012
0.437317243728999994
0.437420048499000014
0.437458927295000022
0.437752139907999993
0.437794457595999997
0.437844154712999978
0.437697831819999994
0.437555260938999990
0.437650824084000023
0.437744576938999985
0.437734895291999992
0.437758450247999975
0.437763404733999995
0.437567704047000017
0.437604864817000005
0.437373531247999991
0.437663143014999978
0.437415610525999976
0.437423407827000010
0.437396021168000027
0.437472582263000009
0.437628320532000015
0.437750807306000023
0.437750070142999992
0.437753269343000018
0.437575630966999973
0.437381450102000024
0.437449832885999979
0.437594284022000013
0.437672221583999987
0.437504322564000014
0.437664075320000012
0.437640632568000010
0.437554248897000009
0.437465778600000021
0.437504173823999976
0.437635404153000007
0.437507920172000020
0.437554227688000008
0.437609357806999999
0.437534815567000024
0.437557675578000016
0.437635274545999986
0.437494083059000005
0.437420875711000023
0.437531392987999979
0.437551310314000019
0.437567265586000009
0.437459035416999986
0.437489595359000005
0.437475543676999978
0.437618834871000006
0.437631602406999998
0.437685020433999983
0.437695100147000027
0.437751351924999976
0.437613462078000004
0.437545586661000019
0.437326882904000014
0.437345259581999990
0.437520265808999997
0.437589922033000012
0.437450569856999982
0.437477145635000009
0.437529568606000008
0.437492001341000025
0.437560008002000012
0.437469740406000007
0.437674587620999977
0.437530902353000017
0.437777541504999979
0.437856035899000018
0.437596361907000020
0.437556662101000027
0.437427069815999991
0.437680497053999973
0.437677632653000026
0.437508010015000004
0.437556996746000015
0.437582179020000017
0.437483214326999992
0.437416655288000000
0.437397094456999980
0.437511607008999992
0.437513538204999997
0.437559470531000028
0.437549992486000017
0.437500836394000003
0.437577553643999972
0.437675367814000016
0.437510749839999991
0.437539843004000006
0.437504824261999992
0.437413386306999996
0.437466220196999989
0.437487547232999985
0.437289647183999985
0.437498219103000019
0.437595127234999992
0.437504690452000022
0.437482277541999975
0.437587708394999997
0.437551469450000008
0.437699071872000023
0.437624237071999989
0.437627621096000008
0.437816661835999987
0.437705705768999975
0.437583732100000011
0.437508876210999986
0.437501141353000000
0.437240438012999999
0.437392765485000001
0.437569660939000016
0.437756027948000004
0.437513983777999993
0.437657699086999974
0.437621390607000005
0.437387570311000007
0.437389789645000027
0.437428590216000002
0.437492439394000010
0.437383652233999998
0.437395347037000004
0.437365463492999984
0.437632415564000010
0.437652071914999996
0.437512289393999998
0.437690862485999976
0.437354384220000003
0.437576403916000001
0.437555296769000013
0.437611823429000013
0.437571254907999974
0.437772035660999981
0.437636415015000002
0.437452591963999993
0.437567765662999986
0.437653481517999987
0.437640184200999982
0.437610003151000015
0.437665955413999996
0.437646029316999974
0.437324248069999977
0.437373995020000017
0.437418604955000012
0.437459369360999994
0.437513648079000006
0.437557632186000023
0.437553279105000026
0.437647664303000006
0.437540334372000017
0.437647221031999989
0.437451417865000025
0.437709409717999987
0.437902178796999997
0.437858420693000017
0.437912947888999982
0.437670718736999975
0.437555427654000018
0.437622140533000026
0.437403475084000015
0.437443517491000022
0.437461894429000020
0.437343573004000008
0.437585959026000004
0.437382991180000014
0.437395241390000022
0.437432356829000002
0.437342325872999982
0.437506522110999996
0.437540724985000018
0.437487700919000022
0.437329287371000019
0.437557684655000001
0.437359848325000022
0.437348327909000023
0.437353127248999995
0.437472676855000020
0.437608015751000001
0.437709671485999985
0.437620892917000015
0.437581937149999989
0.437475971537000019
0.437472194014999982
0.437369115202999981
0.437375015077999973
0.437649792569999974
0.437603118013000003
0.437655215182999990
0.437455192797000014
0.437373645561999980
0.437592766144999978
0.437731891689999986
0.437726210431000018
0.437591945526000003
0.437559353320999989
0.437526174135000001
0.437505004049999979
0.437353915634000001
0.437570033495999988
0.437410265402999987
0.437341504433000017
0.437729321165999996
0.437557524051999991
0.437549590857000015
0.437603547767999979
0.437674003500000020
0.437730245269000007
0.437538735251000011
0.437753893376999992
0.437674371439999987
0.437378973078000000
0.437529863005999997
0.437487836527000018
0.437549125920000004
0.437506176387999990
0.437261281298000015
0.437470986161999975
0.437462107491000007
0.437598424950999987
0.437719866432999982
0.437752492305999996
0.437719535604999987
0.437447649933999982
0.437641704276999999
0.437578287218999995
0.437521868887999987
0.437491112312999975
0.437644429275000024
0.437665427544000007
0.437725741642000010
0.437850475510000003
0.437523933169999990
0.437401350033999992
0.437300749238999975
0.437265428625000008
0.437330089859999993
0.437457194406000005
0.437610012305000018
0.437495112997000002
0.437406097260999993
0.437375255382999983
0.437322704379000005
0.437519032746999992
0.437532561062999981
0.437727705249999988
0.437631452051000014
0.437675858071999990
0.437531474515000018
0.437220263358999994
0.437421934086999975
0.437329119511000008
0.437467992894000013
0.437521287571000006
0.437556839982000012
0.437336068947000001
0.437292961039000005
0.437382421821000011
0.437443407291999986
0.437496093310000000
0.437581231838999996
0.437664716737000026
0.437541775149999979
0.437603944231000019
0.437727081244000005
0.437608873717000024
0.437296992925999994
0.437329986160000017
0.437269050167000017
0.437323102397999985
0.437314518747999981
0.437392325199999987
0.437645106843000009
0.437593278625000026
0.437540597708000023
0.437747430463999998
0.437712905220000004
0.437526665925000002
0.437508112477000000
0.437507932172000014
0.437507878613999979
0.437401891935000009
0.437716108815999982
0.437777597913000027
0.437665030035000013
0.437552751261999995
0.437707510485000006
0.437641312657000014
0.437421608096000003
0.437403877908999983
0.437461465486000012
0.437673123142000020
0.437628615291999978
0.437607457927999988
0.437512854240000026
0.437508009777999973
0.437561262803999984
0.437500236840999979
0.437442836863000006
0.437520653593000020
0.437287507314999990
0.437544378176000004
0.437662969951999992
0.437691071390999997
0.437625377864000020
0.437710056595999986
0.437787724596000016
0.437717601746999974
0.437538667245999990
0.437472466938000015
0.437543155658000005
0.437454651630000024
0.437492198662000009
0.437537464267999998
0.437388241853000015
0.437547822897000005
0.437629535156000005
0.437359678734000001
0.437461869256999980
0.437556929902000014
0.437462302796999991
0.437642831981999991
0.437728267333000021
0.437402170513999988
0.437400391486999995
0.437450184617000026
0.437311817092000010
0.437496720467000000
0.437534045082999978
0.437361201289000023
0.437342546857000025
0.437622201574999981
0.437774855271000018
0.437697015089999975
0.437601571344000018
0.437432657346000009
0.437386758947999998
0.437373863212999980
0.437208987760999979
0.437451565446000001
0.437401641979999978
0.437592188195999987
0.437634542206000010
0.437615293914999981
0.437482793834999995
0.437469298572999987
0.437728928647000026
0.437543182593999991
0.437690130158000013
0.437489682932000024
0.437538896442999981
0.437529433601999973
0.437392317753000026
0.437410578198000000
0.437437207865000011
0.437526588267000027
0.437481207134000016
0.437612475604000017
0.437657090071999988
0.437637399609000000
0.437463654204999997
0.437640087301999992
0.437748907525000008
0.437475220057999992
0.437411016488999993
0.437543377999000005
0.437398115942999988
0.437482086112999990
0.437734477522999987
0.437515112717999977
0.437462996144000027
0.437607052737000013
0.437285447604000010
0.437421168113000025
0.437543160584000002
0.437411158188000027
0.437271548015999989
0.437570413154000026
0.437596536847999984
0.437714263227000022
0.437819634106000000
0.437777868274000004
0.437609223014000015
0.437612953164000007
0.437519784332000006
0.437527118955000016
0.437539523799000019
0.437544713021999987
0.437694503559000025
0.437509038246000015
0.437681890603000001
0.437585894841000023
0.437749684513000004
0.437699454212999994
0.437729803862000000
0.437617346512999994
0.437569110849999998
0.437665743429999976
0.437471739803000026
0.437430828346999978
0.437490354174000007
0.437349938195000010
0.437399787591000011
0.437431568800000004
0.437463172858000016
0.437507727374999988
0.437473963219000006
0.437374868475000012
0.437597164659999982
0.437537086557999999
0.437596041150999981
0.437339594102999996
0.437302552432000002
0.437348103483999995
0.437575283267999993
0.437385772324000000
0.437406411172999998
0.437448793976999983
0.437316556312999982
0.437458222251999984
0.437570536366000018
0.437608400346999993
0.437445975104999996
0.437604258124999979
0.437560961500000012
0.437634984532999982
0.437649846371000018
0.437817475346000018
0.437573004990999992
0.437478510087000005
0.437602268529000027
0.437432576841999987
0.437381650035000014
0.437515091776000009
0.437362300425000017
0.437488483338000000
0.437333457473000009
0.437534195572999995
0.437639217354000021
0.437621808752000019
0.437578979533999990
0.437629871378000024
0.437482210397000026
0.437434687092999985
0.437453380270000025
0.437475990631999989
0.437451456266000016
0.437521721169999989
0.437413087473999984
0.437598193480999986
0.437541173539999995
0.437435290465000015
0.437402255853999999
0.437441139890999975
0.437499002961000028
0.437619282624000017
0.437683503892000003
0.437628389567000009
0.437435908938999973
0.437339520862999986
0.437470501986000015
0.437444910267999976
0.437515954531000006
0.437534211188000011
0.437554539517000018
0.437665425396000007
0.437654254969000012
0.437632860126000001
0.437690557915000000
0.437521584449000023
0.437694299873999992
0.437684119501000002
0.437592760565000016
0.437551058418999994
0.437754379520000014
0.437781743790000011
0.437627813809999988
0.437724681948000016
0.437414010760000027
0.437614329327000007
0.437466247309000023
0.437560362345999987
0.437485607689000022
0.437345613523999976
0.437332480181000016
0.437382336505000024
0.437240306638999987
0.437483045542000015
0.437530376473000027
0.437504993434000011
0.437640704498000022
0.437458856186000000
0.437473968554999981
0.437498456651000012
0.437452987238000024
0.437490283350999987
0.437577610555999974
0.437607795021999979
0.437778014735999976
0.437745890736000010
0.437695468355000006
0.437503084290999988
0.437479491102999996
0.437568693168999989
0.437459914316999987
0.437402845134999996
0.437330628374999975
0.437630999964000011
0.437704674038000008
0.437596304297000027
0.437709059422999980
0.437531534926999977
0.437528691562000027
0.437615819650999993
0.437600014262999992
0.437705608703000015
0.437628901186999986
0.437554979268000022
0.437544454620000023
0.437368201088999986
0.437383869496000000
0.437537648138999979
0.437496473996999979
0.437270012117000006
0.437501792127000022
0.437594165804000013
0.437314260150000023
0.437321312976000021
0.437284452474999974
0.437483520249000002
0.437436393792999978
0.437548683857999998
0.437491697735000018
0.437504474540000021
0.437554227181999988
0.437411431276000018
0.437416272205999990
0.437521891062999990
0.437665925549000023
0.437557759014000014
0.437638109923999985
0.437628733006000026
0.437631154623999985
0.437523375755999977
0.437243770244000018
0.437365806179000005
0.437433376119999995
0.437669004299999997
0.437685578542000020
0.437496472184000007
0.437435975392999998
0.437539700746999993
0.437747360821000020
0.437638368388000021
0.437459164141000001
0.437505720371999973
0.437464034356999987
0.437707410229999982
0.437464153660000021
0.437541637137999984
0.437514324675999988
0.437467185706999995
0.437465378530999982
0.437455980665000022
0.437526746708999992
0.437510070847999977
0.437484535437999977
0.437412074825999975
0.437495474215999991
0.437423520609000027
0.437409920319999979
0.437324344151000022
0.437409365569000008
0.437196091053999980
0.437271641629000007
0.437511728559000002
0.437648168672999993
0.437564753004999973
0.437473401568000020
0.437465590828999995
0.437485361512000015
0.437493728339000021
0.437491721349999974
0.437403045021000025
0.437530595269999989
0.437389516558999991
0.437461967002999996
0.437563900826999974
0.437676755623999991
0.437547041914000012
0.437751670102999979
0.437727055192000003
0.437718409222000004
0.437793421918000025
0.437480635800999995
0.437606231359999986
0.437438829601999979
0.437288985055000023
0.437501957707999989
0.437503702855999987
0.437449872675999996
0.437500272932000001
0.437442849937999978
0.437506030780999977
0.437404471208000023
0.437380942692000008
0.437438959048999987
0.437566342426999988
0.437559107762000021
0.437405315540000006
0.437574013667999973
0.437668417856000025
0.437670060262000005
0.437496485448999994
0.437652054389000011
0.437621612976999974
0.437406636289999984
0.437487499085999987
0.437512061936000007
0.437391334588999980
0.437506878411999978
0.437636061291000023
0.437627389995000005
0.437602520965999997
0.437378913621999987
0.437441930360000009
0.437409332799000017
0.437576755598000022
0.437440402432999975
0.437431651442000025
0.437473216336999982
0.437300973581000008
0.437282348536000010
0.437369173075999984
0.437335160717999993
0.437384759269000001
0.437179877922000026
0.437385556176999979
0.437411151921999974
0.437343434078000026
0.437252366625999978
0.437409268758999992
0.437561027519999979
0.437428251312000027
0.437422602531999993
0.437329572810000011
0.437596506712000011
0.437614487767999993
0.437619555759000023
0.437714269458000016
0.437596490359000001
0.437536706862000024
0.437451923176000013
0.437580310824000007
0.437563238389000020
0.437666393496000006
0.437552286715999994
0.437554921571000011
0.437543982479999982
0.437406629853999973
0.437354714719999982
0.437453068298999992
0.437782893030000009
0.437648636478999986
0.437591110446000020
0.437501424432000019
0.437514008683999978
0.437494663028999975
0.437476979714999992
0.437578075843000014
0.437478488188999981
0.437480418857999986
0.437520629451999987
0.437374266185000027
0.437368637853999986
0.437456176696000010
0.437260133798999973
0.437637512622999991
0.437610169725999976
0.437564541969000020
0.437535527292999993
0.437566411428000013
0.437699017621999975
0.437479648383999997
0.437344147485999979
0.437619069287000007
0.437564483780999991
0.437449405234999977
0.437455053320000009
0.437439730505000013
0.437563823896000015
0.437510680214000025
0.437573811681000013
0.437491972770999993
0.437461897917000020
0.437388080530000001
0.437491175447000002
0.437627003986999996
0.437411656355999989
0.437660096654999997
0.437711519278999983
0.437681720915999994
0.437539463851000010
0.437822463853999977
0.437596987223000000
0.437232816141999991
0.437477610685999996
0.437665115119000026
0.437662256008000017
0.437509411560999983
0.437448159256000002
0.437572943890999988
0.437515038256000022
0.437299738080999978
0.437350428048999984
0.437510368378000003
0.437619637389999983
0.437675660377999987
0.437465178060000015
0.437398958336999988
0.437412697693000008
0.437420737532999981
0.437548246513000005
0.437482348869999982
0.437514396826999996
0.437449386388999995
0.437529897913000010
0.437522772712000019
0.437511607768000022
0.437641019708000012
0.437724471341999988
0.437525376394000021
0.437514401978000012
0.437316399522000021
0.437361598665999995
0.437470485349999993
0.437392178422000011
0.437577174055999996
0.437504360531000003
0.437337648455999983
0.437598256540999986
0.437771308262999981
0.437840514311999995
0.437857589092999988
0.437903759349999977
0.437594110170999973
0.437589649856000018
0.437442342601999989
0.437480145574000001
0.437551652447999984
0.437649003704999984
0.437723839807000026
0.437463222794000017
0.437494690633999983
0.437472772800000020
0.437515048826999986
0.437475704558000000
0.437180448930000021
0.437403665406000008
0.437364029315000014
0.437302271001999976
0.437650991187999994
0.437732633940999982
0.437633003743000015
0.437591365594000026
0.437647308786000000
0.437484684452999983
0.437747761359999987
0.437518448213999989
0.437592043533000019
0.437672464071000022
0.437711176536000002
0.437634149550000018
0.437738042062000010
0.437531051878999988
0.437462521940999993
0.437339350565999985
0.437492061342000027
0.437557101900000023
0.437619508923000000
0.437543481364999987
0.437309805310000022
0.437327201153000000
0.437375358418000015
0.437358180488000015
0.437409402230000022
0.437394746705999982
0.437380181867000006
0.437345197316000023
0.437477986779999994
0.437323378255000006
0.437471028523000016
0.437327755215999980
0.437485575728000009
0.437552758413999987
0.437632307379999974
0.437616708422999989
0.437582541943999981
0.437469818584000025
0.437381514029999974
0.437352101943999982
0.437410999078999996
0.437301792806000011
0.437399053149999995
0.437697384823000024
0.437707993919000005
0.437629005130000026
0.437529966082000010
0.437458053118000012
0.437750686561000024
0.437690867460000022
0.437678162317000019
0.437578129082000000
0.437556445933000027
0.437490196739000026
0.437564340602999979
0.437655965649999978
0.437527780447000025
0.437512163226999984
0.437500665565000002
0.437458990468000020
0.437423077782999992
0.437513869065999983
0.437464793736999980
0.437646190316999972
0.437542188459000003
0.437327020886000006
0.437327422334000016
0.437416726127999977
0.437418615093000007
0.437435470715999974
0.437493434283000027
0.437494879323999997
0.437470625865000018
0.437472446389999992
0.437469762167000009
0.437483231698000019
0.437409280653999977
0.437273741795999982
0.437375377269999976
0.437428291385999979
0.437520776306000003
0.437521705368000002
0.437754706544999983
0.437674513047999980
0.437507685463999985
0.437631861432999980
0.437657508626000002
0.437695153334999976
0.437635095407000019
0.437603087384999978
0.437686783924999989
0.437698367593999993
0.437553885731000014
0.437426312363000003
0.437465002383999990
0.437464903296999996
0.437527603857999992
0.437487807670000006
0.437668162631999980
0.437562430527999979
0.437203089049000015
0.437084360000000005
0.437474722267999994
0.437638976296000015
0.437929334935000025
0.437930983981999977
0.437828883690999981
0.437681653562999984
0.437732126406000011
0.437710292607000007
0.437609824166000028
0.437642287801999985
0.437593666538000026
0.437665910258999979
0.437419734670999982
0.437498579471999993
0.437587437768999998
0.437582346414000012
0.437581201992999991
0.437662962908999975
0.437779697108000021
0.437659235744000008
0.437734049497000011
0.437575157243999979
0.437445463960999981
0.437631703262000016
0.437406995696999978
0.437659688747000009
0.437583198579999999
0.437492531558999975
0.437423044430000019
0.437611907452000015
0.437569341032000014
0.437523888844999986
0.437470578190000015
0.437643436913999984
0.437728880217000016
0.437671095025000012
0.437512273903000015
0.437553916195000003
0.437549755960999986
0.437639772132000004
0.437518116372999977
0.437693292263000022
0.437732210630999985
0.437502355688000000
0.437450157868999989
0.437617103574000021
0.437613198515000024
0.437535512530000004
0.437614856521000017
0.437694991473000006
0.437499953991999979
0.437487844680000015
0.437344942036999973
0.437322073272000011
0.437493052877999999
0.437543198738000017
0.437360210763000024
0.437407842373000011
0.437447546199999981
0.437404896987000025
0.437333931906000006
0.437515946536999989
0.437533437181999996
0.437655914533999990
0.437594750741999994
0.437515477205000003
0.437462801160000025
0.437583296575000003
0.437405099577000023
0.437566561023999989
0.437551198422999998
0.437681786126000005
0.437680947526999986
0.437575219063999987
0.437424863933000008
0.437369412138000013
0.437254091381999999
0.437491645335000012
0.437461670143000025
0.437336508176000005
0.437512673041999978
0.437538817771999988
0.437620858371999988
0.437390462867999985
0.437345290735999981
0.437377551202999981
0.437586566595000004
0.437486557873000004
0.437571163970000010
0.437499089482000003
0.437487820980999975
0.437483746065999990
0.437448389549000005
0.437317138406999983
0.437547059613999978
0.437466600603000022
0.437587157160000018
0.437613017014000016
0.437468348185000022
0.437409126340999987
0.437483207044999989
0.437323143133000025
0.437257699301000002
0.437218328376999976
0.437405685626999996
0.437483756960000025
0.437497251541999976
0.437602543286000012
0.437286794041999993
0.437320579875999982
0.437407612908000010
0.437439555812999981
0.437589934951999993
0.437702112024999979
0.437621831196000011
0.437511412927000021
0.437348603063999974
0.437538755828999981
0.437609823108999985
0.437565785812999986
0.437384573938000010
0.437315066304000022
0.437457287327000011
0.437679086386000005
0.437768191854000011
0.437895853288999992
0.437867110289999972
0.437830822183000012
0.437896367961000010
0.437859732524999989
0.437591992277999997
0.437507662874000003
0.437447543406000006
0.437351108077000006
0.437456314133999991
0.437596333750000011
0.437690996135999988
0.437710468617000026
0.437687092444000003
0.437503761692000004
0.437533024810000004
0.437493247151000020
0.437434240074000003
0.437475639643999992
0.437452059321999986
0.437446559517000011
0.437520585198000023
0.437492293089999984
0.437419561876999985
0.437404346228000007
0.437494471203000002
0.437490084288000014
0.437442327942999976
0.437553202773000027
0.437548047644000015
0.437560324833999981
0.437551936601999980
0.437464455884000014
0.437444914891999992
0.437438331073999986
0.437484240618000009
0.437422916925999994
0.437395192717000003
0.437393317903999990
0.437381936696999984
0.437576619647000009
0.437516825240999996
0.437266500030000005
0.437377246978000012
0.437546704737000025
0.437676384962000009
0.437761000507000009
0.437824840134000026
0.437855726885999996
0.437717285673999978
0.437526202147999976
0.437390849156999995
0.437536472186000003
0.437503645777999994
0.437644943552999988
0.437610903917000027
0.437734321368999979
0.437601524828000021
0.437479371206999978
0.437489083078999974
0.437472933065000014
0.437659394212000008
0.437416273909000008
0.437668717240000005
0.437707179024000026
0.437651073454999984
0.437697098314999977
0.437644966299999993
0.437320974142999974
0.437417970441000004
0.437406957701999999
0.437379935082000015
0.437353162106999982
0.437250392486999984
0.437469951272000002
0.437465380105000023
0.437416586868999979
0.437514218633999974
0.437354510824999987
0.437470136366000018
0.437667808970999994
0.437633737422000013
0.437505593254000014
0.437230264698000026
0.437232360202999992
0.437159551782000000
0.437201676536000006
0.437354228690999991
0.437545869643999996
0.437667288679999988
0.437606577827000021
0.437456106894999974
0.437362510689000006
0.437554175742999985
0.437489309577999974
0.437550815678000027
0.437549301680000002
0.437578176164999999
0.437604274244999980
0.437650319740000016
0.437742869458000006
0.437534603267000000
0.437759170289000021
0.437630274794000018
0.437609686428000022
0.437483369547999990
0.437505128547000022
0.437532589402999994
0.437575465554000009
0.437782767131999984
0.437535358804999996
0.437481596184000010
0.437286954240000025
0.437446828313000025
0.437374017793999981
0.437425142167000014
0.437571157484999973
0.437736591151999976
0.437410357726000010
0.437648806195000017
0.437717165507999995
0.437629132877000004
0.437523640489999976
0.437569486271000008
0.437642810185000009
0.437610328970999996
0.437570224763000004
0.437452017217000000
0.437507007961000005
0.437468990218999987
0.437583196005000008
0.437737150891000015
0.437766789950999990
0.437783923512999995
0.437836682204000016
0.437666295470000022
0.437563420752999976
0.437337435047999989
0.437276894844000008
0.437342237894999986
0.437574735358000011
0.437473248232999989
0.437614995946000007
0.437288351680000020
0.437298129443000005
0.437458178182999979
0.437369472312999996
0.437546965860000026
0.437451436917999981
0.437526860984000010
0.437736129606000002
0.437792060167000008
0.437675854192000002
0.437598016395000011
0.437517303138000024
0.437487007885999979
0.437425898185999973
0.437384398025999988
0.437358764128999988
0.437421504329000010
0.437579614349000001
0.437554339224000000
0.437598816155999992
0.437466828498000004
0.437558567284000000
0.437533504422999986
0.437501955000999976
0.437472587445000005
0.437390802445999982
0.437393712295999992
0.437518005238999974
0.437495286174000020
0.437442810402999982
0.437027662051000021
0.437073389987000016
0.437169723522000009
0.437381463985999974
0.437502892736999993
0.437510261594000027
0.437526826584999973
0.437360290591000012
0.437293119650999984
0.437472624771999996
0.437624234843000004
0.437809520141999975
0.437742660748999979
0.437528852949000013
0.437670374217000002
0.437554563253999995
0.437417482512000022
0.437515970202000004
0.437633988144999986
0.437558586984999998
0.437551719672999995
0.437823246931999976
0.437507574675000011
0.437608465639000022
0.437626021335999982
0.437451391297000003
0.437546891715999975
0.437615848985000000
0.437527025650000012
0.437531419445999992
0.437397416564999975
0.437443459604999974
0.437428360434000019
0.437386525716999985
0.437379284157999981
0.437497563545000023
0.437483209526999983
0.437381351498999982
0.437361134709999988
0.437449644957000006
0.437564726911999990
0.437511742272000015
0.437460487321000013
0.437367452732000006
0.437652121062000021
0.437511600662000011
0.437393976485000002
0.437599257209000003
0.437545887962000002
0.437564711597999978
0.437352877182999977
0.437259180588999985
0.437063211363000026
0.437128052752000007
0.437284100735999992
0.437547558333999997
0.437487863277999989
0.437495528626999974
0.437541715983999990
0.437620204319999984
0.437631719420999987
0.437465700437000005
0.437476394100999977
0.437616131078000015
0.437500610387999977
0.437488911674999981
0.437338945528000012
0.437515921773000027
0.437416149982999991
0.437502014852000021
0.437374114518999990
0.437538965893000009
0.437484698509999992
0.437549542490999976
0.437576535722999982
0.437462482734000013
0.437567651536000024
0.437572815519999991
0.437494467127999997
0.437459728696000028
0.437547300575000020
0.437298787761999985
0.437470429145999984
0.437713876305000027
0.437584797108000023
0.437598208699000013
0.437611092237999988
0.437668228910000012
0.437445967945999992
0.437587495541999993
0.437673190278999980
0.437502242064000013
0.437550665461000021
0.437593330027999994
0.437762332510999996
0.437489291213999987
0.437486543130000016
0.437484105748000007
0.437297355619000017
0.437297611510000017
0.437546304389999974
0.437565570632000023
0.437457169072999974
0.437429368852999989
0.437445050928000012
0.437580177999999986
0.437450246398999987
0.437260741085999993
0.437465740400000025
0.437602575423000018
0.437724869909000003
0.437696303206000004
0.437430195769999974
0.437600552804999987
0.437594226360000005
0.437711651219000020
0.437943797397999990
0.437610642504000003
0.437437196683999996
0.437468918202000012
0.437557741341000006
0.437356835687999990
0.437475307470999997
0.437426071931000027
0.437315561485000004
0.437322799368000004
0.437459769542999977
0.437599406628999987
0.437589288580999991
0.437511268665000008
0.437407191673999995
0.437441284629999982
0.437372878907999973
0.437536097394000012
0.437659428726999977
0.437684954490999978
0.437653276872000008
0.437448407551999985
0.437329231338000002
0.437530997089999985
0.437721912082000009
0.437424874464000024
0.437589440867000024
0.437576289193999990
0.437493323207999996
0.437419014724000021
0.437569561699000020
0.437543811416999995
0.437306275886000018
0.437293328205999976
0.437343922875000013
0.437372173633999994
0.437419444568000026
0.437217437641999995
0.437288063296999985
0.437379233184999994
0.437426590725999986
0.437270199518999980
0.437331172079000019
0.437282943320000006
0.437305719571000007
0.437223963772999991
0.437434452560000020
0.437436592261000012
0.437469569416000015
0.437285254893999997
0.437383594759000016
0.437440196148000005
0.437677393643000012
0.437544624930999992
0.437584216590000019
0.437555917271999995
0.437374925723999997
0.437480125368999995
0.437445343955999988
0.437815561989999991
0.437619963200000017
0.437728467765000018
0.437604963981000017
0.437528897665000027
0.437281455506999983
0.437519595654999982
0.437360586283999986
0.437513297706000004
0.437642675688000027
0.437517391204000017
0.437534753190999992
0.437506189754000019
0.437634587450999979
0.437672771705999997
0.437759103947000017
0.437736302118999998
0.437727976919999984
0.437745557710000011
0.437694708303000002
0.437614203626999987
0.437448989477999983
0.437471052854000009
0.437400042747999984
0.437669119529000006
0.437488554001999985
0.437397650508999980
0.437519522571999997
0.437305168931000021
0.437468035437000025
0.437318244058999994
0.437437959915999985
0.437516453380999981
0.437310101545999974
0.437390511197999987
0.437442845239999989
0.437477379690999979
0.437403063880999976
0.437486368944999982
0.437656134468999980
0.437524235817999985
0.437505206362999999
0.437459608996999982
0.437348663409000027
0.437545095571000020
0.437537851747999973
0.437369709037999987
0.437543665866000020
0.437452412010999991
0.437379135360999982
0.437528599249999983
0.437426455662999980
0.437322267069000015
0.437489933160000011
0.437587968501000013
0.437762173335999982
0.437715869839000016
0.437614375501999997
0.437440590163000020
0.437475119962999981
0.437433235455999991
0.437539238350000026
0.437341083319999990
0.437412451666000013
0.437372158271000011
0.437667497402000005
0.437519721535000017
0.437509366565000002
0.437235770600000018
0.437586328344999997
0.437375217147000006
0.437418396792999986
0.437540794517999987
0.437507399656999973
0.437466038710999983
0.437441843248000006
0.437586376594999993
0.437655007930000006
0.437532079487000014
0.437326479606000018
0.437366564201999986
0.437586367862000003
0.437431784995000017
0.437355319789999974
0.437553018133000016
0.437616904231000026
0.437715945644000015
0.437578264707999987
0.437497473753000021
0.437354144416000012
0.437636166049000019
0.437556080896000010
0.437714983017999992
0.437662640441999984
0.437619654749999976
0.437524486847999994
0.437268055478000017
0.437285793200999973
0.437413017183000019
0.437387179810000026
0.437458027989000020
0.437532095921999986
0.437592176306000002
0.437395336000000023
0.437573044083000018
0.437637937202999983
0.437658945068999994
0.437525764975000009
0.437426921683999992
0.437496229088999988
0.437524595193000021
0.437675504734000020
0.437575788457999992
0.437518216949000005
0.437459247966999976
0.437434028899999994
0.437582617098999982
0.437500361783999980
0.437536257310000010
0.437663651114000019
0.437438367659999994
0.437480360012000025
0.437565671380000021
0.437667332231999995
0.437674303978999979
0.437519145790000008
0.437490309103999997
0.437546670184999986
0.437659902263000000
0.437320971190999996
0.437334095990999983
0.437622846663999976
0.437511213181000003
0.437300347565000025
0.437330002398000017
0.437418268431000012
0.437475752557999975
0.437585989978000023
0.437354727441999991
0.437528692868999980
0.437536016162999974
0.437471464666999987
0.437559694981000002
0.437496731264999994
0.437640187038999984
0.437785264118000006
0.437688743293000004
0.437773730473999978
0.437655725529000006
0.437746261171000017
0.437821412344000016
0.437731609005000022
0.437589825466999982
0.437407708263000017
0.437667586737000014
0.437512710959999995
0.437466564529999991
0.437409006785999976
0.437561610461999984
0.437674755083000022
0.437643102220000024
0.437712417518999974
0.437857334190000003
0.437646427002000016
0.437794364674999992
0.437688714332000017
0.437486290145000012
0.437408696368000005
0.437460234477999976
0.437417777477999981
0.437445022081000001
0.437516000504000024
0.437572752918000019
0.437618850439000007
0.437668712357000000
0.437655651521999978
0.437463443364999982
0.437567405540000010
0.437618856220000019
0.437452938969999983
0.437459715430999985
0.437618706799999979
0.437561297080000022
0.437529677690000007
0.437577902392000007
0.437299378286000018
0.437391897465000012
0.437532515821000001
0.437445583266000027
0.437615051513000008
0.437753093736000021
0.437635673298000016
0.437546474272999975
0.437663169046000000
0.437609902012000007
0.437365430772000019
0.437496229093000011
0.437619165028000023
0.437702538661999985
0.437466880092000021
0.437605915417999980
0.437554636509000006
0.437706901249000024
0.437543563964000015
0.437497560959999976
0.437562728580999982
0.437433178651999988
0.437384667077000022
0.437330089648000020
0.437250436010000021
0.437358249792999976
0.437336269162000024
0.437292167821000000
0.437513348394000023
0.437434204087000011
0.437443667543999992
0.437537666453999996
0.437432216701000021
0.437438657758999982
0.437536463935000008
0.437565151589999979
0.437562727910000004
0.437591391602999980
0.437469235412999979
0.437596285142999974
0.437485598146999999
0.437339916747000013
0.437253994822000003
0.437240537616999991
0.437323970107000026
0.437388415876000025
0.437496589120999979
0.437572366285000014
0.437511381771000019
0.437483939189000026
0.437479080986000024
0.437469563557999985
0.437605942448999974
0.437588298378000007
0.437673280980000023
0.437608765908999997
0.437789464281999996
0.437628639154000021
0.437548252174000007
0.437671164567000004
0.437699393677999982
0.437565379955999978
0.437600385490000021
0.437501948412999997
0.437462644381000021
0.437517502261999980
0.437608408160999995
0.437445704612999975
0.437490068414000011
0.437452498043000015
0.437398838999000006
0.437568873538000003
0.437335396130999976
0.437182861134000011
0.437397703537000027
0.437614506665000014
0.437661707766999974
0.437763037397999988
0.437643581667999992
0.437680655653000017
0.437726079647999977
0.437743239253000016
0.437407521703999991
0.437566668742000009
0.437570610111999991
0.437448905245000019
0.437570764827000025
0.437483537152000002
0.437494505129999989
0.437491237872000005
0.437381819650000003
0.437317566383000011
0.437298093690999978
0.437425563527999994
0.437476635941000003
0.437492989235000018
0.437426215795999995
0.437501926077000003
0.437528913743999992
0.437615926117000009
0.437626985164000004
0.437576641343999984
0.437470353378999977
0.437494908650999992
0.437403050976000018
0.437397303899999979
0.437596996848999997
0.437420185284999985
0.437518012778999987
0.437404479105999999
0.437710674425000001
0.437680487718000000
0.437504746090999985
0.437512073951999980
0.437670182638000005
0.437511209520999977
0.437487917004000026
0.437553575299999997
0.437557125350999998
0.437376417999000011
0.437376572708000011
0.437525159120000007
0.437394384314000018
0.437424475842000005
0.437405625683000010
0.437445511695000011
0.437407817558999990
0.437516686847000014
0.437608479004999995
0.437424203630000008
