0.437072943330000019
0.436974345230000005
0.437134951877000022
0.437257459482000010
0.437352487256000011
0.437272897489000001
0.437147176658999992
0.437181061032999974
0.437020956824999973
0.437078658115999996
0.437008738183000012
0.437252982374999988
0.437253709297000026
0.437192047824000007
0.437153361389000017
0.437177115541000028
0.436981795462000000
0.437066442782000020
0.437016260809000023
0.437219921319000004
0.437217226914000001
0.437048084524000013
0.437064048089999990
0.437214261681000027
0.436991961017999975
0.437013762099999981
0.436909208574000008
0.437101404798000026
0.437002964072999989
0.437357674492000026
0.437090289952999977
0.437068059467999981
0.437035449389999997
0.437095671449000023
0.437070010941999987
0.437067094533000022
0.437271846203000025
0.437284277770999985
0.437403430388999981
0.437423118777999997
0.437222642443000020
0.437224216913000008
0.437207576049999991
0.437248238733000005
0.437184191243999987
0.437253036935999984
0.437212374598999975
0.437245436922000019
0.437341622002999975
0.437543627385000022
0.437338798776999993
0.437288435676999987
0.437253452601999992
0.437065590063999976
0.437034440030000026
0.436974455154000019
0.437114265408000024
0.437078091444999983
0.437184016941999987
0.437107844588000005
0.437080907783000017
0.437003781799999991
0.437156115532000011
0.437211246607999982
0.437217278950000010
0.437048144262999982
0.436921986210999980
0.436966955935000012
0.436878486582999992
0.436975495516000012
0.437079302549999993
0.437156780715000026
0.437176524211000006
0.436993571118000024
0.437016495599000021
0.437054431043000013
0.436899469059999990
0.437088497750000027
0.437308325306000001
0.437209120155999997
0.437234133457000018
0.437094830330999995
0.436896656065000000
0.437101590157000008
0.437106321562000022
0.437068184367999990
0.436939773639999973
0.436792360082000009
0.437069865318000017
0.437083744921999973
0.437216915942000017
0.437203126378000018
0.437072214426000027
0.437018763846000025
0.436864857895000014
0.436956471893000020
0.437114613496999982
0.436982462223000023
0.436835415901000002
0.437047425396999978
0.436937624585000017
0.437064692970000002
0.437109445498999993
0.437026069379999993
0.437210161852000012
0.437167586629000016
0.437104844464999975
0.437128078698000022
0.437278362924999997
0.437193666057999974
0.437086096757999976
0.437271321391000001
0.437443408046999993
0.437391836736999995
0.437335046439000008
0.437199419536999978
0.437306520320000003
0.437201917787999994
0.437342388262000004
0.437129378176999983
0.437114423603999991
0.437150349117999992
0.437297648646000015
0.436940290590000002
0.437094282675000001
0.436981156152999983
0.436853068564000024
0.437119591859999990
0.436953570040999995
0.436968557689000003
0.437180404939999989
0.437175449436000008
0.437268234573999992
0.437218320400000027
0.437112707581000015
0.437038837776000000
0.437088895894000018
0.437322391709000002
0.437293632651000019
0.437230732545999978
0.437281977117999987
0.437185841359999994
0.437368519038999981
0.437246227616000016
0.437339710935000014
0.437365932427000004
0.437206113085000014
0.437208843522999990
0.437062773226000012
0.437117045540000027
0.437208835462999990
0.437092224598000012
0.436989371806000004
0.436971531781999989
0.437054654222999994
0.437098461137999994
0.437181148673000008
0.437351671951999976
0.437366661039999993
0.437508862059000025
0.437475086863999996
0.437182490508999988
0.437073938138999973
0.437282516040999991
0.437326502793000005
0.437131523784999976
0.437254596426000008
0.437210620148999973
0.437003656587000022
0.437255336183999976
0.437238078719000001
0.437238556384999977
0.437082880087000025
0.436967163355000021
0.437062138757999985
0.437197519142000002
0.437076566692999990
0.437144166456000016
0.437163896636000027
0.437026626483999980
0.437168537104999977
0.437297432052999979
0.437480989829000022
0.437355898949000010
0.437267792767999985
0.437229429562999983
0.437170672546999983
0.437143812081999983
0.437101280277999993
0.437113471174000012
0.437148859873000006
0.437237622082999988
0.437177672046999977
0.437162404120999992
0.437435585191000009
0.437346355229999983
0.437253977844999975
0.437325153562000024
0.437118219064000002
0.437348164215000001
0.437175956056000015
0.437345086205999989
0.437176221242999985
0.437267331200999976
0.437189216024000016
0.437308588797999997
0.436969230425000021
0.437040562480999983
0.437266052121999982
0.437243471576000020
0.437343455772000012
0.437135076527000010
0.437160985906999977
0.437204801847000002
0.436989977510000016
0.437014575771000002
0.437046717788000028
0.437070417177000015
0.437166196359000003
0.437170591923999985
0.437135628888000005
0.437114825358999981
0.437054174643999982
0.437001307572999986
0.437018807850000024
0.437068618497999994
0.437118274959999997
0.437322053438999991
0.437252112796999992
0.437172121543000003
0.437255542042999990
0.437181418087000007
0.437125560828000026
0.437010277246999979
0.437020527152999994
0.437033764830000004
0.437087764423000014
0.437012190407999990
0.437092935003000005
0.437213617004999999
0.437058509401999973
0.437070254573000028
0.437106960260000010
0.436959497374000028
0.437202246811999984
0.437076643694000011
0.437173523035999989
0.437021439284999980
0.437049107104000023
0.436959859838999987
0.437004430037000013
0.436987431829999995
0.437186078440000014
0.437460892732999984
0.437282670262000017
0.437190652093999987
0.437186739521999990
0.437028514400000012
0.437020733729000022
0.437118655166999992
0.437125796845000025
0.437178004690999988
0.437155165283000025
0.437165911936999996
0.437044542086999999
0.437220768734999987
0.437219115526999991
0.437340687597999989
0.437248835551000026
0.437175616511999987
0.437368783338000000
0.437228020218000002
0.436982420970000007
0.437235885142000014
0.437058903230000018
0.437050919408000005
0.437007372311000009
0.436958023001999984
0.437094657075000004
0.437204463353000006
0.437025529640000021
0.437168174249999986
0.437017936744000024
0.437218391666000017
0.437086545722999986
0.437374147273000002
0.437291395460999988
0.437313632690000009
0.437186313388999992
0.437241458269999994
0.437307820763999988
0.437035760762999992
0.437011112084000009
0.437233960329000027
0.437071804060999991
0.437002519914999998
0.437097528999999985
0.437178872584000011
0.437205074548000006
0.437265108635999988
0.437302197695999983
0.437149923208999980
0.437211125382000021
0.437143245382000001
0.437052949254000012
0.437037079966999975
0.437139308807000027
0.437036891611999989
0.436947639050999981
0.436878208438000015
0.437132376205000006
0.436950379494999985
0.437023048543999981
0.437205455763000017
0.437121821096999985
0.437094840481000002
0.437217074285000007
0.437168641053999996
0.437195029791000001
0.437173312209999998
0.437206658357000011
0.437185621716000006
0.437144979054000016
0.437232407873999973
0.437254529770999989
0.437042084617999982
0.437250023820999978
0.437217025501000001
0.437248594767000009
0.437126405827000020
0.437268109725999998
0.437223366810999992
0.437064775730999999
0.437207997442000007
0.437187262540999988
0.437262903806000025
0.437233929896000018
0.437160574420000003
0.437230031124999974
0.437274623719000000
0.437260228545999996
0.437173219486999998
0.437209098415999975
0.437216793704999995
0.437269068659000004
0.437431543970999981
0.437481109490999998
0.437316290014999998
0.437314442836000017
0.437165695229000006
0.437059005060000005
0.437177645556000027
0.437077716196999977
0.437119488551000024
0.436826692577000020
0.436959723498999975
0.437024494506999983
0.437173099564000023
0.437095606525000013
0.436989133467000024
0.436939502598000018
0.437057177610000014
0.437101353369000023
0.437053320207999974
0.437155698164000017
0.437061799206000023
0.437309255165000021
0.437124881111999986
0.436994759913999997
0.436908467475000006
0.436779241160999976
0.436973435395999976
0.437011167528999989
0.437132851885000007
0.437176348829000028
0.436947805457999994
0.436718504657000017
0.437133102784000027
0.437233273643000020
0.437213261878000026
0.437318863082999998
0.437245376033999988
0.437196593261000022
0.437078088056000014
0.436993147691000006
0.436949725411000023
0.437010734376000021
0.437175151651000016
0.437107680271999977
0.437353891147000018
0.437161645127000009
0.437022884108999976
0.437193541698999988
0.437114723260999982
0.437223158502999976
0.437143590575000018
0.437064485501000022
0.437096001826000002
0.436984659511000018
0.437069505284999993
0.436998683587000003
0.437023040029999976
0.436901778879000002
0.437155431919000026
0.437126181940000025
0.437164213316000028
0.437045226482000004
0.437314772261999996
0.437196129696000024
0.437142000837000000
0.437104728526999997
0.437142071349999994
0.437135876164000015
0.437083626070000009
0.437238324502000009
0.437208481202000010
0.437178049781999978
0.437070911865000022
0.437163540721999977
0.437181884543999977
0.437295447735000009
0.437208397229999990
0.437171713078000013
0.437042641979999980
0.437083000404999977
0.437277249935999979
0.437155870885999998
0.437116247364000010
0.437105732320999973
0.437165497417999982
0.437224423952000008
0.437139297190999976
0.437270022500000022
0.437326009186000009
0.437183086717000013
0.437233058923999995
0.437011521816999982
0.437021606409999985
0.437035064295999975
0.436928724315000017
0.437172779589000027
0.437088458775000022
0.437162663426000020
0.437188213250999991
0.437241950346999975
0.437214212920999989
0.437285285620000019
0.437269745637999974
0.437065794015000009
0.437001530631000001
0.436981863666000003
0.437088202594999975
0.436910605462999979
0.437098625711999977
0.437088711726000001
0.436958018471999998
0.437116751681000004
0.437274403242000009
0.437303518413000025
0.437139452732999978
0.437210165599999978
0.437132987392000016
0.437039346062000011
0.437127786555000009
0.437013510446000009
0.436974277199000005
0.436922147031000019
0.437100627781000006
0.437129311660999997
0.437026754979999987
0.437231539567000005
0.437174349785000027
0.437219197117000025
0.436944693915000015
0.437024093419000004
0.437125260623999978
0.437298667468000002
0.437143631548000011
0.436955393026999983
0.436916861893999975
0.436862711612999999
0.436737620684000016
0.436898753113000027
0.436966259623000008
0.436992649537999989
0.437024342060000015
0.436979721107000008
0.437069712509999986
0.437199669544000025
0.437079552392000026
0.436943016926999994
0.436932707003000020
0.437266856051000019
0.437338067105000006
0.437266693342000023
0.437082436966000021
0.437233724343000008
0.437386905953999983
0.437081454046999995
0.437139061448000021
0.436958415511999987
0.437026720388999979
0.437125209324999986
0.437318351353999990
0.437240657521999976
0.437085813965999992
0.437058767278000027
0.437045347598999989
0.437087127071000003
0.436938589077000006
0.436983295330999999
0.437182527724000014
0.437135900520999987
0.437334505551999986
0.437219472381999985
0.437074707712000021
0.437296612337000012
0.437308656517999994
0.437358619951000005
0.437185515103000022
0.437038810567000002
0.437013675054000017
0.437055678185999996
0.437194527900000018
0.437185658029999979
0.437209676805999981
0.437118437051999986
0.437252184182000014
0.437062635194999993
0.437228889951999988
0.437056070523999973
0.437377916347000018
0.437337780437999979
0.437104171139000020
0.437218321173000024
0.437108654852000011
0.437122246968999983
0.437156559496000019
0.437150636678000026
0.437080335465000025
0.436975626454000010
0.436988611089999979
0.436977526068999977
0.436783817101999983
0.436938192226999977
0.436812430038999999
0.436829322959000010
0.436937678127000018
0.436904609981000003
0.436953039943999977
0.436898796229000019
0.437012778707000005
0.437108199741000014
0.437023446819999994
0.437093411636999996
0.437068472634000005
0.437391018196000014
0.437340241495999982
0.437160905583000026
0.436987037282999979
0.436899118671000009
0.437106165504999977
0.437071976641999982
0.437329859172999991
0.437504790807999977
0.437333474135999989
0.437182359550999988
0.437219858974000009
0.436954518791000002
0.437091753442999997
0.437058717385000017
0.436955188657000004
0.437076283665000009
0.436939749044000014
0.436794426582999995
0.437025603837999987
0.437020307303999989
0.437153610937000003
0.437050249921000000
0.437124398234000011
0.437228944113000006
0.437040458871000015
0.437100796612000020
0.436989171281000011
0.437097416369000014
0.437006795123000003
0.436944462731999994
0.437047747639999984
0.437202489299999997
0.437054661409000011
0.437371894117999982
0.437550402120000015
0.437358886145000014
0.437223846671999983
0.437137869148000013
0.437146346908000027
0.437049294671999988
0.437277600474999972
0.437237537615000005
0.437213417245999991
0.437034329654000020
0.436973688974999996
0.437059349014000009
0.437080076159999997
0.437177346301000025
0.437114652025999972
0.437325872552999984
0.437034818533000025
0.436972481889999986
0.437097565957999978
0.437107230926999990
0.437223474446999993
0.437223472157000026
0.437251877813000012
0.437176575901000009
0.437151433826000024
0.437223567084000009
0.437231157353000000
0.437187112406999978
0.437284187443999994
0.436940743114999974
0.437277784956000004
0.437341146392999980
0.437219757352000027
0.437328639806999986
0.437334227540000009
0.437151437731999992
0.437135809937000019
0.437184314078000014
0.437157025199999993
0.437134832668000017
0.437255360445000019
0.437117506988000004
0.437117982921000015
0.436901349938000005
0.436809733603999995
0.437060775231999987
0.436978039471000002
0.437065570402000003
0.437048550709000005
0.436984919088000023
0.436803999867000026
0.437055167021000002
0.437208388580999974
0.437089334393000017
0.437120707338000014
0.437209513110000003
0.437106608351999992
0.437214423859999979
0.437223971017000002
0.437183573825000005
0.437143113708999997
0.437133052500999986
0.437414358248000013
0.437261363562000016
0.437256760711999981
0.437037652790999986
0.436928409364000014
0.437223575530999997
0.437172944873000013
0.437114612909999978
0.437073091310999973
0.437411007859999978
0.437268191295999975
0.437254770805000026
0.437278350982000019
0.437137915702000002
0.437016901981000017
0.437113026633000001
0.437239231619000024
0.437338096086999972
0.437034823816999984
0.436981078876000018
0.436967076000999988
0.437178366363000004
0.437158450463999981
0.437163226517999992
0.437172851212999980
0.437151110346000016
0.436808376489000005
0.437021130453000006
0.437062714633999982
0.437095825185999987
0.437136963438000015
0.437148951318000023
0.437149262814999995
0.437306447110999974
0.437179618145000004
0.437317124848999983
0.437189919197000010
0.437207445841000020
0.437222789434999981
0.437171452311000019
0.437089953704000000
0.436915087566999982
0.437034142703000006
0.437015675099000023
0.437080818736999999
0.437079647439999996
0.437124734359999989
0.437150024959999994
0.437129514145000009
0.436995998549999987
0.436986561895999992
0.436913259253000008
0.436827290122000000
0.436918943679000027
0.436990551830999996
0.437203354453000015
0.436977427967999987
0.437021340033000028
0.437007653542999974
0.437132444648999974
0.437172539329000021
0.437234590004000001
0.437316523008999980
0.437296335960000004
0.437133861675000013
0.437081588946000021
0.437214499664000000
0.437317556948000008
0.437227589290999974
0.437138427897000026
0.437111505914999976
0.437137207556999974
0.437183273638000025
0.437176435257999985
0.437254207517999982
0.437374525271999992
0.437039541435999990
0.436932772813000025
0.436951883305999988
0.437156839113999995
0.437032438417000013
0.437109372439999977
0.436871340880000014
0.437095470137999986
0.437008868366999981
0.437056149422999973
0.437054362137999974
0.437181869808999979
0.437208902404000010
0.437226711227999998
0.437106028004999980
0.436956314765999998
0.437009817886999996
0.437060156134000011
0.436841093874999975
0.436989090658000012
0.437113629268999992
0.437085868491000007
0.436993124017000023
0.437040649630999978
0.437234125783000027
0.437168537528999979
0.437117504481000008
0.437056835410999989
0.437056285165999980
0.436955460164999976
0.437116447718999990
0.437042467303000004
0.437024858748000011
0.437250797867999974
0.437252329687000008
0.437075292193999987
0.437068026669999998
0.437111948842999976
0.436924769920000011
0.437006453125000027
0.437018568032000010
0.437140355594999974
0.437020949596999997
0.437134450203000013
0.436908865849000017
0.437002795250000020
0.437180878237000026
0.437395055636999985
0.437063140354999990
0.437195290341999998
0.436943766602999994
0.436945086689000006
0.436957301992999980
0.436912707271999989
0.436839981930999988
0.436980402729000017
0.437076257109999977
0.436993372870000008
0.437188418206999996
0.437582131957999998
0.437349006732000001
0.437301791491999992
0.437488575857000017
0.437300314929999989
0.437166447048000006
0.437226638175000015
0.437351750606999989
0.437021897175999985
0.437113908860000011
0.437029819526999985
0.436869412299000004
0.436950792608000016
0.437056034353000000
0.437220982608999997
0.437142037847000009
0.437161636987000002
0.436889103564999992
0.437141274708999994
0.437180570159000026
0.437045994652999981
0.437096303537000019
0.437107059189999980
0.437064047803999989
0.437194833587000009
0.437258571825999975
0.437165427493000025
0.437236682212000016
0.437104100712999988
0.437223541190999987
0.437117099750999993
0.437253282189000003
0.437345511375999974
0.436986967516000024
0.437168351986000014
0.437207962622999990
0.437117066629999995
0.437109269771999986
0.437152782248000027
0.437147937032999978
0.437024822573000016
0.437065527085999994
0.437010826238000027
0.437239094052999988
0.437126077263999990
0.437279817216000011
0.437274505380000011
0.437127917884999995
0.437159767433999980
0.437068025638000013
0.437141076888000024
0.436962420342000002
0.437012150265999988
0.437186585836000008
0.437193226016000025
0.437241592115000022
0.437248659988999977
0.437096264274000001
0.436962624530000010
0.436920501322999977
0.436898350654000012
0.437006047861000002
0.436895161099999985
0.437121673637999975
0.437035954835999996
0.437199145442000003
0.436950414358000028
0.437029448513000018
0.437062753340999977
0.436924010515999994
0.436994971991000014
0.436919487541000018
0.437108705842000012
0.437064532030999986
0.437395889960999984
0.437174257218999995
0.437124525408000009
0.437180665139000002
0.437130479028000007
0.437085490813000022
0.437286650571000024
0.437076120329000006
0.436932250588999982
0.437032708759999999
0.437337947896000001
0.437179020412000019
0.437282067338000013
0.437132457194000013
0.437201632527000006
0.437208994267999973
0.437237378737000026
0.437073722140000009
0.437144707548999978
0.437197328235000016
0.437222330712000007
0.437068349306000026
0.437244858110000023
0.437163246820999996
0.437119029282000027
0.437171711223000026
0.436917548837000014
0.436886432551000015
0.437014713802000021
0.437093920673000014
0.437015961672000020
0.437079795328999987
0.437047790837000016
0.437310366351999991
0.437198786434999986
0.437265293669000021
0.437280242057000001
0.437162964027999978
0.437027541974000011
0.436982142557999997
0.436976301886000007
0.437129486396000022
0.437177860021000009
0.437160984016999987
0.437342532052999999
0.437212067751000022
0.437280851033999995
0.437147642610999976
0.437229487239000014
0.437165888351000009
0.437118866168999975
0.437002666865999978
0.436992565228999985
0.436976801739999976
0.436956695496000025
0.437014516826000010
0.437231533228000013
0.437162585832999995
0.437002930451000027
0.436945322181000018
0.436978714729999995
0.437083672757999975
0.437071244749999976
0.436980050309000001
0.436995610874000018
0.437051153101999990
0.437057847828000001
0.437077858764999994
0.437091277953999990
0.436920553519999977
0.437044928421999990
0.437014592465999996
0.436963665323000017
0.436951269904999995
0.437161271929000006
0.437066396997000006
0.437077612218999989
0.437022836502000023
0.437019119871000006
0.436748959815999982
0.436798382915000005
0.437043965940000001
0.437066816957000004
0.436998585817000018
0.436784531024999978
0.437025390465999974
0.437187586081000001
0.437009109491000025
0.436957337348999997
0.437117433428000024
0.437178426569000023
0.437223017410000026
0.437149482885999974
0.437161660938999996
0.437327065321000019
0.437203636173999988
0.436883537445000025
0.436907304015999975
0.437239106938999977
0.437259672099000019
0.437244413925999997
0.437213676895000014
0.437140441305999994
0.437062527265999978
0.437125878161000014
0.437235769328000012
0.437042652189000014
0.436775737288999988
0.436935981681000007
0.436930528262000017
0.436828218792999989
0.436850925747999996
0.436914339814999997
0.437122222901000002
0.437044319048000007
0.437057731218999990
0.437128491918000017
0.437251046104000007
0.437217261179999983
0.437198335526000015
0.437178266450000019
0.437065844638000023
0.437149539114000008
0.437464867219000020
0.437202145240999984
0.437292144917000025
0.437159340961999987
0.437084620077999975
0.437118385394999975
0.437371209468999989
0.437207354576000018
0.437236423875000002
0.437143462932999993
0.437200759499000002
0.437441786241999975
0.437479612678999985
0.437417484794999978
0.437179907816000024
0.437211407880000014
0.437296546449999990
0.437341913970999974
0.437253829426999974
0.437112855957000002
0.437209211215000004
0.437164257421999991
0.437142356394999987
0.437068034604000011
0.437217276461000004
0.437268373805999977
0.437159237920999977
0.436920077598999979
0.436932879084000025
0.436965995318999989
0.436990843575999988
0.437059407928000021
0.437223626566999979
0.437084269828000027
0.437344223435000012
0.437138028238000020
0.437285514827999988
0.437263954635000007
0.437129594723000003
0.437044110217999993
0.437092996023000002
0.437040027667000008
0.437050948544999984
0.437066789688999979
0.437171953531000024
0.437327224266000014
0.437259303942000022
0.437278215535999992
0.437049366240999992
0.437123393851000019
0.437041847586000010
0.436903100787999987
0.436970236020999991
0.436976406461999978
0.437165988002000017
0.437194554630000010
0.437245016847000012
0.437147808864999987
0.437202811026000004
0.437279737772999999
0.437333828802000002
0.437329823020000008
0.437243806765000020
0.437138044665999981
0.437180638485999973
0.436975099653000021
0.437224467978000020
0.437245960130000000
0.437163248220000022
0.437441909552999997
0.437152118428999981
0.437274286299000003
0.437235254216999991
0.437327172513999995
0.437318030399000024
0.437253400336999998
0.437200641918999988
0.437276656345000014
0.437007774439000019
0.437038491997000011
0.437066247959999987
0.436933931828000000
0.436956133041000006
0.437070652594999998
0.437275665638000022
0.437272465010000000
0.437389452442000004
0.437232747639999975
0.437021227763999986
0.437038367458000010
0.437203263150999999
0.437099102766000003
0.437258891448999987
0.437280584053000021
0.437129199909999988
0.437313260011000016
0.437455213283000022
0.437203726013999983
0.437133120920000007
0.437292150855999984
0.437307416198000010
0.437194032534999999
0.437192490441000003
0.437177664262999977
0.437322061518999994
0.437240750470999973
0.437132081930000027
0.437151417440000023
0.437086578740000009
0.437148750566999977
0.437127746701000020
0.436963584578999975
0.437058282680000021
0.437299519523000002
0.437154934552999974
0.437067357232999998
0.437053161769999976
0.437211691070999997
0.437177918647999986
0.437334223676999978
0.437309644644999995
0.437216900530999986
0.437267981992999988
0.437145250809000019
0.437178289531999997
0.437292361114999972
0.437064489594000016
0.437172915122000016
0.437334176748999992
0.437278791672000011
0.437256050758000003
0.437592553187000022
0.437491262283999982
0.437463709428000003
0.437198094726999997
0.437267044902000024
0.437352842351000026
0.437214696808999992
0.437122041735000022
0.437146233755999980
0.437322190682999989
0.437090490047999991
0.437111078732000002
0.437146496085000003
0.437034219271999980
0.436783291487000014
0.436820466537999996
0.436764372201999984
0.437061057799000008
0.436989796124000018
0.436925293458000019
0.436861022365000018
0.436993362147000020
0.437062676621000012
0.437192714458999987
0.437114266525999995
0.437112514958999998
0.437127720263999986
0.437045583771999979
0.437067880292999977
0.437245454450999993
0.437192299098999981
0.437286117962000009
0.437310815783999995
0.437077000942000027
0.436956346674999996
0.437035482350999982
0.437109310453000000
0.437174099162000007
0.437133722772000022
0.437119004176000026
0.436963471265999992
0.437106927333999973
0.437021420991999976
0.436898762943000007
0.436854813331000014
0.437115336480000005
0.437086727871999980
0.437208579952999998
0.437300648635000011
0.437275383949999985
0.437249389265999988
0.437196328442999993
0.437110036568999993
0.436954688578000017
0.437226938752000027
0.437132849237000021
0.437289507645999997
0.436991793947999974
0.437037072164000007
0.437061385578999984
0.436970685327999986
0.437140498007999978
0.437175041086000027
0.437199757710000025
0.437263196284999989
0.437222368596999977
0.437376870940999973
0.437155348542999977
0.437270011828000016
0.437307582746999990
0.437398285579000012
0.437275760065999997
0.437144699826999994
0.436942548014000010
0.437134223164000024
0.437271139354000027
0.437255023267999976
0.437316261360999992
0.437228327425999985
0.437367695652000010
0.437194723670999985
0.437009729487999987
0.436987800606000010
0.437055466424999983
0.437153097877999997
0.437193548751000027
0.437160670079000002
0.437120166530000021
0.437240736254000006
0.437011351250000013
0.436963224368000003
0.437024873611999987
0.437078406400999986
0.437089189057999983
0.436957424413999984
0.437026034793999985
0.436965011284999982
0.436881721054000027
0.437215375312999976
0.437040577742999981
0.437117461701000021
0.437034985704000012
0.437147320411000018
0.437000185069999991
0.437146536490000015
0.437240870118999980
0.437157464742000013
0.436998255504999988
0.437088939732000026
0.437203956973000019
0.437221078832000010
0.437131844109000023
0.437031046545000024
0.437051149392999994
0.437113590509000005
0.437070166864000020
0.436950315001999989
0.437143399977000024
0.437026181564000027
0.437081371419999976
0.437091107011000013
0.437135435899999980
0.437118132604999987
0.437267991031000003
0.437146321082000022
0.437158771027000015
0.437070061203000015
0.437144991338000000
0.437086941035999987
0.437180769256000024
0.437155673525999988
0.437111364303000016
0.437145727312000021
0.437183336801000022
0.437073227921999985
0.437091512043000008
0.437101468956999972
0.437129567451999990
0.437264643331999991
0.437336845535000018
0.437311157158000008
0.437416524495999992
0.437418828809000015
0.437195288025000017
0.437178369432000002
0.437102683436000006
0.437070209478000016
0.437179766133000025
0.437133439916999988
0.437116471708999976
0.437095878617000000
0.437132140398000024
0.437135667599000022
0.437243890585999995
0.437042342053000021
0.437009290129000028
0.437260222184000014
0.437080579206000019
0.436956527859000021
0.437268188866999974
0.437306192262999993
0.437186267946000018
0.437245611031000014
0.437256477209000016
0.437145662317000028
0.437180530939000001
0.437251669667000020
0.436933228823999986
0.437047525331999975
0.436977723116000027
0.437147500347999984
0.437040091708999989
0.436903506599999991
0.437041884014000015
0.437152058002999999
0.437234368416999974
0.437224889050999987
0.437247566430999990
0.437266688000999992
0.437171042758000006
0.437213432572999994
0.437332873466000027
0.437021079004999979
0.436940433086000002
0.437066057984999978
0.436914839635999974
0.437055722036999994
0.437085567399000008
0.437016231985999981
0.437040840923999974
0.437111471179999989
0.437177669067000008
0.437371115899000018
0.437287572775000022
0.437231747519999991
0.437094340764000000
0.437174331540999994
0.436924289921999998
0.436990890075000027
0.437093090665999995
0.437002619227000011
0.437194867538999998
0.436934708994999976
0.437115694469999982
0.437082524985999976
0.436916413489999989
0.437124256887999996
0.437264048209000000
0.437369933619000006
0.437246897919999988
0.437359746069999999
0.437057165666000003
0.437060760797000014
0.437069791330000013
0.437338878067999981
0.437141536238000006
0.437403525357000000
0.437278097862000004
0.437072138589999992
0.437069802738999980
0.437092439325000026
0.437203110484999991
0.437048276490999976
0.437079612928000016
0.436999607720999994
0.437028792577999980
0.436933070440999993
0.437007878726999976
0.437317663465999984
0.437260549938000009
0.437180398174000007
0.437161705775000020
0.437187271195000005
0.437126590965000006
0.436789740669000004
0.436918217489999983
0.437092051741000021
0.437238534015999991
0.437116250563000019
0.437216083139999989
0.437082759001999999
0.437117561802000010
0.437066811022000012
0.437197605057999983
0.437085328918000005
0.437346565073000015
0.437254389149000000
0.437315097626999993
0.437250534869000007
0.437275172135999979
0.437197976692000001
0.437242737809000026
0.436945320781999991
0.436926691762999975
0.436946399744000014
0.437011433309999975
0.436919990540000025
0.436974873549999976
0.436968758336000018
0.436854986842000026
0.436904914761000018
0.436869783226000008
0.436952913112999997
0.437095548552999980
0.437213665340999980
0.437348373053999984
0.437350054278999978
0.437233925239000010
0.437271749240999985
0.437269019395000014
0.437122928011999978
0.437080124116000002
0.437224567519000018
0.437063615274000006
0.437020638263000027
0.437125364113999992
0.436994907129000021
0.437106619874999991
0.437036039134000021
0.436949012984999996
0.437050093488999980
0.437211734864000001
0.437308688873000007
0.437298091554000012
0.437405710933999992
0.437368758889000009
0.437130879874000011
0.437094429476000024
0.436934342942999987
0.437081611520000024
0.436975120584000010
0.437106020955999985
0.437098621126000009
0.437103325257999997
0.437190678877000027
0.437137169285000016
0.436902117648000021
0.436997709371000020
0.436984658837999973
0.437118682275000003
0.437147866798999973
0.437033371956999983
0.436941358637999988
0.436880534614000005
0.437066657889999988
0.436981219264000020
0.437143470192999983
0.437142607304000008
0.436958089328999988
0.437140528447999999
0.437197228258000004
0.437209054751000026
0.437247330767999987
0.437108870874000022
0.437085803075000001
0.437336649407999989
0.437144841595000000
0.437051142236999979
0.437175078203999978
0.436990591636000014
0.437140951798999977
0.437144292282000024
0.436977739024999978
0.437005590823000001
0.437002245861000005
0.437185256887999973
0.437084215336999982
0.437136866868000018
0.437242202932999979
0.437149846790999996
0.437031436092000014
0.437018069878999993
0.436907851688000004
0.437053938761000016
0.437052454267000012
0.436972785744000003
0.436993716418000000
0.436905229654000027
0.436995274483999996
0.437107106199000006
0.437081650692999979
0.437148593061999990
0.437058205028000024
0.436817312959000004
0.436727860716999983
0.436901833936000017
0.437027080981000016
0.436842444532999974
0.436942164324000015
0.436959006367000025
0.436995804503000018
0.437197264596999979
0.437170429001000005
0.437210347173999980
0.437167932170999973
0.437267389236999982
0.437185879015999979
0.437074586885999983
0.437098210847999991
0.437305697486999989
0.437037538542999981
0.437086476531000023
0.436969652654000007
0.437057836329000027
0.437192892782000020
0.437012044970000013
0.437089769510000004
0.437234082477000019
0.437095012866999977
0.437180158162999988
0.437328120295999989
0.437010611421999984
0.437062283677999985
0.437014975184000010
0.437158901817999990
0.437161936016999986
0.437143012092000016
0.437297725781999991
0.437183510388000018
0.437105333563000020
0.437051887879000012
0.437133058698999988
0.436855721887000004
0.437080270714999997
0.436949270870000017
0.437052869921999987
0.437079258204999987
0.437024651639999984
0.437011116847000003
0.437202085939999985
0.437118900701000013
0.437164765000000011
0.436952473605999980
0.436872640478000007
0.437149669545000008
0.436917848689000021
0.436983431885999973
0.436981201381999973
0.437106407214999992
0.437026740005000025
0.437159726946000027
0.437097584355000013
0.437114457765999997
0.437150884011999974
0.437025101556999973
0.437098530418000009
0.437027449509000021
0.437078839348999992
0.436954626522000011
0.436889598074000018
0.436823861526999979
0.436839906639999997
0.437016929541999999
0.436951472843999988
0.436832725980999981
0.436903959855000024
0.437094348829000001
0.436937433727999980
0.436937917502000006
0.436833271390999978
0.436983851656999989
0.437182203642999978
0.437267887901000019
0.437376820245999998
0.437176104309000002
0.437187395701999992
0.437301614539000016
0.437293263084999995
0.437243637913000027
0.437149283230999997
0.436988085736000009
0.437117188920999988
0.436969143110999991
0.437125996620999990
0.437123892730999997
0.437266726165000008
0.437239651414999986
0.437171415715000011
0.437044086215000016
0.437132205689999997
0.437194338746000000
0.437125753587000010
0.437149354604999985
0.437210924559999992
0.437134545824000020
0.437170410000000009
0.436940358984000021
0.437139196432999977
0.437073571478000023
0.437043030960000023
0.437229118932000005
0.437021215996000023
0.437024796286999972
0.437146913347000010
0.436921448120999978
0.436849598185000021
0.437139477677000010
0.437222056818000027
0.437159510653000016
0.437055370441000013
0.437091185441000007
0.437163230244999979
0.437068263833000015
0.436744975375000011
0.436921221571999974
0.437065272768000002
0.437112249087000027
0.437033218196999973
0.437012777806999986
0.437052791341999980
0.437193607340999990
0.437081104554999988
0.436901182541999999
0.437115352023000003
0.437200017118999973
0.437098031368000017
0.437276718959999977
0.437294983942999982
0.437112849294999994
0.437283910664000020
0.437204504323000009
0.437038398554999985
0.437131252658999991
0.437279889904999997
0.437139086961000012
0.437042846129999996
0.437124258378000008
0.437100284486000024
0.437107926400000013
0.437176826612000025
0.437078076275000005
0.436926576793000010
0.436983944173999994
0.437074754234999974
0.437148926428999995
0.437329529250999993
0.437319709935000023
0.437342507034000016
0.437440569120999989
0.437455065267999987
0.437129665905999998
0.437147966943000010
0.437064389722999991
0.437182219747999978
0.437098189136000015
0.437247353497999980
0.437043138767999995
0.437222864042000003
0.437201862270999997
0.437021397491999974
0.437011085553999978
0.436996619977000011
0.437179398456000012
0.437191021151000003
0.437168710216000012
0.437268383540000027
0.437066123355000002
0.437111034454000014
0.436990906869999973
0.437074559307999988
0.437009490022000013
0.436942731832999975
0.436982255714999990
0.436948262585000025
0.437071694183999993
0.436990854358000003
0.436751796144000004
0.437040456646999975
0.437125690710000014
0.437155623343000010
0.436948226629999992
0.436896410304999983
0.436823498016999989
0.436967497867999988
0.436968032005999985
0.436847212501000004
0.436940065883999973
0.436923856795999987
0.436870236636999976
0.437069403059999972
0.436919487208999979
0.436855192973999995
0.436981157266999987
0.437079151847000025
0.437231576356000018
0.437190601816000002
0.437240158729999995
0.437296213656999999
0.437226681383000026
0.437365885166000001
0.437238842196000010
0.437276065476000009
0.437018590032999976
0.437228343036999978
0.437083416687000015
0.436844315049999987
0.437135160718000015
0.437046789195999985
0.437020128750999992
0.437185588219999977
0.437171791016999989
0.437277275151000011
0.437208673546000015
0.437267754971000011
0.437214690228000025
0.437138513900000025
0.437138096523000008
0.437112480618999988
0.437084651398999990
0.437104231098000007
0.437219843198000002
0.437261135312000004
0.437098631352999978
0.437086875909000028
0.437065267837999982
0.436857426596000020
0.436853207906999996
0.436977509037000000
0.437020590004999987
0.437077685775000002
0.436938604981000012
0.437150661275999997
0.436948462508000013
0.437104051860999987
0.437130248155999990
0.436974389796000007
0.436905107939999982
0.437226988393000005
0.437100195282999981
0.437241618557000000
0.437096689307000019
0.437100170338000027
0.437139126719999993
0.437070753470999995
0.437069586938000021
0.437017887747000011
0.436992613375000005
0.437052910133999994
0.437202655119000028
0.437213125119000012
0.437060958198000005
0.437150160946000010
0.437140044615999979
0.437131756857000009
0.437280173845000009
0.437338629566000003
0.437334985459000014
0.437313863995999974
0.437155641897999991
0.436934645722000026
0.436907091505000011
0.437007314942000014
0.437127501824999987
0.437128650103999983
0.437243829924000016
0.437121966706999987
0.437031631314000024
0.437133579933000005
0.437133306823000001
0.437108321648999987
0.437096721626999973
0.437047409529999986
0.437144806303999989
0.437139602459000021
0.437030932526000004
0.437005475046999992
0.437228328097999996
0.437189689496000011
0.437201887382999976
0.437153387127000026
0.437093801612999988
0.437142306618999998
0.437232288400999980
0.437363546160000005
0.437441823996000012
0.437383503058000001
0.437076669267999984
0.437154924213999985
0.437140806280000016
0.437142361895999976
0.437249822765999996
0.436990903701000022
0.436958727341999975
0.437055962808999998
0.437130968755000016
0.437070593865000023
0.437109761500000027
0.437131492163000013
0.437162894226999998
0.437123523841999984
0.437299060861999989
0.437261765640000022
0.437055448449999995
0.437008725651000018
0.437042751544999997
0.436945169088999996
0.437051081048000001
0.436977080731000000
0.437157560662999989
0.437037789053999981
0.436981537162999978
0.437059412255999979
0.437125293006000004
0.437264535831000001
0.437104825889000015
0.437189932489999988
0.436960975069000002
0.437128360529999982
0.436945990471000023
0.436875940236999993
0.436969079139000016
0.437099612018000017
0.437180024336999984
0.437014027944000016
0.436932695954000028
0.436994621004999972
0.437012060172999983
0.437110773085999993
0.437155911100999994
0.437171391420000000
0.437186344238000013
0.437247820645000007
0.437291018264000020
0.437208539718000000
0.437187008386999976
0.437275267129000000
0.436967393395999992
0.437064136079999999
0.436827639792000011
0.436937811497999984
0.437062607002999981
0.437191847788000021
0.437116269391000012
0.437178169725999988
0.437171132206999991
0.437120357771999979
0.437046980719000000
0.437085462179000017
0.437086534771000013
0.437048392494000015
0.437025788269000015
0.437235860114999986
0.437260059328999973
0.437136033106000021
0.437093905359999979
0.436961149747000011
0.437121650719999977
0.437143078518999972
0.437111352863999991
0.437011334862000000
0.437217966326000018
0.437212406509000007
0.437227733120000017
0.437225056807000023
0.437381153294999991
0.437306877691000018
0.437144918398000015
0.437073146427000014
0.436935397033999973
0.437012854918999993
0.437069609375000001
0.437064584736000017
0.437141018308999985
0.437103492940999983
0.437230247286999996
0.437122671229000004
0.437226989273000022
0.436825017975999985
0.436735829849000001
0.437075071962000017
0.437141825548999996
0.437220792056999985
0.437155241744999978
0.437060102441999998
0.437228795903999989
0.437228081222999998
0.437273333019999988
0.437094195996000023
0.437191956388000014
0.437130455377999994
0.437346360586000016
0.437560845041000013
0.437360881425000014
0.437318971943999990
0.437371627932999996
0.437492986984000021
0.437274001256000022
0.437208073395000008
0.437270580236000017
0.437374993380999999
0.437260264540999977
0.437184140697999990
0.437064028089000023
0.437185785177000019
0.437281925957999973
0.437324388449000012
0.437313329377999993
0.437407240709000000
0.437280739789999984
0.437120273522000002
0.437246416522000025
0.437224609165999978
0.437337206779000010
0.437211545219000020
0.437385462556000026
0.437507568406000025
0.437622491718999973
0.437507896254999973
0.437269401732000018
0.437132266433000016
0.437351150711000003
0.437413757118999991
0.437414494288000000
0.437351799927000018
0.437231026811999990
0.437301406299999973
0.437200707239999986
0.437302041056000013
0.437154638546000007
0.437248637803999973
0.437118401496000009
0.437187187365000007
0.437353818634000024
0.437271755865000000
0.437200548655999999
0.437330332993000004
0.437350816255999975
0.437094966141000019
0.437251032521999983
0.437069263059000013
0.436907039288999988
0.436826373787000011
0.437046424958000002
0.437013842789000018
0.436858560840999999
0.437095442654999999
0.437023497405000017
0.436929191720999976
0.436983092688999986
0.437279494897000021
0.437181071834000012
0.437041007317000019
0.436857100296000000
0.437141910460000005
0.437173810561999998
0.437088702875999990
0.437223464013999974
0.437259325641000007
0.437109855749999998
0.437190304134999985
0.437034921282999977
0.437102176126999975
0.437139864948999979
0.437030670148999989
0.437062710214000005
0.437046195447999997
0.437107198827999976
0.437054419982000009
0.437123493174000011
0.437207592350000007
0.437172067039000023
0.437275092387999997
0.437228908995999976
0.437123656837999974
0.437258126636999978
0.437358504284000027
0.437417158395000005
0.437137360370000005
0.437202855220999997
0.437245480888000027
0.437291878952000002
0.437053495670000014
0.437126312901000014
0.437227370662999992
0.437099992586999997
0.436964649353000001
0.437097991833999999
0.437130459566999974
0.437041933341999977
0.436990326249000027
0.436895626960999983
0.437042634584999978
0.437076854286999994
0.437172836251999986
0.437135131906000007
0.437255087563000022
0.437168908680000023
0.436953846134999990
0.437088791390999987
0.437071221294999979
0.437073247712999990
0.437154726529000004
0.437099185205000018
0.437161209474999979
0.437134603404000011
0.437169337446999984
0.436944235537999992
0.436939059148000020
0.437030568446000023
0.437010735925000005
0.436850276360000012
0.436915324456000009
0.436917388357999981
0.437037479853999988
0.437201676849999998
0.437156643013000001
0.437107442731999973
0.436918583194000010
0.437068727940999990
0.436999920165000000
0.437010250647999976
0.436966679562000027
0.437054861194999977
0.436988258282999975
0.437211122241999983
0.437343547544000011
0.437045859139000015
0.437214233343000025
0.437007319555999973
0.437164798553000000
0.437280205242999986
0.437053512922000009
0.437016545129000011
0.437222411423999979
0.437283406483000014
0.437246374155000006
0.437166245813999987
0.437162766317999996
0.437082921065000019
0.437044234124000008
0.436820078030999981
0.436887668125999995
0.437128387145000019
0.437036636069000006
0.437136703326999998
0.437067158587000015
0.437097906164999994
0.436976064265000019
0.437168563913999997
0.437074735957000027
0.437079510860999998
0.437035947895999977
0.437001756801000008
0.437247965135000027
0.437379503579999995
0.437329826398999977
0.437332693694999997
0.437230494034999972
0.437305790184999987
0.437086711693999985
0.437203349578000000
0.437143533452000022
0.437182379645999986
0.437256411198000017
0.436998069739999995
0.436960341300999977
0.436930523035999996
0.437098365534000000
0.437189593342000027
0.437107740615999996
0.437241465280000019
0.437288157434000013
0.437420722323000000
0.437375460554000006
0.437162495026000020
0.437252125009999992
0.437116597316000000
0.437205897409999988
0.437231061538999988
0.437139620258999995
0.437002737989000023
0.437194651478000018
0.437107438434999995
0.436919617561999984
0.436939171979000007
0.437094968641999981
0.436896770270999990
0.436881365921999998
0.437122477336999993
0.437147796028000024
0.437191528677999985
0.436986633848000017
0.437066604530000014
0.437142255829000015
0.437109118081999981
0.437247526090999983
0.437053697312999978
0.437015387932000010
0.437037177739000027
0.436977503007000001
0.437047951616000019
0.437188539739000015
0.437157496860999972
0.437354794509999978
0.437250062380000026
0.437100594525999975
0.437183635148000016
0.437075966882000011
0.437035621681999997
0.437261282716999988
0.437344393522999975
0.437169837949999973
0.437150129963999989
0.437211159943000027
0.437306676441999997
0.437129045970000019
0.437125037958999985
0.437045473705000020
0.437088323346000007
0.437356774898999989
0.437228452114000021
0.437065701408999974
0.437151387604000019
0.437129637557999995
0.437092098169999999
0.437111171279000010
0.437102955404999993
0.436958835282000024
0.437251552217000017
0.437203608710000025
0.437201277434000002
0.437182400438999974
0.437261566411999980
0.437458071246999980
0.437167045598999993
0.437052772761999997
0.437009696936999981
0.436821477439999994
0.437071033762999994
0.437035295551999992
0.437141726705999989
0.437258234620000019
0.437238256838999972
0.437132043192999975
0.437092706223999983
0.437164169203999975
0.437152004024999985
0.437245061079000019
0.437090148519000021
0.437341967431000012
0.437374995807000011
0.437183644963999973
0.437115374305000026
0.437117441915000016
0.437070742507000010
0.436976456331000018
0.437048373963999981
