0.440242861930999985
0.440160926933000018
0.440136222113000020
0.439904521993999986
0.439947800421999990
0.439885821419999989
0.440051898315000023
0.439886788726999989
0.439918276616000026
0.439980634131000026
0.440044337855000023
0.439988598173000012
0.440079128165000000
0.440010418891999988
0.440080324987999982
0.439818772287999982
0.439671706712999988
0.439566499140000011
0.439644903977999990
0.439811364970999985
0.439843922426000011
0.439917538228000005
0.439859393393000009
0.439756497267000002
0.439818102406999978
0.440288608892999977
0.440188613974999976
0.440319209268000000
0.440106987313999998
0.439907054138999998
0.439855751542999995
0.440007266750000015
0.439906501860000021
0.439937380223999974
0.439905678289999991
0.440025126712999981
0.439978628812999983
0.439977648712999991
0.439893108714999981
0.439739599503999989
0.439878048716999981
0.439904121014000005
0.440111689917999982
0.440065701638000017
0.439965579474000001
0.439863274271000027
0.439849947997999979
0.439674843172000007
0.440008833799000021
0.440048896068999995
0.440148564277999976
0.440030986291000015
0.439936317932999976
0.439904478942000021
0.439930418516000010
0.439935476406000003
0.439953105540999978
0.440052376919000010
0.440153937012999985
0.439865693024000026
0.439854804233999974
0.439916645624999991
0.439899610313999989
0.439860546660999996
0.440011049767000006
0.439935883312999987
0.440175710662000008
0.440080489068000014
0.440055830578999996
0.440179551256000001
0.440303904560000015
0.440128418665000021
0.440211392684000002
0.440040128350999982
0.439933401870999996
0.440056960722999990
0.440047003681000026
0.440078295775999995
0.440135940449999985
0.440049353782999975
0.439945138698000004
0.439979785111999977
0.440059739073000000
0.440055175332999982
0.440039112211999983
0.440147977606999974
0.440111972640000015
0.440065267739999988
0.440106403824000014
0.439766294363000021
0.439978587731000015
0.439709450758999976
0.439899172173000008
0.439890271316000003
0.440070336584000021
0.439999839509999990
0.439973741897999981
0.439958831167999997
0.440061106455000017
0.440004774250000008
0.439963798128999994
0.439965270229999983
0.439983296058999995
0.439774883326999988
0.439983170425000014
0.439735674455999981
0.439774898508000001
0.439915616909999974
0.439917756205999988
0.439811037030999996
0.439942649866999991
0.439897348149000000
0.440179464874000004
0.440018124911000008
0.439838599599999991
0.439960704347999998
0.440025594906000017
0.439939260341000005
0.439818180790000013
0.439686943494999982
0.439705457196999994
0.439814356356000025
0.439827604322000021
0.439898936301000021
0.439869972858999980
0.439661387507000012
0.439866537514999989
0.439668620763000007
0.439698727477999984
0.439736696910000002
0.439924666033000011
0.439930336919999998
0.440064899402999976
0.440120601331000005
0.439988926908000011
0.440100257747000012
0.440168511287999997
0.440098945387000007
0.440167180423999993
0.440290871214999990
0.440162591983999985
0.439986150961000022
0.440045045028999993
0.439926613864999982
0.439882665554000019
0.440011437974999975
0.439944690151999995
0.439980440380000004
0.439917689619999996
0.439865430664000023
0.439731360484000022
0.439741160798000019
0.439710103450999978
0.439712394436999998
0.439867149733999985
0.439873463311000024
0.440058967324000017
0.440038014425999990
0.440202105986000014
0.440163969267999999
0.439942774393000002
0.439965097684999973
0.440109669480999999
0.440055537280999998
0.440015183580000024
0.439958138780999986
0.439884578046999986
0.439829876406000020
0.439965112996999974
0.439971031130000023
0.439925625769000017
0.439930333369999982
0.439848541558000017
0.440001337100999979
0.439800975523999993
0.439778143540999977
0.440016056760999974
0.440029389586000019
0.439977219367000016
0.439898522728000008
0.439825858587999996
0.439876402173999981
0.439857722806999973
0.439764249090000003
0.439814155413999985
0.439900022828999981
0.439737974546999977
0.439525964047999984
0.439790275208999992
0.439621932494000001
0.439879198653999992
0.439739091566999973
0.439781532580000023
0.439971827965000006
0.440108000712999992
0.440217391557000015
0.439983769894999988
0.440037957535000024
0.439993380835000003
0.439934235610000002
0.439951924007999984
0.439861744448000025
0.439798044971000002
0.440039348062999991
0.439941572319999974
0.440030557865999983
0.439821000765000025
0.439764634024999990
0.440002657282999976
0.439795438348999979
0.439838591685999980
0.439789360986000022
0.439995562346000013
0.439985054059000014
0.439977589745000008
0.440186810501000003
0.440128851273999977
0.440212149075000003
0.440208709536999976
0.440144339789000028
0.439998321051000008
0.440041321616999992
0.440086735131999973
0.439996809089000018
0.440039433277000014
0.439803279212000020
0.439653531001999998
0.439793893340000019
0.439717735122999998
0.439762945934999983
0.439907881610999973
0.439908829268000012
0.439923146330999992
0.439759850642000016
0.439913959149000000
0.440054360616999984
0.439909631337999985
0.439922612064999996
0.439952474165999974
0.440082165078999998
0.439999894200999997
0.439895474883999993
0.439921101980999985
0.439899251205999986
0.440104080025000011
0.440187665981000009
0.440106347509999996
0.439909827688999999
0.440125804461000025
0.439922291868000026
0.439998463181999977
0.439962111428000013
0.439833856091999986
0.439802270210000013
0.439975839147999981
0.440006705675999976
0.439966325584999984
0.439815477994999982
0.440108724933999995
0.440060237949999988
0.440002883909999976
0.439895403196999990
0.439868554824999980
0.439894331412000017
0.440068936272999978
0.439946005593000011
0.439769464599999993
0.439983822517000023
0.440005760640000021
0.439962982022000015
0.439891004076999992
0.440026721823999989
0.440151220559000023
0.440228146651999996
0.439978307801000001
0.440112293135999977
0.440084303871999982
0.439977226795999987
0.440180986273999986
0.440282878820000001
0.440055698770999981
0.439879718899000016
0.439807098665000007
0.440010208058999985
0.440235201031000001
0.440189893614000016
0.440164392499000023
0.440108212042000013
0.440104505222000009
0.440076395160000022
0.440149209766000027
0.440059712338999987
0.440091647294000021
0.440029391079999999
0.440058484611000000
0.440018856853999996
0.439968582517999973
0.440005189359000015
0.440185143866999973
0.440000064708000016
0.439946048034999981
0.439973394527000017
0.440090163234000020
0.440118597517999977
0.440076172122000009
0.439967679150000013
0.439779906915999996
0.439826561107000025
0.439811175107000019
0.439942628145000014
0.439908565693000020
0.440098474728000011
0.440028045732999973
0.439909423246999998
0.439926179628000014
0.439751145198000015
0.439875391062999999
0.439831955649000017
0.439830529028999995
0.440083194263999999
0.439929021433000000
0.439863139730999997
0.439862988650999986
0.439981623639000008
0.439851191114999984
0.439960424967999975
0.439779044058999979
0.439764427432000005
0.439942132631999994
0.439758038095000026
0.440028906301000000
0.440164825332000020
0.440079941611999981
0.440150128984000022
0.440155540645000010
0.439944604600999989
0.440038487736000017
0.440087188257999973
0.439857330631999999
0.439994770807000002
0.439903762349000027
0.439910852013000009
0.439882922078999983
0.439734251346000027
0.439842038109000022
0.440026613861000004
0.440049348835000020
0.439981788037999977
0.439835984121999979
0.440193610377000000
0.440107949404999976
0.439934253491000016
0.439945341353000008
0.440065156208999997
0.439909591551000012
0.439817269123000010
0.439808843150000017
0.439741448644999977
0.439898998197000013
0.439829149147999976
0.439987696172000009
0.439854030136999974
0.439728150829999997
0.439807717443000012
0.440044212036000026
0.439981034335000021
0.439723171984999994
0.439839302824000022
0.439946913230000014
0.440087451904000004
0.439911831159999989
0.439888611923999973
0.439881032549000017
0.439836208421999997
0.439801850255999993
0.439731194418999993
0.439860550078999990
0.440007597804999984
0.439998772169000019
0.439866125978000011
0.439940509222999987
0.439780691110999988
0.439994526471999992
0.440060521576000008
0.439883699996999999
0.439974172948999986
0.439837786605999981
0.439772881251000003
0.439928663080000004
0.439867753713999998
0.439899753895000023
0.439911677107000021
0.440084647418999997
0.439951800329999976
0.440066600899999993
0.440121525569000027
0.439725946418000002
0.439876607325999980
0.439601005987000026
0.439854409532999979
0.439848795974000006
0.440268673715000003
0.440254446154999979
0.440115575448000007
0.440059859795000008
0.440180833275000016
0.440263077938999992
0.440481567992000000
0.440251135849999975
0.440024916252999998
0.439751574159999992
0.440092236904000011
0.440168675025999989
0.440140585595000022
0.440066279710999986
0.439899190644999993
0.439898184794000002
0.439829175869000000
0.439803718362999974
0.439732651844999989
0.439744122374000013
0.439931743159999999
0.439991776178999983
0.439926344154999982
0.439775077450999974
0.439921788860999974
0.439943735070000008
0.439887765006999998
0.439794823316999983
0.439731774312999979
0.439762816684000024
0.439763095084000022
0.439856731602999984
0.439888170982000004
0.439945223601000024
0.439887168772000015
0.439909257895999994
0.439837636334000026
0.439883303931999980
0.440000335000999998
0.439940855505000006
0.440013070278000018
0.439892724868999996
0.439752577448000004
0.439442968549999979
0.439665153570000022
0.439552792287999983
0.439713219574999981
0.439799347865000023
0.439936351275000026
0.439786687424999989
0.439690562146999975
0.440037597178999984
0.439930061677999973
0.440079355740999989
0.440002406680999991
0.440022709283000024
0.440078276112000011
0.439744134883000015
0.439838686879999996
0.439904926315000000
0.439949829033000006
0.440025221640999997
0.440141148433999985
0.440141058939999996
0.439854004264000009
0.439849135983000017
0.439984613630000021
0.439866518767000003
0.440057653973000007
0.439916998908000012
0.439986591144999994
0.440033684859999996
0.439980680956999992
0.440071351627000007
0.440195248556000007
0.440022543887999995
0.439955297478999974
0.439998382959999990
0.439914783335999982
0.439885555937999995
0.439891427800000012
0.439882739487999996
0.439971670347999999
0.439915165983999989
0.439974098164999994
0.440019202785999985
0.439991273954000006
0.440079729748000026
0.439872290288999990
0.439876173285999983
0.440008034835999984
0.439977675948000024
0.439908831797000022
0.439986441253000016
0.440016318969999987
0.440185125236000008
0.440029676729999986
0.440054842898999987
0.440040315161999984
0.439982981677000007
0.439824748614999983
0.439799971040000015
0.439619736724999988
0.439558059441999993
0.439773129207000013
0.439810995686000017
0.439886622908000013
0.439979393112000017
0.439798008918000027
0.439723253598000019
0.439839270216000000
0.439753256676000015
0.439834159271999980
0.439941288039999989
0.439941194952999992
0.439759479878999993
0.439758476871999981
0.439756566848000019
0.439810093517999989
0.439867038940999988
0.439999924322000024
0.440099649716999997
0.440182564817000022
0.440043204656999976
0.440137850572000000
0.440022121416000001
0.440117821941999998
0.440041723085000003
0.439977506216999992
0.439879708362000021
0.439808543491000015
0.439821172363000001
0.439885207004000023
0.439762638106000026
0.439861309575000026
0.439753087440000023
0.439894651570000017
0.440035492410000006
0.439987899173000019
0.440108827598000019
0.440032640553999987
0.439762026874000012
0.439906800004000009
0.439884120052000005
0.439969703797999989
0.440206673434999973
0.439970633850000015
0.439913152681999986
0.439914967634999987
0.439897290280000020
0.439831925933000023
0.439817426509999998
0.439767418992999981
0.439969679078999976
0.440069458320999973
0.439921769919000005
0.440172497290000020
0.440011774713999992
0.439934701855999977
0.439978251654999986
0.439922335168000000
0.439981308633000001
0.440148421770000020
0.439989934743000022
0.440018797003999984
0.440125108127999987
0.440137135761999976
0.440022420480999987
0.440039622560999988
0.440187015163999995
0.440124107847000012
0.440030486248000008
0.439923148318999979
0.439963460533999984
0.439938928663999973
0.439933113835000000
0.439942095693000024
0.440048891138999976
0.439860202917999987
0.440002870983999983
0.439871969171000021
0.439770194394999980
0.439955210824999998
0.440108737201000022
0.440045471013000011
0.440180539392000025
0.440251895667000015
0.440093826389999998
0.439858253483999984
0.439997538201000016
0.440020769618000018
0.440173328866000024
0.440089467776999976
0.440106006732999988
0.440169062855999993
0.440025198933999995
0.439866762302999981
0.440033157873000014
0.439937628783000023
0.440061215540999973
0.440360627627999990
0.439901273844999996
0.439926114262000012
0.439926096755999974
0.439895946423999984
0.440067352927999977
0.440047765164999993
0.440245323048000015
0.440098346924000017
0.440104619214999992
0.439986457682000009
0.439970276172000019
0.439795184880000023
0.439953437072999998
0.439998918371000025
0.439990863678999977
0.439948478458999981
0.439882440453000012
0.439871232293000014
0.439857915523999998
0.439833397954999983
0.440003220440000009
0.439869525292000019
0.440009266786999975
0.440154787165000005
0.440165454500999975
0.439919888877999987
0.439758436329000024
0.439706914344999977
0.439884080452999982
0.440077479009000017
0.439973397104000019
0.439825609569000020
0.439705101185999980
0.439789277899000020
0.439818503422000018
0.439842523910000005
0.439851517704999972
0.439797393417000027
0.439733873396000008
0.439650297058999995
0.439958828422999992
0.439885329112000012
0.439994892113000025
0.439898506660000022
0.439722052603999991
0.439822585900999985
0.439914956720000028
0.439923243540000009
0.439975164507000027
0.440097460930999995
0.440092778931999995
0.440011909069000007
0.439942490593000002
0.439775798212000024
0.439893377841000022
0.439953786798000013
0.439968092126000021
0.440148784101000001
0.440280030950000012
0.440050516052999996
0.440104165614999987
0.440081513345000008
0.439981959029999981
0.439943880133000009
0.439942477800999987
0.440156220900000006
0.440120827193999975
0.439815466034999991
0.439915071707000005
0.439897931768000017
0.440017655313000022
0.440119688476000026
0.440261216610000006
0.440301820391000021
0.439983027488999978
0.440167494767000012
0.439947749582999981
0.439812508829000026
0.439809021151999990
0.439774610309000002
0.439921698696999985
0.439929422399000014
0.439909504915000027
0.439925514716999977
0.439967294269999976
0.439847897496999984
0.439774034255999979
0.439836039567999992
0.439873285758999977
0.439820217244000000
0.440052611669999982
0.439926597397000019
0.439917524398000026
0.439986206213999975
0.439826062467999990
0.440002197302000020
0.439794607619000022
0.439817558426999988
0.439935342539999996
0.439822514650999974
0.439648997077999981
0.440005451443000017
0.440167477969999998
0.440255352109000020
0.440020455368999974
0.439910343260000003
0.439951410694000011
0.439892132915000011
0.439869257951000014
0.440063008403999978
0.440104053835000009
0.440130418078999996
0.439955999578000023
0.439842140127000014
0.439864558277999973
0.439765027081000015
0.440151529534999975
0.439969718549000022
0.440009521949000004
0.440003929209999978
0.439941138572000012
0.440073534026000024
0.439793980902000003
0.439878893286999972
0.439800958969000011
0.439908605647999995
0.440012749413000004
0.439866189264000007
0.439760660448999974
0.440014192517000025
0.439898786059000013
0.439804444818000018
0.439802890256000001
0.439788037061000003
0.439825605840000022
0.439901439928999993
0.440058980988000004
0.440005447524999982
0.439965797725999974
0.439841531946999986
0.439849512170000012
0.439938673878000008
0.440011830893999978
0.440098951201000010
0.439876017040999989
0.439778496073999992
0.439930189412000017
0.440153365841000010
0.440018330633999977
0.439933020594000024
0.439890486656999979
0.439683636182999993
0.439775536419000024
0.439762021561000027
0.439803969226000013
0.439828353042000020
0.439705203845999981
0.439696520699999982
0.439980202925999986
0.440013318137000009
0.439784601775000006
0.439870958619999974
0.439860365227999983
0.439939623155000015
0.439934310095999981
0.440043348328000017
0.440017308248000005
0.439873109558999997
0.439769422545000011
0.439973707817999993
0.440018822410000010
0.439971736293000015
0.439881343069999986
0.439939236557999991
0.439917449826999984
0.440048620047000016
0.439917279134000028
0.440057330269000013
0.440097844352000001
0.439963512298000015
0.439923896284000027
0.440057964844000005
0.440169099575999978
0.440122900021999997
0.439844702709999980
0.439880475423999995
0.439941535524999983
0.440010962329999977
0.439911221660999996
0.439962811698000000
0.439906595078999985
0.439906032817000026
0.440108523023999998
0.440259960657999994
0.440107642500000007
0.440160821328999974
0.439935389344999983
0.439899557014000020
0.439793230639999977
0.439938437914999980
0.439921155028999977
0.439860145940999980
0.439859784884999994
0.439903621547000023
0.439850298347000013
0.440002059940000023
0.440021002659000016
0.440001135764999995
0.440014260827999992
0.440131071727999978
0.440238854670000013
0.440143049934999975
0.440103925810999996
0.439924389683999995
0.439731153973999978
0.440078210814000004
0.440162682375999981
0.440208038478999975
0.440125656668000020
0.440111813783999994
0.440134515316000008
0.440070942365999973
0.439817360621999998
0.440054534210999992
0.440150561178999977
0.440051676268999992
0.439841782331000020
0.440007758508999980
0.440189493006000021
0.440271916210999981
0.440143970082000013
0.440049529785999982
0.440015894673999985
0.439925722716000001
0.439949432224000014
0.439977847603999994
0.439872467371999976
0.439794354898000006
0.440007513083999990
0.440135022707000001
0.439873088623999986
0.439924919151000016
0.440005027059999998
0.439906793726000001
0.439849451361000010
0.439879667721999990
0.439830442140999978
0.439673893503000013
0.439768253822000021
0.439882409935999974
0.439776257246999980
0.440037829596000019
0.439936249486000019
0.439875593188999992
0.439922903470000015
0.440193495135000001
0.439897111025999987
0.439812151747000002
0.439797380841999985
0.439963685220000011
0.440114545322000006
0.440074480104999999
0.439920241970000014
0.439835704890000012
0.439753719563000023
0.439832392269999983
0.439909962797000009
0.440045979124999986
0.440059797369000028
0.440058650837000020
0.440061770856000012
0.439878131025000008
0.439739844082999987
0.439847787089999998
0.439612509485000025
0.439897911997999991
0.439841270550999974
0.439776499380000019
0.439789776936999999
0.439914180782000008
0.440037600450999988
0.439974560909999979
0.439889124204999982
0.439827664466000023
0.439821804674000005
0.439920026618000004
0.440037246388999992
0.439824727778000024
0.439731412536999988
0.439742653571999986
0.439981249535999985
0.439921419044999984
0.439976399291000020
0.439987849842999990
0.439797198080000007
0.439764473614999984
0.439811581314000000
0.439986607841000021
0.440075111033999988
0.440059293635000015
0.440017268369000014
0.439993448296000011
0.440116362097999980
0.440106170735000024
0.440095049539000027
0.439963557185999998
0.439911589815000004
0.439782131987000002
0.439691172542000019
0.439812227649000020
0.439929320500999976
0.439962383622000019
0.440042658360999983
0.439918469912999988
0.439751794836000021
0.439880968134999994
0.439623069704999980
0.439957202606999997
0.439823287093000004
0.439839790043999979
0.439693384191000014
0.439588008166999999
0.439635073566000012
0.439678615496999992
0.439756207926000009
0.439849955404999993
0.439995474592000002
0.440003263937999989
0.439829996366000009
0.439955245996999977
0.440033330356999985
0.439984003354999986
0.439968971478999993
0.439960480775999974
0.439949873792999990
0.439616049670000009
0.439702558648999986
0.439782043160000025
0.439860348289000003
0.440004204928000020
0.439855886372000016
0.439871513564000005
0.440086182167000017
0.439965549653999977
0.439946975750000024
0.439769312354000019
0.439955859301000007
0.439842709268999987
0.439710705003000024
0.439747483940999995
0.439868311663999978
0.439786806653999995
0.439818762091000015
0.440011535166000001
0.439955542340000005
0.440040081698999996
0.439973574671999990
0.439966558005999986
0.439907957625000012
0.439915692410999981
0.439834338970000016
0.439720016546999992
0.439790482064999988
0.439967297493000009
0.439882132170999973
0.439664651567000020
0.439899968518000006
0.439870507480999984
0.439894479943999994
0.440191334006000023
0.440204378515999972
0.440048651934999979
0.439931699331000015
0.439928218162000007
0.439881868228999995
0.439992481622999976
0.439882372876999994
0.439659538816000006
0.439781376965000026
0.439944295548000019
0.440047410088000024
0.439896081865999988
0.439903381835999974
0.440149017952000010
0.440271800582999973
0.440058426813999981
0.439909075320999987
0.439808698915000018
0.439775914764999998
0.439736141921000023
0.439768021999999981
0.439651964103999982
0.439744409399000002
0.439767120361999997
0.439964213797999992
0.439733939219000003
0.439873054814000020
0.439913748032999985
0.439934564123000027
0.439973559427999983
0.439830768508999992
0.439818718544999987
0.439850147031000005
0.439902755849000016
0.439879600132000004
0.439933884336999981
0.440083276861000017
0.439946160881000026
0.440011105753999987
0.440099141613000011
0.440016639275000010
0.440014180275999978
0.440007991325999992
0.440153945697000004
0.439899008485000020
0.440140805951000025
0.440038282313000018
0.440114226105999984
0.440012428341999995
0.439858059972999982
0.439980375398000001
0.439876489767000001
0.439942086941999988
0.439974772279999982
0.439953549768999974
0.439703919830000012
0.439737290215000021
0.439917975080000023
0.439997463733000027
0.439891751724000024
0.439978558979000012
0.439939245907000009
0.439925768097999992
0.439874408431000008
0.439961804183000016
0.439842677793999992
0.439945438972000002
0.440079486316000024
0.440026244667999999
0.439957311881000013
0.440030209436000019
0.439722675447999978
0.439848481301000016
0.439802878103999983
0.439965488138000016
0.439944136800999974
0.439988337384000006
0.440043109809000021
0.439984971228999988
0.439731599852999977
0.439658286362999973
0.439671999307999994
0.439825402796999998
0.439929266282000020
0.439892397950999992
0.439939828039000003
0.439945990547000010
0.439793951638000002
0.440069191231000023
0.439995032499999994
0.439998480146999993
0.440030100087999976
0.440167706363000011
0.440131980977999993
0.440084399605000010
0.440200033356999976
0.440019286672999999
0.440033135992000002
0.440017473528000025
0.439910190084000008
0.439909594098000012
0.440072911278000023
0.440002010998999993
0.440110724419999988
0.440059019338000013
0.440048057293999983
0.440036470517999989
0.440050396607999994
0.440086120101999989
0.440113374063999974
0.439980146728999988
0.439994167990999996
0.439938748363000010
0.440187670925999974
0.440130747559999980
0.440069774440000006
0.440011067674999978
0.439966993924000016
0.439806863366000000
0.439770625159999984
0.439736729443999996
0.439935581108000018
0.439920549674999994
0.439814436159999989
0.439920098137000004
0.439849315656999973
0.439886496736999977
0.439622751737999973
0.439671902519000013
0.439868664640999996
0.440016175803999987
0.440006543869000011
0.439768315538999977
0.439822668425999985
0.439633584636999974
0.439742831338000018
0.439764639953000025
0.439960702373000001
0.439831727027000019
0.439930968857000004
0.439910392152999985
0.439786277835999995
0.439885189479999994
0.439582169613000007
0.439901141263999984
0.439853937314999999
0.439886801797999993
0.439887900797999998
0.439889731690000008
0.440029839071999995
0.439990697734999991
0.439908995229999988
0.440041741990000013
0.439886997383000022
0.440015076843000008
0.440038868894999990
0.440032836804000016
0.440053948374000026
0.440116607582999975
0.440006190307999978
0.439794026886999978
0.439839653569999989
0.439860674565999976
0.439980013758999977
0.440129103349000017
0.440053244753000006
0.440002898847999979
0.440078688491999992
0.439989786456000009
0.440035547234000013
0.440053564851999979
0.440161585741999983
0.439931109383999985
0.440061354672000027
0.439963290898000015
0.439861137753999987
0.439804515683999975
0.439825526555999990
0.439628952239999982
0.439737892678000009
0.439739229577999990
0.439466891201000021
0.439754522942999992
0.439645432752000020
0.439857659858000016
0.439985926999999999
0.439907854917000019
0.439718627555000019
0.439889701181000015
0.439761462376999979
0.439784955480999995
0.439990742855999983
0.440242169071000000
0.440244913169999974
0.439949414094999991
0.439852597949000002
0.440014242805000011
0.440365245259999982
0.440145357391000025
0.439930122699000004
0.439961467652000005
0.439821408334000019
0.439743067732999982
0.439803204356999988
0.439757590167000001
0.439676122050999985
0.439911863773999989
0.440091450765000003
0.439898185790000007
0.440021491089999994
0.439859225577000024
0.439906249043000019
0.439917788003999999
0.439974304824000018
0.439943676969999975
0.440246177949999984
0.439929189504000007
0.439871383163000007
0.439741675951000000
0.439960673166000016
0.440009877469999977
0.439872443546000025
0.440065489904999996
0.439834088595000006
0.440026854946000023
0.439750610860999980
0.439812780462999986
0.440006101772000002
0.439795859100000019
0.439835494712999986
0.439904302648000012
0.440015012812000006
0.440083035509999998
0.439925672406000001
0.439974434435000006
0.440034232513999979
0.440086797379000028
0.439938905363000010
0.439859279456999985
0.439737742506000007
0.440106079147999985
0.440009741652000019
0.439771659305000007
0.439780249429999992
0.439731562111000007
0.439985826199000007
0.439920477019999978
0.439863235740000025
0.439905496658999973
0.439843354424999999
0.439969270944999991
0.439855400783999984
0.439916094114999989
0.439868530152000003
0.439917117093999999
0.439895431428000028
0.440030431976000003
0.439820091851999995
0.439799928762000025
0.439647245344000015
0.439810210335999985
0.439735190534999987
0.439826766987000017
0.440003847178000007
0.440043127016000013
0.440072375141999983
0.439944647610000017
0.440041067088999982
0.440034288290000020
0.439949468761999973
0.440026105895999997
0.439966882348000021
0.440035497795999986
0.439920778535999979
0.439940891936000000
0.439852478822000015
0.439832392834999975
0.439840612502000017
0.439795196649000020
0.439799223269999984
0.440015550683000023
0.440051710052000000
0.439905073313999972
0.440112741379000028
0.440001281894999985
0.440038091854999980
0.439962741070999974
0.440028897322000012
0.440161353024999979
0.439844376252999991
0.439836703928000006
0.439711428537000015
0.439695420454000008
0.439751557838999996
0.439771721858000009
0.439967316160999988
0.440109510392000025
0.439950177571000023
0.440071752707999975
0.440047390433000007
0.439954964318000019
0.439880636764999999
0.439796746637000024
0.439795563068999973
0.439903171965999984
0.439951015055999983
0.439840238719000021
0.439893571217999990
0.440028424904000015
0.440067778271000021
0.440154081899999994
0.440091663640999997
0.439936556230999976
0.439767700554999974
0.439903043782000014
0.439832847345000000
0.439917368157999977
0.440038201869000001
0.439948764666000025
0.439995936621999983
0.440127330736000022
0.440098203976000024
0.439975890440999995
0.440070669432000017
0.439880995614999992
0.439959819583000011
0.439962330542000013
0.439899820572999978
0.439722543653000009
0.439798525504000004
0.439829113539000005
0.439919335711000004
0.440079493501999985
0.439980838759999993
0.439777006392000014
0.439825176367000026
0.439852303421999991
0.439902731142000014
0.439829464429000005
0.439891356392999977
0.439924742402000024
0.439871063215000024
0.439967371837999999
0.439993679527000026
0.439879215860000006
0.440003475899999996
0.439915185074000015
0.439971924974999984
0.439990586211999990
0.439817606433999975
0.439962502468999983
0.440082454530000000
0.439962646244999978
0.440012673838000024
0.440213810455999999
0.440050421384000023
0.439900708972999988
0.439816275945999979
0.439969710480999976
0.439965823533999989
0.439773664712000023
0.439599517193000000
0.439592160341999993
0.439643977136000008
0.439829099728999973
0.440028768146000004
0.440128250263999987
0.439917143479000017
0.439919063035000002
0.439896244192999997
0.440027477057000016
0.440052921955999987
0.440145564024000013
0.439994162783000020
0.440108343442999983
0.440337614067000005
0.439960720488999979
0.440091775076000002
0.440178286723000023
0.440009242693000013
0.439827309792000021
0.439896907680000004
0.440101481204999978
0.440323138971999983
0.440181188730000006
0.440106007670999999
0.439990173945999985
0.439859132381999973
0.439924683676000017
0.439799481355000021
0.439821878534999988
0.439743079315999985
0.439642427193000007
0.439674885509000024
0.439753733142000003
0.440023123261000015
0.440071421131000007
0.439934807940999983
0.439869657831999994
0.439831035867999987
0.439984715257000003
0.439970970743000012
0.439905914998000025
0.439991122061999973
0.440023095177999979
0.439987678817999994
0.440026204417000022
0.439993061103000016
0.439960539408999984
0.439876254109999976
0.440180947609999984
0.440144796050999987
0.440162894402999993
0.440177160848000015
0.440078306086000015
0.439995536367999984
0.439964437558999999
0.440203026855000012
0.440208350071999988
0.439947510970000011
0.439940493370999997
0.440005683466999975
0.439955727522999995
0.440034253569999978
0.439920161510000018
0.439978643953000015
0.439976734033000028
0.439982122490000016
0.439943497434000019
0.439982798128999986
0.439795521483999974
0.439890591029000022
0.439795677632999982
0.439982060866000002
0.439701658587999977
0.439751104459999986
0.439973385599000011
0.440023031198000014
0.439763623790999980
0.439880370091000006
0.439733714504999984
0.439812079364999997
0.440063381385999985
0.440074143674999974
0.439836015374000022
0.439979601639000018
0.439998228910000011
0.439867581218000014
0.439727728604999979
0.439677330473999983
0.439776451635999988
0.439620238278999986
0.439771751872999994
0.439907262173000024
0.439986277875999976
0.439866632674000002
0.439908877433000001
0.440018295442999974
0.440030767428999992
0.440036378136999973
0.440047900238000000
0.440098569594000011
0.440072649027999974
0.440025537339000017
0.439857390161000006
0.440059913834999983
0.440086110560000021
0.440045403441999994
0.439956238639000019
0.439815507059999999
0.439997715527999989
0.439764836401000003
0.439800186835999973
0.439835018465999983
0.439627893780000001
0.439656607513000008
0.439506186475999983
0.439443665202000011
0.439608931031000016
0.439657102061000005
0.439935564554000014
0.439880090898000009
0.439881174568000022
0.439954166619999976
0.439845738242999995
0.439913294379999986
0.439956858883000013
0.440071559002999990
0.440072310178000026
0.439969105703999996
0.439972985327000021
0.440109013564000007
0.440057561243999973
0.439951693121999998
0.439980095148000017
0.440068661555000018
0.440024439805999978
0.440018554130000017
0.440049035372999997
0.439941984943000020
0.439803355447000000
0.439979513559999980
0.439846072932000010
0.439818777027999985
0.439807788412000022
0.439906462125000008
0.439889662888999999
0.439756723685999995
0.439805983357999974
0.439883411464999985
0.439787808481000020
0.439954807270000026
0.439780913777999993
0.439728652572999978
0.439950994920999983
0.440032078142000016
0.439954458549999983
0.440123541236999982
0.440096401856999997
0.439986671564999987
0.440115048956999988
0.439984789122000008
0.439998025244000002
0.439842908972999991
0.439895136133999998
0.439866082702000005
0.440044542751000023
0.439903434079999989
0.439928126651000007
0.439988654132999979
0.440089387325000025
0.440117461501000007
0.440075585928000002
0.439953287447000019
0.440095426555000002
0.439821390415999991
0.439666414361000013
0.439809824060999999
0.439638760194999978
0.439894560503999998
0.439823942227999976
0.439711639523999998
0.439821242421000014
0.439645275815000014
0.439790082365000001
0.439977439586999974
0.439994928600000001
0.440019582000999998
0.440041804438999984
0.439833063214999986
0.439896632938000021
0.439941099669000024
0.440145565178999998
0.440181484386000021
0.439937329405000022
0.439754980838999998
0.439770869123999986
0.439854668020000006
0.439793163140999976
0.440045757382000025
0.440260628305000012
0.440314723791000007
0.440061497121999989
0.440022655782999983
0.440248779422000025
0.440340197726000027
0.440193616098000007
0.440011697024999981
0.440173817163000025
0.439973284041000001
0.439829060587999976
0.439624399968999990
0.439837496165999986
0.439849623688999991
0.440082675623000019
0.439812678284999981
0.439671691126000019
0.439979510886000014
0.440041666820999988
0.440137152821000022
0.439912171818000020
0.439934730295999998
0.439936747128000016
0.439934289049999983
0.439843512451000007
0.439906190259000018
0.439813817910000016
0.439992954195000008
0.440035952278999998
0.440286341192999975
0.440201209488000011
0.440125642337000023
0.440148161421999973
0.440068550564000016
0.439975938098999986
0.440087698688999995
0.439892833089999991
0.439862394835000003
0.439952954494000015
0.439822003344999990
0.439924811157999973
0.439879422058999991
0.440023894111000013
0.439936307289999995
0.440051905023000012
0.440114800186000021
0.440140967888000001
0.440004231063999995
0.440236600601999983
0.440220927119000016
0.440008410341000022
0.439819078643000017
0.439944367978999995
0.439933904170000001
0.439988538967999998
0.439922778934000003
0.439909992408999972
0.439752600845999986
0.439882536280000014
0.439805979971000016
0.439817637017999974
0.439847175126000023
0.439878133098000001
0.439797096280000022
0.439956372338000001
0.439923235834000004
0.439891910256999974
0.439809280716000006
0.439904383035000013
0.439864390177000020
0.439853687321999975
0.439780867490000005
0.439617895917000012
0.439863713230999986
0.439938446593000021
0.439912596995999994
0.440019990001000005
0.439908830711999987
0.439814450909000010
0.440175813262999982
0.439957635216000009
0.440001375791000016
0.439905604640999981
0.440003867436999985
0.439874184845000016
0.439759749214000017
0.439715919253000020
0.439800632533000002
0.439938898610000018
0.439918839318999999
0.440013359852000019
0.440057563290000009
0.440114139381000025
0.440101924496999974
0.440051326036999979
0.439985174721000016
0.439896230481999995
0.439705715897000027
0.439722283762000010
0.439691204823000004
0.439772695724999996
0.440025849861999996
0.439978404601000017
0.439825967500000026
0.439810193986000020
0.439937040248999989
0.439924629703000003
0.439744137573999994
0.439919055484999988
0.440068119209000019
0.440055131423000012
0.439998692192999974
0.439944464033000027
0.440090229371999986
0.439869997058000006
0.439960953348999984
0.440044185270999977
0.440079159514999985
0.440142886582999993
0.439962895641999974
0.440041177758000002
0.439992031166999975
0.439881862705999993
0.439956993746999980
0.440055898926000000
0.439989589725000019
0.440054956644000017
0.439704017727999996
0.440196143036999998
0.439896680119999994
0.439825150137000020
0.439732214620000006
0.439705685218999998
0.439892891386999996
0.439930785112000011
0.439869118544000015
0.440025755698999987
0.440007666013000009
0.439847412230999990
0.439780184753999992
0.439912945403000022
0.440049533995000020
0.440015005851000007
0.439841376464999989
0.439784647937000006
0.439850677751999986
0.439995084727999974
0.440026423313999993
0.439846046042000005
0.439852377899999980
0.439735714117999998
0.439765386739000008
0.439867120037999992
0.440046777615999973
0.440080542322000001
0.439898555412999992
0.439843848746999999
0.439515007454000017
0.439517470146999989
0.439735451015999979
0.439798070287000020
0.440045285677000020
0.439903301372000011
0.440007712474999979
0.439763644768999984
0.439950326951999982
0.439885694725999976
0.439956369404000014
0.439956762180000016
0.439894210005000008
0.439951880720999999
0.439835169257000003
0.439842808126999996
0.440136587372999988
0.440075320920000013
0.439946670092999981
0.439935955561999992
0.440083699109000026
0.439974092212999990
0.439810363955999983
0.439901664209000010
0.439948556511000011
0.439986780884000006
0.440172344843999974
0.440006676523000018
0.439900117659000001
0.439879366767999991
0.439907589265999988
0.439909065112000008
0.439882812018999980
0.439915453070999996
0.439909119211000010
0.440067070160999996
0.440294348291999982
0.439989705128999986
0.440214040290999975
0.440289553082000018
0.440055273224999988
0.440069743748000008
0.439852944502000021
0.440021986152000000
0.440108396419000014
0.440039657867999978
0.439972634136000018
0.439761945380999997
0.439810968573000005
0.439927574864000026
0.439895480876000000
0.439998622105999992
0.439869583203000014
0.439974353998000001
0.440021193174000014
0.439929571680999998
0.439870376976999988
0.439978774720999999
0.440077380151000008
0.440108900575000017
0.440004284470999985
0.440041665992999986
0.439829576220999996
0.440025061632999981
0.439891527353000023
0.440006527807000003
0.440045511941999978
0.439993467711999986
0.439945962148000025
0.439813925877000023
0.439877619160999989
0.440122475161000004
0.439996415578999989
0.439923670576999992
0.440019025707000022
0.440002092454999993
0.439806692642000008
0.439805700954000012
0.439938468073000022
0.439852971016999994
0.439768330907999994
0.439748056576000024
0.439562689482999980
0.439981631933999973
0.440115683323999973
0.440183448626000007
0.440141508314999985
0.439923414845000027
0.439995293323000025
0.439886223643999985
0.439860235425000023
0.439844780217000020
0.439811591132000024
0.439765016926999985
0.439817432309000000
0.439879499005000008
0.439736736040000020
0.439703797758000003
0.439816007371000017
0.439747532604999991
0.440055252913000017
0.440042558124000005
0.440013607164000009
0.439852754986999994
0.439964819399000007
0.439981895984999982
0.439950599065000003
0.440057569747999977
0.440025041554999996
0.439908834091000012
0.439855204095000007
0.439998702758000015
0.440117748709999979
0.440051307549999993
0.440131960850000004
0.440110103375999984
0.440145455931999996
0.439992580515000009
0.439785734079999990
0.439845291412000017
0.440026603188999998
0.439759393112000019
0.439804930988999976
0.439665854949000012
0.439607052042999991
0.439847481087000003
0.440014941120000003
0.439979099345000013
0.440130681395999979
0.440218617804999990
0.440086388115999982
0.440131080078999981
0.439921560830000002
0.439902168992999998
0.439809347931999994
0.439767706056999996
0.439904921527000004
0.440045325192999992
0.439881591071999978
0.439950474104999989
0.440146083892999973
0.440169676264999976
0.439931241849000010
0.440015450641999983
0.440016356258000008
0.439928694637000017
0.439973417137000000
0.440001980793999992
0.439799190208999990
0.439980232992999987
0.440228889002000023
0.439824997656000027
0.439967850170999986
0.439571746149000020
0.439824960829000022
0.439937314049999972
0.439965297573999992
0.440121764962999984
0.439947462236000009
0.439969824866000003
0.439868311903999998
0.439850994065000001
0.439872838632999974
0.439825386413000008
0.440057513193000016
0.440133906169000000
0.439949485093000026
0.439847398961999980
0.439853922919999973
0.440082451998999979
0.439961275684000008
0.440088867594000011
0.439998473685999980
0.439892254008000028
0.439962410314999997
0.440097071602999990
0.440020443162000008
0.440058987018999981
0.439870816293999989
0.439867293225999989
0.439765519019999995
0.439929541651000011
0.439871413556000013
0.439965104097000015
0.439945103993999997
0.439814384246000001
0.440123523136999983
0.439728890067999978
0.439810698408000023
0.440033618768000012
0.439992341542999987
0.440096473864000026
0.439891057497000026
0.439887805962999978
0.440073193769999982
0.439883065936999995
0.439897620982000026
0.440002937180999976
0.439873476686999998
0.439810062098999976
0.439757421523000014
0.439977659241000019
0.439878510635999975
0.439604867449999992
0.439927142340000021
0.439887870577000017
0.440052707772000007
0.440058318406000015
0.439766660684999977
0.439733176075999987
0.439608399845999975
0.439757543719999977
0.439729790404000009
0.439783386765000006
0.439902864082000022
0.439808773681999998
0.439685665647999990
0.439740397326999988
0.439668514110000019
0.439799561343000023
0.439848486167999986
0.439731312960999987
0.439936910700000017
0.439708407864000006
0.439685746235999986
0.439772061466999986
0.439764375792999984
0.439783404679000012
0.439983223192000006
0.440000991815999998
0.439813660193999978
0.439704201123000016
0.439669476025999983
0.439721869179000024
0.439782891645999985
0.439772963801000005
0.439781471247999989
0.439863011881000021
0.439923783748000008
0.440020058770000000
0.440002898312999990
0.439901211537999992
0.440008581015000011
0.440119801804000010
0.440028316229999994
0.439717362472999973
0.439618482252000009
0.439743152578000007
0.439797647249000001
0.439636942086999993
0.439778803654999995
0.439819136797999999
0.440104157931999973
0.440028949386999990
0.439892332737999991
0.439791267352000026
0.439839250863999998
0.439686292962999992
0.439655081316000007
0.439709654093999980
0.439790129821999998
0.439819637007999975
0.439803483877000023
0.439833979370000017
0.439611766577999996
0.439644475184000016
0.439836254175999974
0.440129070660000010
0.439903977479999986
0.440173816609000013
0.440077915604000003
0.439957970119000008
0.440043245152999973
0.439996932118000006
0.439994140681999990
0.439971314775999989
0.440067057852999988
0.439934342004000001
0.440088999317999996
0.440035066142999975
0.440040491924999999
0.440108487120000003
0.440083349274999980
0.440025390118000015
0.439978793234000021
0.439882478224999984
0.439826271704999994
0.439897564056999979
0.439796865036000018
0.439818426644000005
0.439677069651999985
0.439797491157000009
0.439751234458999996
0.439742281462999984
0.439764985634999994
0.439880475178999975
0.439958029503000003
0.440082588243000006
0.439844379544000019
0.439963287217000010
0.439945014387999989
0.440036691839999994
0.439926578600000007
0.440030626646999989
0.439831071131000007
0.439917128747999986
0.439919960183000003
0.440005248422999984
0.440090153952000018
0.440312238232999975
0.440071448874000015
0.440063383723000023
0.440076153332000009
0.440214140977999990
0.440110048324000025
0.439907571955000021
0.439966616106000019
0.439837602724000021
0.439751166553000006
0.439737474231000014
0.439771964871000010
0.439826822253000016
0.439848787247999973
0.439909345386000017
0.440082849847000024
0.439927359866000012
0.439822964747000000
0.439864823377000003
0.440145136782999991
0.440228396984000014
0.440238679156000012
0.440068801106999974
0.440075481164000026
0.439952927847999997
0.440005522388000003
0.439882459562000006
0.439785543128000000
0.439997075317999975
0.440080249854000016
0.440075982801999999
0.440087669362999978
0.440085493519999982
0.439956130376999988
0.439895634031000016
0.439731207786999978
0.439607193652000017
0.439672092969999984
0.439990495877000010
0.439998749934999989
0.439853806356000021
0.439895183033999992
0.439750745439999979
0.439816574399999993
0.439771869545000027
0.440030077291999999
0.440107945326999983
0.440022718450999994
0.439848422633000002
0.439889669669000005
0.440092897619999979
0.439987491823999988
0.439826042330000000
0.440028462549000021
0.440024431576000019
0.440186737456000010
0.440104486788999993
0.439943777014999982
0.439797248643999994
