0.433629275686000015
0.433554936007000014
0.433427422223999992
0.433610613438000003
0.433591268603000013
0.433528519298999993
0.433476097170000019
0.433458097343000004
0.433559651235000010
0.433532068928000003
0.433524866136999976
0.433671014124999976
0.433895058634999997
0.433860012153999997
0.433810541559999985
0.433706153707999975
0.433571110006000016
0.433750566180999997
0.433749801179000027
0.433585791933999987
0.433540407522999993
0.433363363404999979
0.433462794446999977
0.433570103832999987
0.433747290216000003
0.433522974022999996
0.433309556082000003
0.433398437227000000
0.433452535269000017
0.433599669249000008
0.433896587290000024
0.433790655601999975
0.433678016865999993
0.433680139134999976
0.433617782454999989
0.433491760299999973
0.433452804337000008
0.433465515952999980
0.433351299068000018
0.433444232809000018
0.433380603024999977
0.433456104198000014
0.433835517088000000
0.433749406878000010
0.433718159308000006
0.433630442816999973
0.433598295548000001
0.433418113255999993
0.433536587899999992
0.433721789537000024
0.433585588914000009
0.433643478460000009
0.433654227334999975
0.433706193720000022
0.433623026071999984
0.433671812333999984
0.433551711519999994
0.433480531303000016
0.433442977700999987
0.433495000266000019
0.433734472423999984
0.433622913770000007
0.433603117992999998
0.433543567414000020
0.433637811684000007
0.433632639175999979
0.433681955126999974
0.433649435440000008
0.433678545435000007
0.433687562520999992
0.433675607339999991
0.433606528908999977
0.433748720385999986
0.433402232832000023
0.433587197899000021
0.433685626853999973
0.433296074902000006
0.433400403107999987
0.433449409918000017
0.433461687822000008
0.433578839361000001
0.433522682702000006
0.433692974778999984
0.433600463672999981
0.433662944619000013
0.433767158933999974
0.433784835854999995
0.433615528137999973
0.433743919433999980
0.433725507110000019
0.433872130104999976
0.433768032505000012
0.433613847991999979
0.433735489477000025
0.433669547697999980
0.433645930063000007
0.433668898054999974
0.433797370462000009
0.433695468196000022
0.433596063144000010
0.433533933368999980
0.433540189627000028
0.433536273679999973
0.433626779706999976
0.433623793731999996
0.433673741000999979
0.433580873086000018
0.433642012332999982
0.433638086199000017
0.433584773756000019
0.433513282328999994
0.433634187166999974
0.433707534519999993
0.433498684693999992
0.433415414459999981
0.433422721637999997
0.433337722355000010
0.433465143017000010
0.433489720156000014
0.433586875488000012
0.433709971733999999
0.433587094762000025
0.433764905972999992
0.433842795384000002
0.433766859838000007
0.433659224853000014
0.433558336335999994
0.433652532297999993
0.433586558289000001
0.433600344196999998
0.433588031907000016
0.433752990752000023
0.433736967551999975
0.433493859614999977
0.433607615983999994
0.433553562424999983
0.433461051305000011
0.433576239681000009
0.433505502207999993
0.433482508187000015
0.433644036908000019
0.433625607475999986
0.433588484466000013
0.433450833036000016
0.433767054415000020
0.433780193965000005
0.433735051636000013
0.433535600600999993
0.433544468680000017
0.433454365103000006
0.433639559111999973
0.433622351961000019
0.433672237485000001
0.433534499643000004
0.433632207903999978
0.433620418168999988
0.433676707722999988
0.433767384021000013
0.433645024506000010
0.433864070044999994
0.433807536845000008
0.433672169818999975
0.433714401851999998
0.433768735593999977
0.433658511184000006
0.433723427147000018
0.433557748347999983
0.433556492484000022
0.433649537548000008
0.433763423837999984
0.433732715227999999
0.433667123874000027
0.433718585175999982
0.433515220215999975
0.433680349319000014
0.433824993084999999
0.433621660036000001
0.433585679376999988
0.433462922791000016
0.433302069288000025
0.433428447769000025
0.433481501704000016
0.433736898656999992
0.433591374194000012
0.433420223278999983
0.433252472577999981
0.433457926579000008
0.433602968465000016
0.433667548587000018
0.433681804276000005
0.433584275951999998
0.433423066843000027
0.433406337109999984
0.433554677981999981
0.433567601013999993
0.433576238700000005
0.433738400638999988
0.433595717486999987
0.433568932091999981
0.433470178257000016
0.433600994941000017
0.433708546851000021
0.433707935007999978
0.433823106156000005
0.433662774187000000
0.433628930721000005
0.433508173672999986
0.433412081991000009
0.433425971919000008
0.433635915162999985
0.433583492967999973
0.433540647785000011
0.433464446514999990
0.433474260120999988
0.433797128739000004
0.433762535374000002
0.433654443348999996
0.433768898194999974
0.433584399469000015
0.433493298292999985
0.433676621220999980
0.433689019078999982
0.433526200071999990
0.433658423201000010
0.433699855937000001
0.433548867758999978
0.433618116394999975
0.433668911543000024
0.433454320740000010
0.433544688002000023
0.433519927422000018
0.433738490654999975
0.433862277538999974
0.433522282787999980
0.433536649065000002
0.433625217978000022
0.433869564664999985
0.433752860367999982
0.433825353774999978
0.433731074514000003
0.433664238189999995
0.433563230445999981
0.433669542898000027
0.433365711100999973
0.433590294504999973
0.433516285579000016
0.433620372701000012
0.433786088565000005
0.433749537492000015
0.433694910238999976
0.433578602232999988
0.433657878810000008
0.433594987541000010
0.433610293666999991
0.433542588652000016
0.433754961995999999
0.433745529487000014
0.433664920489999994
0.433747361288999989
0.433651843373000001
0.433676106768999980
0.433665554919999974
0.433706280087000018
0.433542798984000000
0.433597039219000002
0.433698083861000006
0.433579037810999990
0.433667921535999978
0.433710987720999974
0.433831515818999980
0.433807846471000014
0.433589226689000018
0.433864973034999990
0.433773462893999984
0.433590837399000006
0.433841835866999981
0.433761978742000009
0.433751089583000016
0.433818272384999981
0.433681472598999973
0.433575384038999978
0.433540673463999993
0.433611421406000008
0.433428042680999992
0.433530358580999975
0.433565563802999987
0.433480488122000018
0.433557608663000027
0.433540678650000011
0.433563193218000020
0.433500904755000027
0.433384604845000021
0.433690526899999984
0.433917228105999975
0.433769900488000015
0.433782755040000023
0.433593943393999981
0.433571777371999978
0.433698824426999974
0.433577913714000007
0.433649921102000013
0.433754091708000000
0.433931650308999994
0.433859226046000024
0.433819198028000008
0.433866040938000019
0.433873758936999976
0.433791485701999990
0.433767618565000013
0.433756154311999986
0.433926258898999995
0.433735954801000023
0.433608507731999993
0.433543791771999976
0.433697082163999992
0.433539684862999986
0.433743721437999996
0.433735370314000002
0.433900662074000021
0.433745643243000023
0.433644017077000010
0.433680552634000016
0.433801087297999988
0.433601804024000004
0.433635161481999987
0.433703280472000019
0.433557008936000021
0.433655144754000021
0.433824678457999990
0.433528891756000012
0.433633533693999984
0.433653223385000008
0.433475546750999974
0.433462284892999983
0.433557028876000006
0.433646132896999992
0.433536526382999998
0.433524618907000003
0.433365360653999998
0.433439393886000002
0.433365273948999985
0.433623389832999973
0.433697976099000015
0.433712460164000002
0.433727458309000002
0.433426712165000005
0.433607491660999989
0.433540718819000026
0.433445019420000022
0.433634972519000017
0.433678994219000025
0.433601678288000003
0.433624332005000002
0.433378956731999998
0.433544912800000015
0.433724435851999990
0.433722217422000011
0.433695647969000009
0.433698685463999978
0.433697114102000014
0.433593544441999990
0.433562980662999975
0.433477307967000014
0.433755495077000008
0.433569824217000022
0.433740502462000022
0.433717433471999980
0.433592626109999990
0.433577304366000005
0.433542584412999976
0.433785636014999976
0.433614380723000015
0.433706050901999984
0.433464494999000027
0.433595833795999974
0.433587053173000003
0.433641298248999996
0.433865544657999980
0.433697470221000025
0.433669441842000014
0.433705720763000013
0.433550365441999985
0.433735852242999986
0.433646715919000003
0.433552219178999998
0.433632778775999983
0.433597634883000016
0.433563757519000004
0.433518711838000004
0.433613333835999981
0.433618923097000009
0.433554465888000007
0.433524869541999980
0.433444804291000019
0.433556221010999998
0.433377717840000010
0.433501713690999990
0.433448714906000010
0.433343642706999987
0.433513451887000023
0.433660991770000004
0.433620416231999983
0.433592263049999982
0.433601450895999996
0.433477990859000017
0.433588675969000026
0.433607753072999980
0.433568134438999997
0.433766602910999999
0.433645308617000014
0.433715139595000021
0.433605280501000001
0.433601201885000009
0.433546188105000008
0.433593894043000028
0.433584372509000004
0.433516475085999997
0.433471992608999990
0.433455651604000014
0.433629212965999988
0.433419858709000017
0.433467758443999984
0.433426931953000028
0.433274327153000016
0.433410349801999994
0.433709071035000004
0.433696070029999992
0.433706979609000010
0.433538662382999984
0.433441437890999981
0.433420168353999991
0.433735777564000002
0.433609217280999992
0.433578283662999997
0.433638585854999981
0.433816387886999999
0.433744720912999981
0.433674182003000008
0.433539317237000010
0.433552074550999977
0.433620621405999995
0.433827618630000023
0.433521758518999989
0.433537519182000008
0.433721131031000018
0.433689538556999987
0.433797408273000007
0.433717499725999989
0.433591340963000005
0.433479128260999991
0.433485366418000007
0.433592076501999990
0.433596363162000009
0.433730695906999975
0.433786741718000024
0.433830652895999980
0.433481806400000003
0.433608009356000024
0.433440422110000001
0.433657689450999972
0.433586966690000020
0.433745238249000020
0.433482736899000021
0.433789007808999982
0.433578267610000012
0.433400502021000000
0.433449910666000027
0.433632560552000001
0.433663976321000011
0.433625573639000006
0.433599735606000014
0.433771010382000000
0.433874748885999972
0.433768847966000015
0.433786092364000009
0.433652575097000004
0.433438741291999996
0.433574839865999984
0.433604580199000000
0.433711795351999996
0.433540317412999976
0.433614162583000007
0.433376539361000013
0.433808312146999997
0.433867274061000008
0.433726850740999981
0.433719011702000001
0.433668518158999983
0.433553676087000017
0.433663217036000026
0.433900367577999990
0.433828219294000006
0.433797660550000019
0.433839015210999990
0.433637489400999998
0.433802015541000008
0.433803523314999995
0.433934321801999978
0.433852815319999974
0.433854237538999987
0.433743158893000025
0.433673729961999987
0.433730834775999996
0.433667536864000003
0.433667099717999993
0.433594981626000020
0.433438351770999986
0.433599701940000026
0.433676902595000024
0.433482051498000009
0.433460703042000017
0.433389299501000025
0.433745060889000000
0.433735416618000025
0.433770775175000012
0.433593038948999976
0.433580065204999976
0.433721726925999973
0.433731766997999979
0.433732812059999973
0.433747782916000024
0.433540282105999986
0.433839631245000024
0.433732078633999985
0.433618303679999983
0.433480211103999979
0.433536110603999991
0.433528498872000012
0.433393347995999989
0.433285311083999980
0.433509640528000006
0.433750225864000027
0.433720773840999996
0.433697511297000016
0.433694074260999984
0.433786798254999995
0.433623996407999979
0.433470470391000007
0.433458657806000014
0.433520504038999999
0.433619755614999991
0.433632781814000001
0.433790965540000018
0.433579807711999998
0.433547801853000014
0.433607755215999979
0.433682679454000020
0.433762708749000025
0.433884053945000014
0.433817916164999984
0.433806026386999999
0.433720726481999996
0.433834665409999987
0.433711116981999989
0.433730622954000000
0.433781936846000027
0.433809130047000002
0.433661665939000018
0.433661287126999972
0.433488518435000025
0.433691411201000021
0.433553592639999985
0.433424533409999979
0.433524802390999997
0.433492494173999987
0.433598051810999974
0.433726243788000010
0.433651469575000004
0.433541351623999982
0.433839299520999977
0.433720157566999998
0.433735461888999974
0.433680563833999999
0.433651015327000011
0.433528941007999991
0.433510099189000020
0.433545750948000019
0.433455952044999981
0.433566451640000017
0.433765829682000004
0.433847752214000015
0.433760037614999983
0.433620345455000000
0.433662581985999995
0.433691434669999987
0.433548622667999983
0.433445988735000010
0.433670466428000001
0.433523169752000004
0.433686082192000000
0.433586834678999999
0.433745874959000022
0.433718287701000016
0.433645204920000027
0.433842263002999995
0.433777099612000006
0.433778059095000001
0.433898981159999975
0.433885329082999982
0.433731081492000015
0.433674723819999997
0.433795860686999990
0.433755858925000015
0.433532516377000021
0.433707905376000014
0.433647102763000003
0.433607352441999994
0.433515589979000027
0.433537689178000007
0.433384598412999977
0.433528563462000027
0.433522441237000011
0.433683830559000005
0.433816182087000013
0.433655106786000000
0.433596060805999994
0.433657189363000017
0.433644969789000023
0.433549263415999975
0.433593799901999977
0.433644010033999994
0.433793755037000017
0.433751182437000005
0.433553484566000014
0.433530277374000017
0.433817687328000023
0.433778121628999980
0.433627878543999978
0.433659506074000001
0.433751716803999987
0.433511809533999981
0.433558042530000021
0.433533166578000007
0.433588795610000022
0.433473945969999996
0.433574567749999973
0.433630826281000026
0.433811816898000024
0.433776445183999992
0.434045423381999973
0.433804319950999995
0.433769127044000002
0.433709430903000015
0.433750778815999993
0.433783999053000024
0.433744101197999998
0.433689734398999993
0.433836383190000008
0.433625539840000018
0.433514562659999991
0.433745496956999987
0.433645201604999975
0.433525047541999997
0.433739052542000014
0.433601226853000010
0.433870385956000026
0.433707277231999977
0.433605912026999996
0.433583273192000018
0.433384886833000027
0.433689165476000005
0.433875540198999987
0.433722820120999997
0.433588301191000003
0.433631616391000008
0.433525404813000004
0.433570183408999998
0.433585550907000017
0.433480861198999978
0.433497008949999985
0.433466820718000023
0.433388603278999973
0.433371990797000006
0.433461795890000001
0.433460507887000024
0.433492683885999985
0.433611276062000006
0.433792542451999996
0.433711146779000023
0.433684748482000004
0.433651833212999993
0.433839790853000007
0.433563932280000008
0.433725407793000006
0.433762493186000020
0.433703286405999977
0.433492353907000028
0.433494764887000006
0.433471603810999973
0.433627915600000025
0.433593862710999978
0.433435522186999989
0.433324756837000002
0.433287255541999983
0.433580149390999980
0.433672317267999985
0.433490190268999986
0.433485764453000022
0.433440988947999983
0.433200031827000009
0.433332678901000024
0.433404709024000023
0.433545922756000013
0.433724053128999976
0.433606093088000022
0.433452223844999984
0.433426587430000010
0.433467733783999998
0.433398439570999994
0.433648521343000026
0.433694921748999984
0.433691211492999995
0.433630897677000027
0.433549862883999992
0.433520799005000013
0.433718458189000011
0.433748798985999995
0.433617703086999984
0.433553761062999976
0.433593691958000016
0.433519092572999976
0.433496577571999997
0.433384571802999996
0.433531881913000017
0.433433530710999992
0.433674250164000019
0.433687514474000002
0.433533923689999989
0.433405301430000001
0.433742756351000014
0.433846276578999990
0.433598337245000021
0.433642628245999973
0.433841423896999978
0.433795076737999996
0.433603672785000005
0.433546564638000009
0.433610004539999982
0.433602104732999982
0.433513839241000010
0.433327667994000021
0.433376290386999985
0.433682609494999982
0.433691350877999982
0.433847002641000012
0.433746677159999983
0.433776198389000001
0.433559927820000024
0.433784559053000007
0.433715829335000025
0.433569737589000026
0.433654700828999984
0.433668402281000009
0.433662660405999989
0.433691430518999999
0.433481194166000006
0.433553381246000014
0.433461844355000014
0.433357458046000010
0.433480724538000017
0.433371068216999999
0.433550291199999993
0.433568706370000001
0.433624757766999991
0.433834882408999978
0.433824062371000019
0.434015710278999989
0.433830911998000002
0.433829515371000007
0.433727870000999993
0.433705669901999991
0.433660231763999982
0.433768035926999973
0.433482377360999982
0.433592524618999997
0.433767103410000021
0.433795688367999976
0.433712911942999990
0.433643894731000012
0.433426235446000008
0.433761767409999999
0.433884078953000019
0.433691979539999994
0.433578225067999978
0.433560182214999978
0.433437682202000019
0.433539672579000002
0.433632356978000011
0.433656307111000006
0.433605775620000022
0.433667021155999977
0.433462954798999989
0.433363840843000003
0.433304450768000005
0.433491350245999996
0.433513360575999984
0.433610858488000017
0.433708031840999986
0.433431215325999986
0.433577430992000024
0.433618016506999993
0.433668758613000027
0.433703918603000005
0.433722926637000017
0.433652879830000004
0.433739417854999976
0.433902888516000007
0.433715985844000007
0.433597123791000016
0.433702574700999988
0.433557471653999993
0.433717599540999976
0.433534471752999973
0.433599603153999980
0.433507866302999978
0.433532169379999999
0.433704568238000021
0.433813153494999992
0.433751139002000019
0.433650006894999995
0.433742947777000010
0.433775802499999974
0.433728474201000025
0.433573911141000023
0.433679452123000020
0.433513041955999989
0.433444645131000006
0.433602551534999991
0.433533733445999991
0.433662119939000001
0.433784145249999975
0.433720475690999974
0.433860408462000025
0.433936814552999983
0.433812422676000009
0.433798790732999984
0.433818109888000014
0.433770310356000000
0.433739327778999983
0.433645177589999986
0.433505388069000019
0.433631078991000007
0.433574992579000007
0.433788705261999974
0.433849978189000007
0.433783632167999977
0.433716155905000011
0.433497919361999995
0.433600372243000021
0.433612586874999983
0.433608264914999986
0.433622120524999988
0.433788912068999999
0.433619504207999995
0.433554659584000024
0.433572464972000027
0.433594792629000025
0.433705614146999985
0.433715723808999976
0.433508089330999991
0.433426931416000027
0.433561789856000024
0.433581346011000013
0.433770071011999991
0.433590116980999973
0.433487496783000026
0.433598211738999983
0.433800047909000008
0.433566788333999975
0.433435000647000024
0.433624985525999984
0.433756293788000014
0.433947635780999985
0.433885644783000013
0.434026824024000002
0.433924348741999977
0.433667593347000002
0.433637436536999987
0.433812443421999983
0.433747041296999980
0.433711474667999974
0.433718690397000006
0.433761509661000022
0.433795401480999987
0.433730717375000019
0.433516956351000016
0.433681181056000009
0.433554653864999973
0.433623687520000023
0.433700573950000001
0.433509420679999979
0.433646221469000004
0.433585769619000028
0.433665925125999996
0.433478265979999999
0.433433506322999984
0.433372488160000013
0.433441094975999974
0.433541019292000007
0.433669954164999982
0.433685307113999996
0.433629166163999991
0.433684786298000002
0.433536066943999987
0.433570906445999993
0.433680208786999977
0.433901680349999985
0.433621655632000003
0.433551467947000002
0.433325818482000025
0.433555090034000001
0.433626840231999988
0.433798859777999979
0.433580743431000004
0.433669294794000015
0.433640123511000009
0.433464786687000003
0.433566366917000012
0.433835023175999979
0.433817204815000024
0.433750806401999978
0.433849330689000001
0.433892385780999978
0.433757437430000004
0.433693789892000026
0.433461191799000001
0.433759929488999996
0.433499259347000010
0.433658965667999996
0.433539677432000004
0.433699033623999974
0.433736262330999989
0.433742962735999993
0.433736106210000028
0.433517128774000005
0.433486163079000009
0.433547291579000016
0.433495525205000010
0.433597962524000013
0.433486954363999977
0.433627958184000017
0.433863247775999994
0.433738148303000004
0.433838390798999995
0.433843927512000016
0.433816647983000014
0.433962762080999986
0.433821261045000017
0.433711152789999999
0.433706089043999987
0.433768486846000001
0.433993602437000026
0.433842360674999983
0.433724236696999998
0.433547834435999979
0.433519277850999973
0.433804514970999977
0.433696781836000023
0.433814859273999986
0.433794746291000011
0.433835178054000015
0.434012435791000017
0.433710856867000005
0.433855856772000004
0.433608706431000024
0.433598277488000006
0.433784727485999999
0.433590690690000002
0.433949982966999992
0.433713235402999997
0.433892020785999977
0.433885840357000008
0.433687501531999975
0.433644544856000014
0.433700343990000015
0.433776509842000002
0.433787233707999986
0.433760617587999997
0.433800456221999975
0.433573562164000004
0.433487262006000018
0.433538209687000020
0.433743795561999990
0.433560369815000013
0.433670946336999985
0.433716341175999998
0.433817222966000005
0.433676168555999997
0.433628860100000013
0.433745599902000012
0.433712071746999994
0.433542994050999997
0.433768723435000003
0.433578698995000011
0.433615274539000006
0.433481297830000001
0.433661050865999986
0.433561650091000006
0.433541253156999984
0.433535567487000006
0.433481124961999975
0.433630876873000004
0.433694842168000028
0.433713006996000017
0.433594752181999998
0.433596253780999974
0.433730497488000022
0.433756546691000000
0.433834509284000025
0.433565924749000020
0.433537193386999975
0.433431451839999982
0.433713362601000019
0.433502751394000019
0.433567787934000026
0.433533451994000008
0.433457978929999987
0.433607734848000026
0.433653484495000019
0.433564800536999972
0.433563911557000026
0.433713195619000014
0.433713361036999978
0.433673305294000000
0.433740065524000018
0.433448215507000023
0.433432467120999976
0.433682356725999973
0.433814338286000023
0.433605339079999985
0.433586189005000011
0.433468804506999983
0.433549000070000023
0.433498155308000011
0.433609773129999987
0.433494806095999996
0.433446136280999983
0.433670059037999989
0.433572222644000027
0.433595441284999994
0.433617218194999987
0.433604231120000017
0.433490550008999997
0.433535546333999988
0.433539913496999996
0.433383999927999974
0.433533427452000020
0.433563628280999980
0.433578301943000011
0.433680503521999994
0.433548097831000012
0.433634580297000027
0.433440608095000013
0.433482029943000002
0.433673518784000012
0.433576883043000016
0.433565651109000028
0.433403280353999998
0.433492582618999978
0.433515799496999976
0.433642464047000020
0.433606066392999978
0.433501953343999991
0.433460488882000006
0.433405673682999981
0.433527517179000010
0.433766973127000022
0.433775350391999992
0.433692594214000027
0.433581137032000019
0.433553937828000002
0.433444772315999982
0.433188751230000002
0.433520634515999981
0.433563452991000020
0.433402981944000010
0.433672407295999984
0.433735339025999977
0.433901269867999984
0.433811403087999981
0.433724717666999993
0.433662084775000012
0.433540981129000025
0.433355579483000020
0.433642163761999988
0.433369576262000011
0.433438879903999985
0.433337709490999978
0.433410869074999983
0.433558637796999990
0.433284941056000017
0.433447457678000025
0.433556914279000005
0.433568302886999990
0.433556876746999997
0.433736158811000028
0.433801482399999994
0.433795976995999977
0.433619271084000002
0.433618153251999983
0.433728481256999976
0.433870111070999986
0.433808430204999984
0.433645818788999993
0.433800649641999991
0.433645684520999997
0.433658149531000014
0.433688699845000025
0.433760071404000025
0.433722524632999984
0.433768736541000011
0.433686208818999996
0.433620310273999998
0.433892860026000027
0.433863192494999994
0.433691589641000019
0.433531039592000011
0.433587100047000018
0.433622171261000000
0.433615745534999986
0.433660848006999999
0.433721394192000009
0.433738087489999979
0.433780179789999998
0.433744886318999989
0.433934448325999977
0.433629562706000005
0.433561985327000021
0.433601202432000010
0.433622902644999975
0.433541775011999975
0.433612141868000012
0.433510456471000005
0.433412812787999979
0.433655293694999999
0.433727739060000006
0.433871301549999977
0.433809426925999997
0.433682185775000006
0.433408415521000012
0.433382539836999980
0.433238604959000018
0.433419664842000008
0.433482947326000012
0.433763102765000019
0.433637942037999990
0.433630362305000017
0.433652529760999994
0.433494985699000024
0.433420028248000022
0.433421593102999991
0.433535157938000015
0.433712637043000004
0.433858086716999991
0.433821545814000009
0.433786478472000026
0.433561549323999984
0.433742449482000025
0.433758298029999989
0.433795789415000022
0.433640324773999997
0.433815899369000002
0.433830900063999991
0.433681039498000021
0.433829833567999978
0.433733362572999992
0.433414250787999999
0.433316407007000026
0.433654017898999988
0.433741910338000025
0.433718902866999989
0.433664324696000025
0.433704964191000020
0.433541267007999997
0.433721512407999998
0.433884451820000017
0.433917941902999982
0.433706235953999986
0.433803198160000014
0.433698713913000022
0.433761131497000019
0.433714962347999999
0.433773328221999988
0.433931492257999984
0.433775874775000014
0.433672454917000016
0.433685744267000017
0.433879455668000014
0.433645296439999994
0.433582164057999986
0.433838870438999991
0.433827940405999979
0.433820345594000012
0.433620351469999998
0.433601483979999980
0.433492776994999995
0.433674127505999984
0.433619114641999981
0.433678579466000025
0.433775546818999991
0.433731313067000024
0.433539065102000021
0.433630915973000020
0.433631798949999980
0.433786251208000018
0.433754534199000008
0.433781041026999992
0.433691046866999996
0.433620821220999986
0.433609232264999978
0.433596272140999994
0.433605830525000013
0.433659103714999994
0.433527013449999998
0.433821899785000020
0.433848039228000026
0.433719743443000016
0.433750818097000002
0.433754083733999984
0.433748257696999984
0.433844206928999998
0.433913205718999995
0.433884633603000003
0.433821407978999984
0.433700071615999994
0.433740814332999991
0.433699647169000002
0.433693965397999981
0.433745185954000023
0.433573436014000002
0.433668585647999982
0.433695522004000023
0.433632485956999991
0.433725476343000016
0.433686630848000021
0.433856120214999974
0.433730574531999979
0.433485052609999977
0.433723662645999986
0.433845516187999991
0.433856352361000008
0.433783458454000015
0.433630547811000022
0.433583597205999982
0.433676258920999980
0.433789163922000010
0.433781347930999983
0.433619738206000027
0.433859337244999976
0.433720366485000008
0.433598215570999979
0.433661108608000001
0.433663365758999997
0.433588091547999988
0.433642439834000026
0.433681364961999993
0.433735443256999975
0.433742685623999980
0.433737701001000009
0.433673188581000013
0.433657868231999977
0.433570667952000000
0.433610808183000018
0.433605247231000024
0.433548195917000001
0.433611129483999991
0.433530816694999988
0.433838751342999984
0.433895296072999981
0.433898225733000020
0.433844171531000022
0.434035624747000026
0.433740205933000000
0.433717168199000025
0.433540446919000011
0.433665963594000003
0.433631187006999985
0.433610439530000003
0.433543440547999981
0.433583704547000015
0.433742377933000023
0.433719809911999987
0.433791573009000009
0.433643045155000018
0.433646921096999982
0.433937066220999978
0.433747072392999977
0.433678043357999976
0.433702043212999988
0.433340207691999990
0.433372562301999997
0.433645628364000002
0.433952770137000010
0.433729419424000007
0.433719517562000001
0.433690702576000009
0.433483877136000006
0.433563437850000011
0.433724301134000012
0.433420043658000020
0.433390095586000001
0.433473575291999980
0.433519075580000024
0.433617608155000001
0.433548097841000013
0.433582851857999996
0.433604506594999994
0.433447684245000020
0.433587707543000023
0.433527795057000009
0.433422099434999986
0.433254151648999997
0.433684729913000000
0.433679724280000012
0.433835958319999992
0.433700834930999979
0.433825921536000025
0.433667036419000007
0.433563116276000027
0.433514580165999974
0.433455832902000016
0.433393783164999991
0.433498046349999999
0.433685741956000015
0.433574299338000013
0.433703157535999972
0.433618748275999999
0.433428707879999986
0.433492177611999985
0.433571836995000015
0.433554287604999977
0.433717975116000021
0.433537804570000018
0.433667669832000002
0.433681152771000000
0.433940567596000026
0.433793642355999987
0.433692453767999975
0.433506202178000011
0.433612580743999998
0.433648568239999976
0.433576011990999988
0.433775668888000010
0.433753786046000012
0.433724743557000025
0.433777341031999997
0.433787607603999981
0.433705831400999997
0.433449714564999977
0.433482159673000023
0.433567277274000018
0.433579197347999989
0.433635422687999983
0.433633748561000010
0.433593326577999982
0.433619765230000009
0.433649002158000008
0.433827223107000004
0.433760677789000015
0.433485474940000004
0.433470636139999976
0.433508752340000025
0.433682915946000003
0.433631989863000000
0.433796540236999983
0.433606428523999998
0.433501673038000024
0.433540821518999975
0.433494183420000012
0.433541323648000021
0.433554389807999985
0.433602858576999983
0.433469171067000003
0.433548170509999997
0.433526406864000013
0.433717598506000002
0.433626262769999993
0.433371676132999983
0.433335853400000026
0.433284717860000002
0.433385072694000006
0.433316554179999980
0.433533923061000026
0.433675545842000021
0.433606252397999992
0.433640967737000005
0.433545834317999979
0.433662491383999982
0.433593035691999973
0.433468273018000005
0.433537095303999975
0.433541381552000005
0.433592311678999975
0.433776320237000024
0.433577343762000023
0.433682313154999999
0.433579545028999980
0.433560737887999981
0.433494260723000013
0.433428612759000020
0.433434397859999987
0.433569089204000002
0.433672267446000015
0.433673418556999979
0.433815283235999993
0.433692785957000004
0.433929282194999988
0.433829870999000000
0.433549665186000022
0.433781604328999981
0.433734388186999997
0.433722543776999980
0.433680946086999974
0.433472049503000001
0.433480274828000001
0.433406805183000010
0.433730158573999991
0.433675402337000027
0.433594055503000009
0.433495217325000015
0.433528864341000020
0.433626888247999998
0.433733780820000026
0.433735159436999973
0.433557298739999986
0.433651011352999993
0.433658463591999999
0.433771041419000025
0.433688303248000007
0.433820483681000013
0.433702472411999995
0.433762318656000012
0.433737656824999984
0.433569395098000021
0.433506034563000020
0.433449591608000007
0.433638338291999992
0.433785910193000002
0.433592620453999988
0.433410400575000021
0.433494707016000014
0.433572552700999980
0.433562479093999975
0.433715920393999976
0.433678376443999980
0.433495442713999979
0.433564918390999976
0.433479048091000019
0.433466540843000014
0.433454501950000015
0.433350206281000017
0.433493714023000021
0.433432077141999994
0.433544661496000017
0.433605893264000009
0.433629122031999992
0.433796978753999973
0.433774428870000006
0.433649470117999980
0.433550661627999989
0.433537239710000022
0.433417880217000007
0.433518245478999975
0.433622579095999994
0.433696101471000017
0.433805385335000016
0.433761327330999980
0.433668525048000020
0.433668724404999983
0.433539959676000008
0.433559695939000012
0.433681426508000012
0.433668108802000019
0.433735806015000003
0.433553299476000020
0.433382041940000018
0.433660577285999993
0.433557437614000007
0.433793288486999995
0.433699508959000002
0.433768748609999977
0.433752863486999984
0.433794002454000016
0.433489519278000002
0.433583431966000021
0.433581778004999974
0.433677917043000016
0.433634037139999984
0.433420946701999987
0.433658064268000021
0.433637532988999985
0.433493343009999976
0.433592932415000021
0.433915096993999994
0.433748331293000000
0.433670257185000019
0.433598422618000023
0.433503950437999996
0.433578747092999983
0.433642901944999992
0.433602556546999973
0.433656425997999972
0.433739504313999991
0.433693771840999998
0.433594155214000021
0.433666261012000009
0.433589224702999987
0.433694078139999994
0.433498160397000010
0.433710113557000010
0.433633450460999992
0.433713417275999991
0.433843723354000010
0.433941793163000022
0.433911084625999977
0.433803089924999996
0.433663982805000014
0.433526370642000003
0.433495650788999987
0.433576874772999998
0.433612755683999984
0.433618322097999997
0.433593082347000003
0.433561759523000023
0.433858881896000026
0.433764734272999997
0.433664150144999982
0.433592675541000006
0.433735674043000008
0.433689673236999973
0.433618082063000010
0.433624860371999987
0.433533333138999999
0.433616009259000013
0.433777523054000025
0.433674143387999977
0.433550433145000025
0.433610353456999997
0.433616990771999999
0.433650947396999997
0.433751046561999976
0.433693868684999984
0.433665036291999983
0.433486707857999976
0.433637984985000002
0.433582893054999974
0.433755070241999996
0.433599409132000013
0.433688794627999974
0.433479930003000002
0.433691827071999991
0.433772594480999973
0.433634176169000018
0.433708996111000000
0.433547240549999990
0.433522036296999980
0.433592946370000010
0.433673436992999983
0.433719398309000026
0.433616742629999996
0.433608421959999990
0.433826408373000016
0.433833206962999984
0.433768770304000018
0.433689469479000000
0.433524403805000014
0.433591979139999972
0.433454210437999976
0.433647397396999978
0.433730805632000005
0.433800338585000000
0.433866644899000009
0.433578845720999972
0.433664371709000018
0.433568864572999979
0.433653649412000020
0.433724884676000011
0.433473687283000009
0.433626275825999996
0.433807340408000008
0.433715095441999987
0.433711878933000006
0.433498164430999977
0.433460727386000000
0.433417762079999991
0.433349377034000005
0.433465715295999976
0.433563525186999976
0.433525397300999982
0.433419836822000026
0.433380437183999989
0.433446697862000019
0.433510849222000005
0.433682431581000005
0.433721351648999998
0.433855577850000007
0.433745664520999996
0.433514107029999984
0.433418413281999981
0.433359765622000015
0.433521308280000017
0.433663863973999975
0.433682226000999982
0.433711988672000004
0.433727686243999988
0.433698110056999986
0.433738954753999983
0.433495467751999985
0.433510851310000001
0.433433832512000017
0.433521141928999987
0.433715687495999980
0.433714153202000019
0.433859572460000009
0.433613032394000009
0.433624538324999975
0.433508618605999985
0.433817603913000005
0.433612739899999988
0.433607313428999996
0.433416644761000003
0.433658559677999988
0.433561608662999975
0.433702283166999991
0.433439495313000023
0.433498274791999982
0.433728712793000015
0.433618150337000019
0.433568388886000022
0.433573730503999999
0.433587059343999992
0.433564310457999980
0.433415647638999979
0.433611542259999982
0.433541558308000008
0.433594880126999982
0.433461721487000018
0.433511325486999999
0.433466468579000008
0.433711896812000008
0.433680503190999989
0.433596924331999978
0.433579329023000004
0.433626253512999993
0.433496723083000024
0.433426208787000000
0.433670261438000026
0.433793797407000026
0.433783985435999997
0.433575691476999980
0.433613148418000027
0.433627089884000005
0.433432774048999991
0.433363262304000019
0.433564581406999994
0.433607679550999991
0.433447527546000022
0.433666415593000010
0.433562736750000011
0.433596311705999993
0.433626477352999973
0.433658678974000011
0.433714908933000021
0.433770858628000022
0.433694016720999997
0.433641071581999993
0.433564496076999983
0.433445346018000000
0.433654257754000017
0.433771517780000004
0.433660754859999997
0.433728346157000011
0.433690611494000011
0.433510871271999998
0.433596015448000027
0.433568710754999975
0.433615451967000021
0.433468990802000020
0.433351460806000011
0.433385963752000003
0.433652159942999993
0.433702585701000010
0.433785861890999991
0.433759833978999976
0.433530486996999975
0.433577227584000024
0.433650541306999981
0.433868416337999996
0.433757755937999978
0.433526520227999979
0.433693793800000005
0.433555460280000027
0.433514277474000009
0.433316042725999995
0.433666693697000005
0.433468055439000022
0.433578789341000026
0.433935711546000025
0.433636303928000011
0.433455638104000007
0.433495733090000002
0.433505630043000023
0.433627832827000015
0.433587404823000011
0.433519382708000001
0.433483642620999976
0.433516170536999979
0.433769027360999981
0.433506363715999987
0.433522547854999996
0.433412226173999993
0.433605123001999992
0.433722932612000012
0.433716835979000015
0.433647267236999978
0.433658806083000004
0.433778658691999996
0.433609733433000022
0.433768107958000027
0.433654349526000016
0.433538603394000022
0.433532202945999978
0.433436042816000011
0.433578585906000014
0.433589190236999988
0.433499614747999973
0.433593022848999976
0.433626504723000017
0.433675800303000014
0.433554896996000028
0.433719706405999994
0.433544174953000017
0.433682012743999978
0.433651204427000003
0.433675024578000001
0.433713022865999998
0.433429730708000005
0.433622757051000007
0.433499821023999976
0.433645230476999988
0.433595596152999974
0.433665844241999998
0.433553003937000025
0.433631758107999976
0.433474579174999985
0.433792513230999988
0.433824337379999980
0.433846277512999978
0.433787324227000004
0.433723938142999976
0.433728803513000027
0.433522647200999978
0.433736892691000020
0.433689910457999983
0.433922745800999987
0.433683033514000005
0.433718326997000025
0.433424845958000016
0.433606605154000013
0.433541552956999976
0.433393539049000021
0.433627603159000008
0.433741590366999996
0.433765037613000004
0.433556262076000010
0.433705290740000027
0.433632578587999973
0.433885481680999996
0.433817632083999982
0.433849933369999996
0.433782765377999979
0.433857867384999984
0.433855631879999981
0.433759189579999982
0.433857445988000023
0.433618444308999984
0.433659149851000014
0.433688094836999993
0.433557637571999999
0.433585535061000005
0.433550875840000016
0.433697405197999986
0.433719705076999973
0.433577394873000010
0.433510143256999991
0.433598314017999975
0.433713532030999993
0.433668945548000007
0.433601176498000007
0.433675050968999998
0.433658846144000021
0.433835277961999999
0.433898664355999997
0.433620230082000013
0.433592460517000011
0.433933993023999987
0.433683509673000012
0.433592763135000003
0.433636790739000022
0.433538178049000023
0.433802944648000011
0.433540782572000016
0.433730190871000010
0.433684701981999987
0.433559573054999980
0.433777464509999988
0.433715464950000018
0.433848386350000004
0.433799704660000007
0.433682431500000021
0.433514458958000004
0.433722619279000021
0.433644998514000013
0.433583270894999984
0.433510348307000026
0.433703401346999973
0.433435236276000002
0.433737489478999982
0.433868658096999982
0.433684488521000000
0.433639838261999977
0.433732826020000017
0.433603030019000024
0.433652003883999992
0.433467444897000009
0.433734246602999973
0.433505627444000008
0.433583763600000005
0.433704762891000017
0.433767039349999994
0.433630007042999976
0.433440317906000017
0.433579671587999982
0.433833978402999976
0.433721462186999973
0.433685968157000001
0.433573121846999976
0.433550432411999975
0.433465413214000006
0.433518021575000023
0.433594756728000019
0.433614827084000010
0.433764550462999998
0.433795758588000013
0.433691700778000011
0.433915004484999978
0.433694949837999999
0.433937171660000010
0.434001976115000021
0.434025921922999991
0.433860888908000009
0.433849927495000010
0.433654296752999990
0.433507664502000012
0.433599382673000022
0.433674712435999976
0.433765926696999982
0.433737237208000004
0.433728270415999984
0.433490540681999992
0.433506569168000011
0.433647382319999997
0.433739296275000019
0.433604162843999996
0.433645688746999991
0.433595494563000006
0.433831072471999979
0.433769338797000026
0.433669048561000026
0.433855816783999981
0.433878541032000020
0.433908979646000004
0.433875333234999994
0.433644478539000011
0.433633999448999996
0.433294294111000011
0.433368807874999984
0.433493171389000009
0.433439861789999992
0.433674798699999975
0.433689177071999998
0.433648991353999980
0.433632214444999997
0.433686578215999985
0.433683083292000005
0.433484736398000003
0.433401465333999980
0.433565835407999978
0.433802049974000015
0.433643261396000013
0.433662657720000011
0.433753186289999981
0.433697349605000004
0.433779710895999981
0.433571763235000018
0.433647346351999974
0.433685127604999998
0.433521793878999973
0.433558595167999994
0.433875081074000024
0.433748881240999973
0.433629568859999981
0.433482357905000004
0.433722133441000024
0.434120333352999987
0.433794972077999996
0.433581570242999981
0.433547645182000008
0.433553897809999977
0.433685298360000027
0.433858591730000021
0.433688086182999977
0.433447464577999986
0.433491990732999988
0.433518471489000023
0.433307726208999988
0.433099205165000001
0.433370767177999994
0.433553922167999983
0.433640990231000001
0.433601563743000018
0.433757121916000021
0.433899801781999994
0.433771866775000015
0.433713997713000010
0.433799491139000015
0.433833148271000002
0.433930179992999987
0.433726663337999974
0.433783560843999993
0.433693914359000010
0.433661603565999976
0.433858861687999975
0.433807189375999991
0.433810368679000025
0.433879947824000023
0.433591831639000003
0.433587164831000016
0.433483628931000009
0.433550236332999994
0.433642835383000025
0.433614999730000006
0.433556320674000018
0.433583812028999982
0.433599749382999999
0.433698639659999996
0.433627464527999995
0.433638703266000014
0.433710641496000027
0.433711755661000009
0.433766610908000005
0.433747730122000019
0.433594703618999988
0.433560644852000021
0.433554396996000013
0.433636285949000000
0.433573429755000017
0.433750521993000016
0.433694828904000018
0.433640961305000017
0.433578810721000019
0.433606679990000021
0.433655379946000008
0.433642680607999986
0.433944980714999984
0.433728037166000002
0.433585527673999993
0.433676907233000009
0.433619199552999990
0.433552569710000002
0.433405278160999996
0.433601742602000018
0.433542573717999979
0.433546270939999978
0.433432981403999995
0.433559044753000000
0.433563717687000028
0.433871273148999981
0.433614302007000019
0.433599018424000004
0.433545921896999975
0.433567271576999980
0.433635014461999979
0.433592866979999991
0.433654455958999985
0.433587460392000024
0.433784187145000000
0.433793400617999980
0.433785141024999987
0.433821793063000005
0.433817003975999982
0.433635385142000007
0.433750507971999988
0.433657774572999977
0.433722816158999991
0.433617279244000009
0.433582671857000002
0.433443328567000019
0.433664042131999994
0.433552247725999984
0.433597346649999993
0.433777975915999980
0.433702932819999998
0.433791833645000013
0.433661530904000003
0.433733268446999998
0.433744938577000028
0.433722202993999995
0.433685266038999984
0.433649394465000004
0.433805986957000012
0.433585020021000023
0.433758356442000004
0.433756426377999993
0.433709783464000020
0.433777551746000023
0.433511496044000022
0.433529459740000012
0.433566596934999993
0.433742297546000022
0.433744705143999987
0.433476782469999988
0.433516261688999982
0.433725997245999972
0.433910907487999986
0.433756777358999979
0.433866270466000015
0.433803560608000016
0.433781381615000017
0.433490932213999980
0.433540330024999976
0.433459373508000012
0.433529087787999978
0.433658391691999989
0.433579539971999994
0.433639261890999994
0.433786163630999977
0.433902600197999977
0.433791236543999981
0.433713497311999985
0.433569254437000007
0.433537952695999984
0.433580759603000021
0.433590113376999986
0.433705234951999974
0.433687578149999975
0.433550992683000014
0.433563201348000027
0.433548885925999994
0.433559358467999978
0.433503368837000025
