0.432315218211999974
0.432354239036000010
0.432251347399000008
0.432157505635999972
0.432038644279999995
0.431999589710000020
0.432228865095000025
0.432167209850000011
0.432224301834999991
0.432061552452000008
0.432408248813999974
0.432452469662000016
0.432540473654999980
0.432343647418999999
0.432195163709000019
0.432166293440999993
0.432158304473999999
0.432114171250000012
0.432178839792000002
0.432117118312000004
0.432173840134999987
0.432332032039999981
0.432230786759000007
0.432235383741999990
0.432238917765000008
0.432115509903999995
0.432234592256000028
0.432329928651000006
0.432287536410999984
0.432105940266000021
0.432076963674999981
0.432013339024999998
0.432049966484999992
0.431960263043000003
0.431990389051999990
0.432139756237999995
0.432076277000999986
0.432183862448999978
0.432120831749999990
0.431973458001000010
0.431990715713000017
0.431936791734000014
0.431994203334000015
0.432126695898000013
0.432194647233999973
0.432336468829999987
0.432260826067000004
0.432348966727000017
0.432253194173000010
0.432212164889999972
0.432230687983000017
0.432258459588000021
0.432045091534999981
0.432068764444999975
0.432201129701999975
0.432051644637000021
0.431897218528000004
0.431958695045999985
0.431954388994999994
0.432109540387000002
0.432325059178999993
0.432287008239999992
0.432052196059000027
0.432241798323000026
0.432292160561999983
0.432256767867000014
0.432214443348999999
0.432174117139999980
0.431997235227999987
0.432120880872999991
0.432173636985999976
0.432179928200000008
0.432018406593000004
0.432071054984000003
0.432344505297000026
0.432311654351999974
0.432240565655000020
0.432127869072000015
0.432083355228999988
0.432235480602999989
0.432138855963999979
0.432205437380000002
0.432221690406999981
0.432227352203000015
0.432369941345000008
0.432224744700999974
0.432076580782999986
0.432167104327999985
0.432223204176000020
0.432355266838000019
0.432217934171999996
0.432128720427000013
0.432081215246000017
0.432170265456999991
0.432320749374999980
0.432147176926000021
0.432160425090000022
0.432076168912999992
0.432195333972999973
0.431955415467000003
0.431859255160999989
0.431904370433999985
0.431770866901000028
0.431843249112000005
0.431896421724999979
0.432261185273000004
0.432127774956000021
0.431953197946000012
0.431987630416000024
0.432052730301999977
0.432137523507000021
0.432265369469999994
0.432173667631000014
0.432136180945000004
0.432260750781999992
0.432262726099999994
0.432371099252999991
0.432068353362000002
0.432312306423000003
0.432255536047999989
0.432323303057000008
0.432064345567000019
0.432206181796000011
0.432180017472000022
0.432281282144000023
0.432154048914000000
0.432057655872000013
0.432097007423000001
0.432307505255999980
0.432306255275999973
0.432127705761999992
0.432293618576000016
0.432248129084000010
0.432306485233000026
0.432142731903000010
0.432307632050999979
0.432334096557999981
0.432439724803000025
0.432360459044000001
0.432089961606999973
0.432213088312999982
0.432081025871999980
0.432044196609000009
0.431936380316999990
0.432061093474000013
0.432102533447000003
0.432109697236000012
0.432121003205000020
0.432114372951000025
0.432253662101000025
0.432065780494000018
0.432091397960999990
0.431961781980999993
0.432068548476000014
0.431995577203000025
0.432001074486999981
0.432011784524999998
0.432045326795999995
0.431990567619999988
0.432040875029000015
0.431951675161000026
0.431938959203000017
0.431973284469000018
0.431996492354999984
0.431959388930999999
0.431975455923999996
0.432241555710999981
0.432023066914999976
0.432177792276000006
0.432198365226000025
0.432125011494999989
0.432087653301000019
0.432062572024000002
0.432255069689999993
0.432290693597000009
0.432080210422999988
0.432062847345000001
0.432013342214999985
0.431978625037999997
0.432147637357999992
0.432266334300999977
0.432208649383000021
0.432196774092000024
0.432116485373999992
0.432153859852000000
0.432216296220999996
0.432165978489999991
0.432075679754000019
0.432183009469000012
0.432011678372999974
0.432360312349000020
0.432031645211000015
0.431928927274999985
0.432178204748999983
0.432003111100999981
0.431882867928000014
0.432117707485000002
0.432292911213999986
0.432276353604999997
0.432232368420000013
0.432076989357999985
0.432147034654000006
0.432001607781999974
0.431981166365000002
0.432042641813999984
0.432018011403000002
0.432105713180999995
0.432276830742999996
0.432140651541999987
0.432197697827999994
0.432164475486999988
0.432306278960999990
0.432091891404999984
0.431963241770999984
0.432140941680999979
0.432117422018999997
0.432132297574000013
0.432183020101000015
0.432002707006000020
0.432192257006999980
0.432203637911000027
0.432175720510000028
0.432351907566999982
0.432289153037999974
0.432221613258999993
0.432115394973000000
0.432296169783999984
0.432116041550999974
0.432051423385000022
0.432186223997000019
0.432236912778000026
0.432119967996999976
0.432112772418000002
0.431924263392000019
0.432080005341999973
0.432210290273999986
0.432164860842000009
0.432002153271000000
0.431982772020000017
0.431947862239000002
0.432184635734999989
0.432078134615999976
0.431953183816000008
0.432241643979999979
0.431919291039000008
0.432151924229999984
0.432101275278000019
0.432056557625999982
0.432128056145999973
0.432171056208999982
0.432056681142000021
0.432254617544999997
0.432258036916999988
0.432131037233000004
0.432341218631000002
0.432126830198000023
0.432013196794000021
0.432015254602000021
0.431856962429000013
0.431985011478999981
0.432035041206999981
0.432219042248000007
0.432158726145999983
0.432159472119999999
0.432047497351999987
0.432145969055000023
0.432180486367000016
0.432042540054000002
0.432016171248000014
0.432194588777999988
0.432151951703000026
0.432166045707999991
0.432204645308000013
0.432216259732000008
0.432100913322000013
0.432226978664000006
0.432164594924999979
0.432077334277000014
0.431994449783999979
0.432082501379999984
0.432344678433000007
0.432436975472999974
0.432346692468000005
0.432470158298000007
0.432236187883000000
0.432192962146000004
0.432065853855000015
0.432088358908000014
0.432007123325999998
0.432001175753999989
0.431956805338999994
0.432167494110999972
0.432204041230000002
0.431995550610999979
0.432018554903000007
0.431921684768000025
0.431946035901000003
0.432143105480999989
0.432048351070000003
0.432084149126000017
0.432119388943999982
0.432226801760999979
0.432294894232000015
0.432147720976000016
0.432091467098000004
0.432107648429000013
0.431960299446000007
0.432185728069000019
0.432234071521999996
0.432214615179000006
0.432062190354000009
0.432166687985000020
0.432094442952999980
0.432134103453000018
0.432205475920000026
0.432065408829000019
0.432158291330000000
0.432006883775999995
0.432053281825000024
0.431985976491000012
0.431982805063999997
0.431944989710999983
0.431941299735000006
0.432151588297000011
0.432149669628999977
0.432070102329999983
0.432015178175000014
0.432061292752999981
0.432036775702999976
0.431996341878000012
0.432248496543000016
0.432061268702000012
0.432056595109999997
0.432059565641000010
0.432088918220999985
0.431968635455000027
0.431987520354000010
0.432248310315999973
0.432321490235999972
0.432199238117999984
0.432201448536999988
0.432291088218999975
0.431981728020999989
0.432213790037999979
0.432144676841999975
0.432234530339999978
0.432127050028999982
0.432196154770000007
0.432016215287000016
0.432091640574000013
0.432286523719000004
0.432249628120999985
0.432236067155000014
0.432361813021000019
0.432294422584000027
0.432321526291999991
0.432242666355000027
0.432131274730000015
0.432299257945999993
0.432115979067999978
0.432051339764000009
0.431901230828000027
0.431923531156999996
0.432015374359000004
0.432202242904000000
0.432127578733000006
0.431911384575999979
0.431984588820000015
0.431977474129999983
0.431966923238000011
0.432212131388000020
0.432153610231999996
0.432271508955999972
0.432190364075000000
0.432336573783000000
0.432351532734999988
0.432064534158999980
0.432110207879999986
0.432278897715999977
0.432235207143999989
0.432009661534000000
0.432161424823999996
0.432204254030000012
0.432054697609000005
0.432089246082999978
0.432001496250000006
0.432134178664999979
0.432068401290000015
0.432308891510000015
0.432375202728999986
0.432329284210999976
0.432307129351000019
0.432104019614000023
0.431994308684999995
0.432029348935000002
0.432093418853000011
0.432256340409000017
0.432216903237000016
0.432024728746000009
0.432063602915000011
0.432265498543000004
0.432298157783999992
0.432232734195000023
0.432149394307999979
0.432154162391000018
0.432034297550000002
0.432195787654999997
0.432085379938999981
0.432078111709999990
0.431986112500000019
0.432180235723999995
0.431920664492999984
0.432060714670999990
0.431974553408000006
0.431969563612999985
0.432030139149000014
0.432092887754999988
0.432177824965999990
0.431983840627000015
0.432034378064000024
0.432063334871000015
0.432219317310000017
0.432202655290000015
0.432243490178999989
0.432221527928000004
0.432179892768000007
0.432125320500000021
0.432099086525000009
0.431850260732000002
0.431995716370999983
0.431891256852000027
0.432103837177999994
0.432156443722999994
0.432225739976999979
0.432224713262000015
0.432275585924000005
0.432204287753000016
0.432286265311000006
0.432277824766999996
0.432143857221000016
0.431915326107000008
0.431940956767000006
0.432047096086999982
0.432052233022999999
0.432059104277000006
0.432080520999000017
0.431970701427000003
0.432028276026000024
0.431800685120000027
0.431940619528999981
0.432102125727999997
0.432256734327999992
0.432385309684000019
0.432449999982999989
0.432280506953000021
0.432150897367999998
0.431980820767999985
0.431976702330999995
0.432068683399000009
0.432118052944000020
0.432141729056000012
0.431995835002000006
0.432105057976999996
0.432073117359999981
0.432153234802000019
0.432104543160999999
0.432038221456999993
0.432263599903000006
0.432249919277999994
0.432121363603999997
0.432096869074000023
0.431994016363999978
0.432052011946000014
0.432252133914000025
0.431960919122999998
0.432021349807000021
0.432145759126000006
0.432008472460999993
0.431974430244000007
0.431980175113000020
0.431868112610999999
0.432188454182000026
0.432234702856000019
0.432104325080999996
0.431893821354000007
0.431957485638000016
0.432117434206000017
0.432176648306999978
0.432240337709000000
0.432270820684000023
0.431964811042000019
0.432174754917000026
0.432189176143999987
0.432148344124999972
0.432065284519999981
0.432157308291999998
0.432164460400000006
0.432080872494000012
0.432196644221999993
0.432077482100999999
0.431940359413000019
0.432096583711999993
0.432241668781000010
0.432152091016999973
0.432149037595000007
0.432246295220000021
0.432287967913000004
0.432120773776999978
0.432165316266000021
0.431904506969999991
0.431947205719000027
0.431851128028000020
0.432066960792000021
0.432224130701999998
0.432182140129000025
0.432083960907000020
0.432138496709000008
0.431966144481999992
0.432154239818999975
0.432128955189999997
0.432168553730999994
0.432057078616999990
0.432183285106999993
0.432376395736000008
0.432304879199999992
0.432039247061999976
0.432096895777000001
0.432086620230999974
0.432246659736999994
0.432247822291000006
0.432250083938000018
0.432182612362000007
0.432210128056000009
0.432192884755000006
0.432326148630000018
0.432386454189000013
0.432144510862999987
0.432085529656999978
0.432109476850000007
0.432085163087999991
0.431967828308000013
0.432052864563000016
0.432187438930999979
0.432151516218999998
0.432174075636000021
0.432149104185999999
0.432043467866000008
0.432229148368000027
0.432024946287999978
0.432017666972999981
0.432192571407999993
0.432142664522000008
0.432104863308999998
0.432096140633999981
0.432020622389000020
0.432074715940999998
0.432148998532999984
0.432142300732999973
0.431960738868000016
0.431765011503000007
0.432116409448000005
0.432112355584000019
0.432076966913999994
0.432016436060000009
0.432220672698000019
0.432221343415999992
0.432233842164999993
0.432256032467999984
0.432075282783000003
0.432226441316999999
0.432361785735999982
0.432364276059000019
0.432286442697999984
0.432320514283999979
0.432248074044999986
0.432032882547000008
0.432133282906999983
0.432018159464999996
0.432024705216999982
0.432011711065000026
0.432064627694999981
0.432083977246999984
0.432012307277000018
0.431967919814000012
0.432116707827999991
0.432053862025999991
0.432070820345999973
0.431875849270000001
0.432104568422000013
0.432152398110000002
0.432192653152000006
0.432417064470000001
0.432269967327999993
0.432185097843999999
0.432136888714000023
0.432033577358000020
0.432078166170000000
0.431973524338999992
0.432072132830999989
0.432149262242999987
0.432151494114000001
0.432122363484000016
0.432201645173000026
0.432189121186999980
0.432074326680999987
0.432259071438999998
0.432193179240999981
0.432379447603999989
0.432235044823000014
0.432136445950999981
0.432050314725999973
0.432233398496000010
0.432177549280000017
0.432135353913000009
0.431991809398000026
0.431910522156999988
0.431936037654999994
0.431935272874999998
0.432111847978000008
0.432066297252999998
0.431947361013000020
0.432104457862000024
0.432131708065999987
0.432194950528999977
0.432319352794000022
0.432166997416000009
0.432235745022000017
0.432133817723000024
0.432026344246000005
0.432086568012999994
0.431921933829999993
0.431976836580000023
0.432200085525000000
0.432075271942999994
0.432013602386999984
0.432161033907000003
0.432248684594000010
0.432229451358999983
0.432112975776999975
0.432016543423999977
0.432126485102000024
0.431939298021999984
0.432043433874999994
0.432169098076000013
0.432187479076000025
0.432213814867000001
0.432265631126000027
0.432262103063000003
0.432362132218000017
0.432287321900999999
0.432125297675000020
0.432295431103000005
0.432285333238999980
0.431969975797000028
0.431876997348000002
0.432001555275999982
0.432011592138999978
0.432018963117999977
0.431952836045000010
0.432053035352999992
0.432051899263000028
0.431813829503999991
0.432072378744999985
0.432010782576000008
0.432138980697999997
0.432144111411999987
0.432039273968000015
0.432163878704000026
0.432117101933000014
0.432310989500000020
0.432237547220999996
0.432213380480999998
0.432309560844999996
0.432189255185999988
0.432263635023000026
0.432165388732000000
0.431983868062000009
0.432030642914999985
0.432260735407999974
0.432362934656999987
0.432341311487999980
0.432235690504999992
0.431982369023000023
0.431817121061000009
0.431877738404000011
0.431872514824000020
0.431977929973999975
0.431995978009000026
0.431904168006000011
0.432149091943999974
0.432256934573000018
0.432210486841999975
0.432312688200000017
0.432274090709000025
0.432148762008000009
0.431960583855000024
0.432148124914000009
0.432084157008999992
0.431951802172999999
0.432111753342000027
0.432158821274000016
0.432073170394999984
0.432090022886999992
0.432057340953000024
0.431995113649000007
0.431862969596000013
0.432008116968999989
0.432271638906999989
0.432246661618000017
0.431950014137000016
0.432003635399999975
0.432279699647000026
0.432152219437999974
0.432272363815999983
0.432211652748999975
0.432244681665000019
0.432219060380999998
0.432147901185999994
0.431973659374999985
0.431922194300000006
0.432188706990999982
0.432203488545000014
0.432300341603999994
0.432366449978999978
0.432053932531999973
0.431991148408000014
0.432155545387999995
0.432255003387000014
0.432209400768000018
0.431978274551999997
0.432219833800999986
0.432278832310000027
0.432130525265000009
0.432192850121000005
0.432265604209000009
0.432229891058000026
0.432385816418000002
0.432218175418000006
0.432150301565999984
0.432143302409999985
0.432120475499000012
0.432277766090999993
0.432098101823000014
0.432171176092000009
0.432189761956000007
0.432184014399000005
0.432081097018999993
0.432295957886999982
0.432258081204999978
0.432231514287999996
0.432113794024999998
0.432109694689999990
0.431993623579000008
0.432310041761000019
0.432251983482000002
0.432244287765999990
0.432113220555999988
0.432022818841000023
0.432093998884000019
0.432272270166999983
0.432205636045000008
0.432233836673000027
0.432246553244999998
0.432258366193000010
0.432331251269999994
0.432328377461999980
0.432170970456000003
0.432105151236999996
0.432063299226999986
0.432094864685000024
0.431883679921000019
0.432000077012999972
0.431918603219999975
0.432173999302000011
0.431891234931999990
0.431926677869999998
0.432215226276999986
0.432083657938000021
0.432120943696000015
0.432133436641000013
0.432206429582999985
0.432110064763000012
0.432091293543000021
0.432139651417000004
0.432094665917000020
0.432327908742000000
0.432223181944000001
0.432240347982000006
0.432003986309999977
0.432073316827000009
0.432116316496999997
0.431960096234000002
0.432132742108999990
0.432111769222000008
0.432183138345999973
0.432297434392000024
0.432147477208000008
0.432239431103999983
0.431984165496999972
0.431884037095000006
0.432096681247000014
0.432220392675999987
0.432284374495999990
0.432138790602000000
0.432162118924000027
0.432010208206000001
0.432037729428999984
0.432153405770999977
0.432060912711999978
0.432162187290999977
0.432387309346999982
0.432144225893000000
0.432087967306999998
0.432047588774000013
0.432035765519000026
0.431989961724000004
0.432132646190000025
0.432166297568999991
0.432123861722999991
0.432124365226999985
0.431918771382000022
0.431954813223999978
0.432121119519999985
0.432331351126000019
0.432134943280999995
0.432201118494000003
0.432263625679999985
0.432053127782000002
0.432102773873999979
0.432235669290000013
0.432267723024999995
0.432088490777000012
0.432052615543999985
0.432124478234999998
0.432016277283999994
0.432138755967000021
0.432077413003999988
0.432116391069999994
0.432200339308000003
0.432054510173000006
0.431907659807000022
0.431939999628000004
0.431878252038999988
0.431866257550999999
0.431959450899999986
0.432054674703999997
0.432058679486000019
0.432131172677999997
0.432037935716999999
0.432001408917000007
0.432284072603999980
0.431916157510999987
0.431871516652000020
0.431924813106999983
0.432099547377000015
0.432119267721999989
0.432138846156999989
0.432267679773000013
0.432098511076999980
0.432198183640000011
0.432220642318999981
0.432087482354000019
0.431966781957999979
0.432122435754999978
0.432113649616000017
0.432098841190000027
0.432221801957999974
0.432214681137000012
0.432099835509999974
0.432196965526999988
0.431946230396999975
0.432047431757000000
0.431929341103999997
0.432067842179000017
0.432168759716999973
0.432274515299999995
0.432069438207000001
0.431893752949999987
0.432138328819999973
0.432213885294000011
0.432081108737000008
0.432040745918999991
0.432152060815000016
0.432188230326000011
0.432138007817999992
0.431970259342999985
0.432190757970000006
0.432146252653999974
0.432094361348000000
0.432290007970999979
0.432407259651000020
0.432361446885999978
0.432131871396999989
0.432156695608000019
0.432161366870000008
0.432227202546000000
0.432230322125999988
0.432392634747999993
0.432204344292999976
0.432298081311000004
0.432239345255999996
0.432222084773999982
0.432109855559999978
0.432125107881000003
0.432129432443999983
0.431936327732000025
0.431707282291000027
0.431642490992000027
0.431930824573000027
0.432151627852999987
0.432084223202000017
0.432017561943000006
0.432056085954000024
0.432126991050999998
0.432054913406999974
0.432265302306000021
0.432208242314999991
0.432217758208999991
0.432166763439000012
0.432157811010999982
0.432207739380999989
0.432183837181999986
0.432262562898000025
0.432187106315999992
0.432371238129000024
0.432320363074000014
0.432167507600000000
0.432107288804999989
0.432058682711999986
0.432011861009000020
0.432128707406000012
0.432064792686000010
0.432110155925999995
0.432174109766000014
0.432242758925000026
0.432305913950000009
0.432245391737999973
0.432323052461000001
0.432346641678000021
0.432300647845999975
0.432280397952999995
0.432267463628999982
0.432005028720999995
0.432088619216000003
0.432273346747000020
0.432359052452000014
0.432198992753000000
0.432039075215999990
0.431930708614000014
0.431911576470999981
0.431940941763999997
0.431818179710000027
0.432062585805999988
0.432150249165000000
0.432092652021999979
0.431995639371999973
0.432123630829000016
0.432007805488999974
0.432139591782000010
0.432027598893000020
0.431911564673000015
0.432128819353999993
0.432158045868999974
0.432032854708999992
0.432048514268999984
0.432016530570000001
0.431908810935999976
0.432085451775000018
0.432162649254999975
0.432130718764999977
0.432122750090999985
0.432096263581999984
0.431955745376000011
0.432056565908999990
0.432226064452999992
0.432166164846000012
0.432285773644999982
0.432140575094999979
0.432238315854999999
0.432226115578000003
0.432272488770999996
0.432172336689999992
0.432186156682999978
0.432248167595000010
0.432118957620999999
0.432067962563000008
0.432300851842000011
0.432369026697000003
0.432264785679999985
0.432322819367999989
0.432112070771999979
0.432027837897000000
0.432016669146000010
0.432283348903000020
0.432208571785999973
0.432195685993999990
0.432154597593999990
0.432213901894999974
0.432150041636999993
0.432000050487999998
0.432179679072000000
0.431944005500999983
0.432219130261999984
0.432123596022999990
0.432050173244000024
0.431999411409000000
0.432050513018999993
0.432168721074999984
0.432100587533000013
0.432148726624000001
0.432145642469999980
0.432120118885000015
0.432163991749999976
0.432078987862999975
0.432101710636999981
0.432024816842000003
0.432144837745999988
0.432056903059999997
0.432143343334000007
0.432122215525000020
0.432154643557000007
0.432096997624999979
0.432055759978999976
0.432233331584000013
0.432109161194999980
0.432146459832999985
0.432265260165999976
0.432052604650000005
0.432107473597000025
0.432045017144000010
0.432047758802000026
0.431936910978000022
0.432018643526999979
0.431841697254000012
0.431932345448999999
0.432042354369999992
0.431921218454999978
0.432102752797000000
0.432078811183000011
0.431889693387000007
0.432180321641000009
0.432118437390999977
0.432221168564000002
0.432026086171000023
0.432187631414999995
0.432116114592999978
0.432159129084999982
0.432056576324000019
0.431951227333999987
0.431988880063999992
0.432098710183000001
0.431908172679000002
0.432059444366000023
0.431957987328000004
0.431964081170000014
0.431794569412999985
0.431868611319000006
0.431824308817000013
0.432154416164000021
0.432243627660999996
0.432223063344000014
0.432213246373000015
0.432262342194000004
0.432250488263999977
0.432190361916999999
0.432057934615000028
0.432036262831999973
0.432076786097000010
0.432158531100000021
0.432209559327000004
0.432351608093999973
0.432434209565000005
0.432443821122000027
0.432248859195999979
0.432267928282999980
0.432159493085000013
0.432163168114999996
0.432217526324000012
0.432142203968000016
0.432147150716000017
0.432039490686999983
0.431979531807999972
0.431978321419000000
0.431957838322999998
0.432132008923000022
0.432067074747000013
0.431929845641000010
0.432032533647999983
0.432056928886000002
0.432059621261000004
0.432080559566999978
0.432329000419000020
0.432144644118000021
0.432077458041999984
0.432138595422000005
0.432142899656000001
0.432213417727000004
0.432233689947000010
0.432159580142999988
0.432010430890999997
0.432127059412000025
0.432037540411000009
0.432144333205999986
0.432022575615000015
0.432076521845999983
0.432094907512000026
0.432119862394000021
0.432155490761999994
0.432303932173999983
0.432085232270999986
0.432208403771999983
0.432337508096000023
0.432363652223999972
0.432148142298000026
0.431985594969999998
0.432117599168000022
0.432064202168999989
0.431948714337999973
0.432019450836999996
0.431880098353999986
0.432016661400999979
0.432101380503000010
0.432266597625000026
0.432202162988000016
0.432301829106999991
0.432391147704000001
0.432336900628000009
0.432343803350000000
0.432212224154000013
0.432112425530000011
0.432114773378000028
0.432339046916000003
0.432419937006000010
0.432359474319000014
0.432367625294000024
0.432231811520000009
0.432043382470000015
0.432065358971000013
0.432098174788000000
0.432053224753000009
0.431942052465999982
0.432262721593999977
0.431945915303000028
0.431998816916999984
0.432051884860999991
0.431946118920000011
0.431761921067000010
0.431965094067000011
0.432075989804000027
0.432113829464999988
0.432117948990999978
0.432056527447000016
0.432157015317999993
0.432082585956000020
0.432160298976000001
0.432035348052000001
0.432189120646999991
0.432282794764000000
0.432133898598999977
0.432175235413999992
0.432011406603000025
0.431943416538000002
0.432072544677999992
0.432239904652000018
0.432195272806000008
0.432065467337999998
0.432083439592000018
0.432263110122000027
0.432206074549000008
0.432409766457000022
0.432267169411000018
0.432196644284999987
0.432260030552000019
0.432064970814000027
0.432137293929999999
0.432141162337000007
0.432329964098999986
0.432268568633000005
0.432224306338999997
0.432206993383000004
0.432175929469999998
0.432140366273000009
0.432286148701999995
0.432241461451000009
0.432107105077999987
0.432074952884999974
0.432070614266000019
0.432082986640999978
0.432270462065000027
0.432150269264999998
0.432185531923000021
0.432081660741000018
0.431974598262999998
0.431989922736000009
0.431811443066999978
0.432065922599999985
0.432121313499999993
0.431969852124999998
0.432008397983000003
0.432195163963999984
0.432234774463000015
0.432052590901000011
0.432125289588999983
0.432159887580000013
0.432214932137000019
0.432234356134000020
0.432204094731000021
0.432113619735000010
0.432140013416999980
0.431979289511000009
0.432070231744999977
0.432240352263000005
0.432208035857000017
0.431998005735000024
0.431937164762000003
0.432037611551000011
0.432215647513000012
0.432214854242000013
0.432253933962000014
0.432125693473000005
0.432082301481000020
0.432079345702999995
0.432065698680999977
0.432232143075999997
0.432301691824000023
0.432250278591999992
0.432212823899999987
0.432262932265999988
0.432129782056000000
0.432110218212999997
0.432055089846999973
0.432106591762000003
0.432206126726000006
0.432293310581999990
0.432218560367999993
0.432247308634000016
0.432306952590000015
0.432149329151999995
0.432350529867000011
0.432183142241000018
0.432257463123999985
0.432098466653999980
0.432062369020000003
0.432026113667000000
0.432194318214000006
0.432412894493000022
0.432183335684000025
0.432215489181000001
0.432432936996999973
0.432146505677000026
0.432165288127999980
0.432087463569000019
0.431958106602999992
0.432047249025000024
0.432196676379000000
0.432188930992999987
0.432092245142000009
0.432221656244999974
0.432221364396999985
0.432328765161999973
0.432241486903000016
0.432097494653000014
0.432263399095000000
0.432130436446999999
0.432192838630000020
0.432196126158999994
0.432210171656000008
0.432088651667000001
0.432195993943999990
0.432258598554000006
0.432065848649999973
0.432127508461999987
0.432163520241999999
0.432252514126999998
0.432218980473000003
0.432156472081999976
0.432309855631999973
0.432288281822000020
0.432179259792999981
0.431964726354999995
0.431942323904000003
0.432196663543999993
0.432036105863000008
0.432119990135000021
0.432084935797000025
0.431997630766999985
0.432051351575000020
0.432089293918999973
0.432219081434999985
0.432133039428000021
0.432083504336999991
0.432209217478000007
0.432217190807999974
0.432203100818999986
0.432274813952000014
0.432441264667000003
0.432250680657000008
0.432159993384999996
0.432009216269999996
0.432281796150000008
0.432125809229000013
0.432158300755000002
0.432140576197000026
0.432051057081000001
0.432062514078999982
0.432145952514999987
0.432111654188000016
0.431887610144000011
0.432035103656999986
0.431960200445999976
0.432187929056999987
0.432209821453000020
0.431981269020999981
0.432161997778999996
0.432403260881000007
0.432302061680000016
0.432184736665999991
0.432055071703999982
0.432194093609000018
0.432363808931000015
0.432108324579999981
0.432085546119000019
0.432105563432000017
0.432232051105000015
0.432292048531000006
0.432260358801000000
0.432166472488999975
0.432178628033999979
0.432203016336999979
0.432314523095999992
0.432264096716000024
0.432091373930000022
0.432237631110000020
0.432111477784999976
0.432125895225999979
0.431988328295000001
0.432045604312000009
0.432049725215999991
0.432333352713999974
0.432257696856999996
0.432081005713999988
0.432185691736000022
0.432081076697000022
0.432094356213000019
0.432022975334000026
0.431991537905999978
0.431934304147000014
0.431938402323999993
0.432097074169999984
0.432002540479999975
0.432111348863999989
0.432083199403999973
0.431900299687000000
0.431949065926999998
0.432231284995999998
0.432410836284999989
0.432149606849000001
0.432144490205000009
0.432270587353000002
0.432189780011999980
0.432180085935999991
0.432106400323000017
0.432161709675999983
0.432306609753000004
0.432096337135999986
0.432027989737000018
0.431906497077999996
0.431940501540000021
0.432026426482999992
0.432208363101000026
0.432072716603999984
0.432083249316999984
0.432293818712999989
0.432304284727999977
0.432191774603000012
0.432057625343999996
0.432171788034000026
0.432098159393999981
0.432138190167000003
0.431901887800999973
0.432013318310000005
0.432107621120999985
0.431830518165999988
0.432146770076999975
0.432116133869999974
0.431877655222999979
0.431936056564000026
0.432197248372000020
0.432237144487000013
0.432137564194999990
0.431948586791999989
0.432010406356999999
0.431963552985999977
0.431894470013000020
0.431943450787000027
0.431927026903999978
0.431857809260000003
0.431703534404999978
0.432048082145000012
0.432023951911999993
0.432064269828999981
0.432229725572999990
0.432186511813999974
0.432205868996999976
0.432198414959000021
0.432268269360999990
0.432091239449000020
0.431955972607000027
0.432073819329000020
0.431996994179999982
0.432204101391000017
0.432366112826999993
0.432144164479999981
0.432175148087000027
0.432024649549999973
0.431872182418999995
0.431948760988000002
0.432088651536999990
0.432171612463000010
0.432037505308000003
0.432134108821999985
0.432149398884999980
0.432068335771000012
0.432089922078000011
0.432194955981999973
0.432253224769000022
0.432147445449000023
0.432037465188999992
0.431954813343000010
0.432021857349000005
0.432017989694000015
0.432115383922999974
0.432112152304000019
0.432001128512000010
0.432115878938999998
0.432111080879000020
0.432041297262000024
0.432057298940999979
0.432044672357999981
0.432033553607999998
0.432113578439000001
0.431947686266999975
0.432018925759000028
0.432056096200999995
0.432337083725000015
0.432372137960999992
0.432260270986999984
0.432298031251000026
0.432139964824000022
0.432183342530999992
0.432027634538000027
0.432170208303999992
0.432172103262999985
0.432175358048999980
0.432237397718999994
0.432296527508000017
0.432220818093000003
0.432331736906000019
0.432309669883000014
0.432135701077000001
0.432009717524000025
0.432084384165000002
0.432307776693000023
0.432182676932000021
0.432086096809000009
0.432145151700000008
0.432250108592000026
0.432064249266000011
0.432018061296000011
0.431970355523000005
0.432101897339000007
0.432209961290000000
0.432149014165999990
0.432207459675000016
0.432055101133999975
0.432037027846000010
0.432195401962000014
0.432120078151000009
0.432138752429999995
0.432108197814999984
0.431933002078999984
0.431936595227000009
0.432085060311000024
0.432154993641000018
0.432191366326000026
0.432037584701000010
0.432080530768000015
0.431883532321999997
0.431978878648999975
0.432003761616999993
0.431809826462999979
0.431896591672000008
0.432065469169000016
0.431909724514000004
0.431862420671999980
0.431884618394999975
0.431933754303999995
0.431842604151999987
0.432035675489000015
0.431971490439000017
0.432022270712999978
0.432015346412000012
0.432100242796000011
0.432085446270999984
0.432113593095000026
0.432226838361000010
0.432056885158999981
0.432031661381000021
0.432002042099999983
0.432115053721000009
0.432096084837000016
0.432253136659999981
0.432330452925999975
0.432313382992000006
0.432156477757000002
0.432009366358000024
0.432146122141999989
0.432081044246000023
0.432065560602000021
0.432040947158000010
0.432181163604999974
0.432294569061999978
0.432082130168999989
0.432156065754999985
0.432087841887000002
0.432131956149999996
0.432070853204000016
0.432230510048000005
0.432310752023000011
0.432207578671000014
0.432217142582999980
0.432200901932000003
0.431916261588000006
0.432144126138999995
0.432205436331999981
0.432204160594000020
0.432305384135000026
0.432181140881999992
0.432171637311000001
0.431972625976999980
0.432147084111999980
0.432057736901000022
0.432327468198999976
0.432282702359000015
0.432166996518000002
0.432099897552999990
0.431950545005999997
0.432121347779999998
0.432108109577999999
0.432255597212000020
0.432196421709000023
0.432074568330999997
0.431987221232000007
0.432086375824000002
0.432197805564000004
0.432379966712999997
0.432282030438000009
0.432375293019999996
0.432327545194000018
0.432191090388000021
0.432121881483999992
0.432242092964000013
0.432316050268999996
0.432149362270999982
0.432186837666000023
0.431997777683000017
0.432157172275999979
0.432171466822000028
0.431998728017000011
0.432126739302000018
0.432173124153000021
0.432120401802000009
0.431985814074999974
0.431952107437000021
0.432158210930999986
0.432054010381999976
0.432211099001999999
0.432306311697999990
0.432144988020000009
0.432186118211999981
0.432137243286999984
0.432158998081000001
0.432137901405000024
0.432087091491999975
0.431982973453000019
0.432140595640000014
0.432202338244999984
0.432179447885999990
0.432111815944999977
0.432265209661999994
0.432324882749999972
0.432178498008999989
0.432316840621999987
0.432279448497000007
0.432379967756999994
0.432186778732000010
0.432181887240000007
0.432182751475000015
0.432016400359999997
0.432079822730999985
0.432054471519000005
0.432043436389999980
0.432118804653000010
0.432069308222000015
0.432154166112000027
0.432090321381000009
0.431915179995000009
0.431876278108000000
0.432103871965999975
0.432137170110000024
0.432068749078000025
0.432021212714000014
0.432238246551000016
0.432223329626000019
0.432220417329000017
0.432310329187999998
0.432131828838999976
0.432111878956999984
0.432119076704999994
0.432166818627999993
0.432161090021999983
0.432029236443999987
0.432187713598999990
0.432126556654999994
0.431936041990000019
0.432174668910999982
0.432107582839000026
0.432272389104999988
0.432121680155000021
0.432029238132999982
0.432195516742999997
0.432048294888000006
0.431908031598000008
0.432096702240999997
0.432251956195999987
0.432109811504000019
0.432217368353999987
0.432202977262999999
0.432148641007999990
0.432053576037000009
0.432161091005999976
0.432143225402000009
0.432227174551999993
0.432302748605999987
0.432240222783999983
0.431934264035000015
0.432201375127999998
0.432016391097000019
0.431996169922999995
0.432108172254000000
0.432024715833000006
0.432039209867999985
0.432227243227000013
0.432262902873999988
0.432263189950000015
0.432162701164999996
0.432162575411000005
0.432022197893000004
0.432052062126999981
0.432028445225999980
0.432225815412000003
0.432134882639999995
0.432155541097999973
0.432120275752000016
0.432148161029000000
0.432187558074999978
0.432110250191000023
0.432074523218999973
0.432055702362000027
0.432279662928000019
0.432272940644000014
0.432270078414000003
0.432192270887000018
0.432095368742999975
0.432182225264000019
0.432166403011999989
0.432287362053999979
0.431963177897999984
0.432204197866000006
0.432189279209999999
0.432216750109999992
0.432178748062000018
0.432285423527000001
0.432322875102999993
0.432287988409999990
0.432349470427999982
0.432243228430999993
0.432196551722999978
0.432177704785999983
0.432292798330000005
0.432209483481000023
0.432179674324999985
0.432214284853000008
0.432086821835000023
0.432035052987999990
0.432149697913000008
0.432247314441000008
0.432231579229999996
0.432138915326999995
0.432218262866999992
0.431930099735999995
0.431882685696000024
0.432018857422000024
0.432063307038000000
0.432190232022000020
0.432055486953999979
0.432048529838000017
0.431899762879999982
0.432062669988000025
0.432039848394000003
0.432223421953000009
0.432208610365000023
0.432089558322000022
0.432000784407000016
0.431891907399999997
0.431997744808000017
0.432155129212000000
0.432240118782000027
0.432163708378000000
0.432086589883000027
0.432167570396000011
0.432057730345000002
0.432166173142000010
0.432161276533000016
0.432106187952000009
0.432358083896999978
0.432352384839999992
0.432238485250000026
0.432030966615000012
0.432315830663000000
0.432212357805999980
0.432249057365000022
0.432060020330999994
0.431937449091999992
0.432014455085000026
0.431873487707999992
0.432008183922000022
0.432182497253000009
0.432276654036999997
0.432441214522000017
0.432202805011999980
0.432206194649000008
0.432350220266999985
0.432130204231999993
0.431999033937000010
0.432002294720000013
0.431929115879999992
0.431943077143999987
0.431995866810000018
0.432000114938000002
0.432035386068000016
0.432113466803999979
0.432051272177999990
0.431999605361000016
0.432110593086000028
0.432127037192000019
0.432028180026999997
0.432163393250000027
0.432105527235000009
0.432218076240000026
0.432160369682999979
0.432047947082000006
0.432163521050999977
0.432070967364000025
0.432241271184000020
0.432288357979999982
0.432312677483000007
0.432074839711000025
0.432185559604000014
0.432261061469999985
0.432005964540000009
0.432243894204999979
0.432152396255999993
0.432284188908000022
0.432263449495000007
0.432151364842000008
0.432101753423000001
0.432173724051999997
0.432083553243999996
0.432380637901000009
0.432318911126999994
0.432159453806000016
0.432185356312999980
0.432084770798000006
0.432086166679000017
0.432008741294000020
0.431957425274999973
0.432012955232000007
0.432041470566999986
0.432322914512000001
0.432309847635000022
0.432089513275000003
0.432133134645000028
0.432047041415999977
0.432232662303999982
0.432184938289999987
0.432070080477000018
0.432087411822000000
0.431983709388000015
0.432020533428999987
0.432058331989000011
0.432243024924999997
0.432295317971999993
0.432213780182000018
0.432221845009000016
0.432096362243999998
0.432157454223999982
0.432014436695999982
0.432055792499999980
0.432209703333999995
0.432070182956000026
0.432167616081000017
0.432223971882000013
0.432047630219999979
0.432179194082000007
0.432038481758000026
0.431832826983999996
0.432144640844000005
0.432011084195000006
0.432029233354000008
0.431937113318999977
0.432069390468000025
0.432105900842000012
0.432158993160999982
0.432072907773000003
0.432227045846000024
0.432259731840999972
0.432109211627999978
0.432071363712999978
0.432014374433000004
0.431979176691000000
0.431941955744999995
0.432113472963999989
0.432174277848999977
0.432263196756999979
0.432219974838999987
0.432166111655000018
0.432016856151999973
0.431866544753999992
0.432146194824000018
0.432207923200000010
0.432250507185999999
0.432092154057000022
0.432036635790999990
0.432085510778000004
0.432133113397000002
0.432004011221999995
0.432084017830999978
0.432009576020999986
0.432045031083000020
0.432185359775999978
0.432265160571000007
0.432079671775999985
0.432257976639999986
0.432162113091999978
0.431980543413000018
0.432109402907999984
0.432293132942000002
0.432306919720999994
0.432179429216000000
0.432104777682000007
0.432222761100000019
0.432163921665999984
0.432033027327999974
0.432166524050000000
0.432294274427000025
0.432194545721000023
0.432345707400000001
0.432224093623000016
0.432298485500999974
0.432183017580999973
0.432004414625999977
0.431912490189000020
0.432080360843000000
0.432296095313999984
0.432207323736999993
0.432027662977999993
0.432056803273999979
0.432054590138999994
0.432110647959999983
0.432075781591999997
0.432105491873000014
0.432224832679000026
0.432223728330999979
0.432208612810999981
0.431909323918000021
0.431889420041999983
0.431803715623000017
0.431894331916000018
0.431904988197000017
0.431916673410999985
0.432120111625000025
0.432268155059000014
0.432165180968999973
0.431997779676000004
0.432159498623999994
0.432152160732000024
0.432133306271999973
0.432071914271000002
0.431943328191000009
0.432076735812999990
0.432233760789999977
0.432371939026999996
0.432272765238000012
0.432256499319000009
0.432294328223999991
0.431994996971000023
0.432059528528999981
0.431875979204000005
0.432032151605000025
0.432183063751999996
0.432264096149000021
0.432237421580000003
0.432238721835000006
0.432165021782999981
0.432161250428000021
0.432018410234000005
0.431977137780000020
0.432069245031000027
0.432012170357000014
0.431983075310999998
0.431944353283999993
0.431914649466000000
0.431770455217000027
0.431712416519999975
0.431874935228000023
0.432177196122999985
0.432320320149999993
0.432359169707999980
0.432247928027999995
0.432141682068999999
0.432241874156000017
0.432413520245000016
0.432304797612000025
0.432215453942000005
0.432170829591000005
0.432065119187000024
0.432064419510000020
0.432080656120999995
0.432119178970000017
0.432063350783999989
0.432205838241999984
0.432196116851000012
0.431893911465000002
0.431919270041999981
0.431876633462000004
0.431928833788999988
0.431816847752999999
0.432051115360999993
0.432110321286999999
0.432047627127000011
0.432146830146000027
0.431948567128000005
0.431965751048999980
0.432083829746000014
0.432009655115999980
0.432050103931999996
0.432105309690999972
0.432040704195000014
0.432033589225000014
0.431979811656000023
0.432057289048999982
0.432167265189999983
0.432005977767000005
0.432176875324000009
0.432230922919000005
0.432178962988999993
0.432217825750000006
0.432271283580999977
0.432200300697999973
0.432139972779000014
0.432193098220000016
0.432176244782000007
0.432137797115999978
0.431964844605000009
0.431926044324999980
0.431939800086000025
0.432026363603999985
0.432091780475000020
0.432238333658999996
0.432094155643000022
0.431964416023000009
0.431947116317999980
0.431880668347999985
0.432114241296000012
0.432196555460000020
0.432191532323999983
0.432188098229000006
0.432280409847000002
0.432276256914000012
0.432402959987000013
0.432287891141000025
0.432094735931999985
0.431988098032000001
0.431910492526999978
0.432214571122000013
0.431980781209000020
0.432269528713999984
0.432244033608999989
0.432148658518999973
0.432100229524000012
0.432239326009999980
0.432274104506000012
0.432345578273000020
0.432118330280999996
0.432119687653999995
0.432249628793999974
0.432258374476000018
0.432425953302999988
0.432413516765000006
0.432086816518000016
0.432045441117999973
0.432034798828000000
0.431868701462000015
0.431793385009999975
0.431897616646000015
0.432122141018999983
0.432286149933000019
0.432043256875000004
0.432270431750000017
0.432337537883000000
0.432194335830999976
0.432213828347000006
0.432340729337999996
0.432321737975000009
0.432262107705999987
0.432344981289000008
0.432231102535000022
0.432244707017000018
0.432037746311999982
0.432101905933999997
0.432213802530000024
0.432185514438000018
0.432217624477999995
0.432324605643000015
0.432202437549999985
0.432325182377000017
0.432134206620000016
0.431940359762999992
0.431978786456999997
0.432222440362000027
0.432235089392000005
0.432034707289000008
0.432088367287000008
0.432419600088000011
0.432149968308000010
0.432277528342000006
0.432325037151999991
0.432156251473000019
0.432226217214000008
0.432286488675000025
0.432397102694000002
0.432059860720000022
0.431961210985999988
0.432160579110999976
0.432073006403000004
0.432037599953999985
0.431838630665999978
0.432107059352999978
0.432276118574999979
0.432163204573999982
0.432117741835000013
0.431998137880000022
0.432223312586999975
0.432137448252000012
0.432178593197000027
0.432314939555999977
0.432177890228999995
0.432180518557000015
0.432277007315000017
0.432117261330999980
0.432323756324999975
0.432280784669999973
0.432140912827000012
0.432191759442000001
0.432226006865000012
0.432280047434999981
0.432404271818000008
0.432283042180000021
0.432283768697000026
0.432334054274000013
0.432239174692000017
0.432131253880000010
0.432117386940999992
0.432129969078999976
0.432052757319999980
0.431937975814999986
0.431927700718999996
0.432140368132000019
0.432225577849000009
0.432209210115999998
0.432098911477000025
0.431986192403999991
0.432069263039999985
0.432119628039000003
0.432095738673999974
0.432144113862000023
0.432032723050000012
0.432185293399000026
0.431946686119999979
0.432103715122000021
0.432228449923000024
0.432151488911000026
0.432015010116000020
0.432023119316000015
0.432194885166000020
0.432269224645999983
0.432304934548999986
0.432147282136999988
0.432067174900999995
0.432226386445999977
0.432170813079000016
