0.440231587061999996
0.440328788774000002
0.440342503336999980
0.440444251921000007
0.440525355841999977
0.440359026347000027
0.440165404571000007
0.440235005382999978
0.440424109158999988
0.440358148978999997
0.440058034368000006
0.440218087789999990
0.440238427446999980
0.440207483730999993
0.440140729828999988
0.440056237803000017
0.440368114058000026
0.440400140508000026
0.440559578655999984
0.440376027953999993
0.440371107428000008
0.440365756315000023
0.440355407842999980
0.440343659625999972
0.440395573521999983
0.440230812074999978
0.440383268503000025
0.440448451234000005
0.440429647957999992
0.440495265864999985
0.440336469695000010
0.440335020369999997
0.440346549003000021
0.440262546528999987
0.440246425075000003
0.440512558070000004
0.440346551068000025
0.440334293380000019
0.440350963749000013
0.440413887742000021
0.440512398628000013
0.440403567602000001
0.440477088342999978
0.440660807897000018
0.440411701290000013
0.440430948285999990
0.440359155561000026
0.440377992612999980
0.440325325749999996
0.440222189092999983
0.440105290081000022
0.440163586433999998
0.440376585903999973
0.440483174628999996
0.440407537487999989
0.440527366259000019
0.440544224212999991
0.440419385965000021
0.440332175777999990
0.440451560864999980
0.440409481039000017
0.440373598390000009
0.440255856394999978
0.440355639844000002
0.440382190201000001
0.440363309621000010
0.440382070552000016
0.440252526905999975
0.440475014832000022
0.440481861864999991
0.440327829866999976
0.440315087760999979
0.440418461917999993
0.440317867957000009
0.440355410333999997
0.440267359472000019
0.440316986984000014
0.440509467089000017
0.440483839784999998
0.440528756517999998
0.440452905230000025
0.440567221600000003
0.440360181023999986
0.440236518793000020
0.440291619369000020
0.440358078633000027
0.440346960846999980
0.440326590663999984
0.440211959360999994
0.440305981429000015
0.440567866678000020
0.440660372166999992
0.440469656466999981
0.440271028412999976
0.440210478550999984
0.440295888861000018
0.440173843672999998
0.440158441898999997
0.440030373503999983
0.440142235436999985
0.440389687455999990
0.440253333766000010
0.440314574135000025
0.440421240280000015
0.440455029386000008
0.440376675145000007
0.440409432807000012
0.440394257700000014
0.440300346088000005
0.440522175314999986
0.440408788381999983
0.440364147435000020
0.440367239289000012
0.440423082764999974
0.440290129222999982
0.440386455133000010
0.440488752500000025
0.440423455838000022
0.440468360090000011
0.440653593976000013
0.440632194591000004
0.440691488232999973
0.440621950804000018
0.440597136323000016
0.440515318099999997
0.440513706306999986
0.440472185984999987
0.440492487636999996
0.440489018000000010
0.440327372800999983
0.440397955692000020
0.440363723393000006
0.440189187335000010
0.440320100373000012
0.440398531249000025
0.440376885852000022
0.440453106801000027
0.440390699923999984
0.440469497859000025
0.440633739427999993
0.440541327556999984
0.440336347206000012
0.440396003930000002
0.440310902697000017
0.440292394689000000
0.440232502912999979
0.440239234754000008
0.440232102264999980
0.440245910502999993
0.440382318361000002
0.440474118467000020
0.440252766728000011
0.440226094514999999
0.440208457290999999
0.440255314672000020
0.440301297320000007
0.440329504684999984
0.440212809900000002
0.440371927842000022
0.440310886063999984
0.440285226407000019
0.440420864603999984
0.440356010620000016
0.440318519801000008
0.440406048938999983
0.440162359690999982
0.440287534114000012
0.440184334700000013
0.440117089914999982
0.440239958225000005
0.440210134977000012
0.440305755716000002
0.440289379691000016
0.440232046588000026
0.440343841542000014
0.440115297442000009
0.440171494921999973
0.440312566254999982
0.440388818179999975
0.440454063479999991
0.440478005910000026
0.440376421412000008
0.440492387230999982
0.440473181396999980
0.440300461054999981
0.440334147198000014
0.440302644181999991
0.440297131890000026
0.440476285046000005
0.440272461833999984
0.440256689332999995
0.440348053028000008
0.440361035095000020
0.440416117240000016
0.440431284518000010
0.440306536713999996
0.440393759057000012
0.440240722297999987
0.440289400386999985
0.440288897404000013
0.440337219368999999
0.440267186126000021
0.440363593127000019
0.440289965291999985
0.440128396603999994
0.440297976260999979
0.440356735664000021
0.440317037008999990
0.440358146783000004
0.440382728034000026
0.440151659433999976
0.440232301017000005
0.440431331337999998
0.440372712740000005
0.440418616518999995
0.440220649394000019
0.440295120764999992
0.440350164787999987
0.440097828309000016
0.440276824527999988
0.440188809091000000
0.440235485759999989
0.440432594600000005
0.440325509231000001
0.440341974309999995
0.440270069804999997
0.440371428688000000
0.440474999852000004
0.440223434841000016
0.440239285751999998
0.440394422680999986
0.440442353544000020
0.440428692447999981
0.440614667833000018
0.440459975163000006
0.440265968984000000
0.440050649607000022
0.439984466020999998
0.439989369588000001
0.440167625416999997
0.440222668313999976
0.440141538315000025
0.440365028589999985
0.440403324363000004
0.440389844289999999
0.440403689184000025
0.440385580587000003
0.440256079527000022
0.440283698368999998
0.440193433595000017
0.440246908433000017
0.440272365150000011
0.440458453796000016
0.440269921585999979
0.440311721835000003
0.440499672491000027
0.440316640089999989
0.440294286417000025
0.440477847476999973
0.440190628545999996
0.440450542955000024
0.440447617923000023
0.440461988019999973
0.440399097602000023
0.440402514149000002
0.440371618108000018
0.440347510471999992
0.440419838660999985
0.440370844530000027
0.440519370023000012
0.440370290918000007
0.440288648173999986
0.440389216967999986
0.440537475550000002
0.440073384138999990
0.440328981351000015
0.440460847765999974
0.440516154434999974
0.440475996836000028
0.440372997370000019
0.440291836745999976
0.440375344599999996
0.440474896632999990
0.440496484194000004
0.440412331109000021
0.440382790164000004
0.440381222507999992
0.440386525265999973
0.440402444559999995
0.440237638571999990
0.440354835622999985
0.440251402035999995
0.440436755414999992
0.440516959583000023
0.440578324239999986
0.440400787219000001
0.440490399889000017
0.440526611983000027
0.440681073704999982
0.440454038858999974
0.440276160123000027
0.440302227606000018
0.440347553567999983
0.440197911742999992
0.440166768009999987
0.440079800868000026
0.439948077030999973
0.440018764241999982
0.440137350154999996
0.440181335949999974
0.440163857115999979
0.440188862936999992
0.440255642300000027
0.440377048459999976
0.440260835567999997
0.440431654078000001
0.440424589207000006
0.440209264616000018
0.440122620492999994
0.440112654112999990
0.440261115340999987
0.440533864419999976
0.440531291182000018
0.440553663245999982
0.440623618039000020
0.440632763937999994
0.440394207824000017
0.440403092301999977
0.440379383906999988
0.440387206548999988
0.440420372251999981
0.440240047033999993
0.440394976978000008
0.440299126910000005
0.440279117660999975
0.440465649527999992
0.440445448597000022
0.440603015465000025
0.440487120441000024
0.440275941088000000
0.440326688123999999
0.440286505684999996
0.440318481897999991
0.440364829896999987
0.440426737828000014
0.440479893171000003
0.440382556666999991
0.440532301071999977
0.440442909042000008
0.440390032292000022
0.440328860155999979
0.440100709525000022
0.440156763946000007
0.440327896522999973
0.440396588648000020
0.440464333777999983
0.440403475468999994
0.440248095886999979
0.440524291994999984
0.440368503523999977
0.440314543167000028
0.440374659040999983
0.440460123285999983
0.440386499544999976
0.440338064197000001
0.440081655193000021
0.440232430923000018
0.440585514961999991
0.440463499501000000
0.440151890200000007
0.440162469391999989
0.440176300745000026
0.440248535649000017
0.440352049567000026
0.440235097763000016
0.440454286302000009
0.440290754233999992
0.440194405387999976
0.440159622132999973
0.440287637075999994
0.440541373903000022
0.440454311594999981
0.440419916994000016
0.440523609518999992
0.440547900049999996
0.440588643414999981
0.440440985304999977
0.440217419835000012
0.440217037481999973
0.440106846687000008
0.440295798499000024
0.440262511961000025
0.440177058673999977
0.440102458179000011
0.440352156614000012
0.440552486412000011
0.440460441347000020
0.440398478563000018
0.440242545004000008
0.440275187574000026
0.440282096203999995
0.440471946773000000
0.440561640837999979
0.440546591240999985
0.440315773675000022
0.440291761386999991
0.440201026898999981
0.440120893356000020
0.440155234604000023
0.439948457923000025
0.440026639426999988
0.440084365550000023
0.440295660247999987
0.440252520711999995
0.440414691397999991
0.440266819490999994
0.440433990365000028
0.440474853303999991
0.440596371732999981
0.440695187734999994
0.440624858080999993
0.440671830563000022
0.440307296246000013
0.440538828109000025
0.440454258142000010
0.440328648912000020
0.440443777520000024
0.440354816985999986
0.440245231146000005
0.440340789901000007
0.440567204839000026
0.440456391557999982
0.440331290666999997
0.440259832517000016
0.440286039987999978
0.440412972165000027
0.440243731194999988
0.440287210679999985
0.440379495718999980
0.440092072772000020
0.440271495479000019
0.440485995143999998
0.440348008063999985
0.440479005285999980
0.440376152680000021
0.440386685642000009
0.440413892137999974
0.440419497930999992
0.440258050673000001
0.440238237980000002
0.440180391828999984
0.440220239407000002
0.440303311899999994
0.440539186610000022
0.440393187552000021
0.440428574487999991
0.440323733210000012
0.440506825888999975
0.440405450909000018
0.440447438538000002
0.440425379308000020
0.440386160066000010
0.440435696056000026
0.440582170488000024
0.440401251719000020
0.440252967953999985
0.440107108661999979
0.439969631613000012
0.440323502480000017
0.440292912516000001
0.440518350665999980
0.440426925452999996
0.440470493005999997
0.440545300518999983
0.440366781594999979
0.440416174682999984
0.440474579827999979
0.440634350870000024
0.440615897643000021
0.440486066964000000
0.440574290776000022
0.440545080242999987
0.440382086733000000
0.440317925143000000
0.440398258953999977
0.440595193667999985
0.440444378405999981
0.440352467696999983
0.440118992380999996
0.440168995629000026
0.440248686928999988
0.440264333690000009
0.440271699803000016
0.440338242661000023
0.440421658370000024
0.440322777712999991
0.440155853210999981
0.440273123865000005
0.440493152077000016
0.440472995536999978
0.440307801567000001
0.440077757148999993
0.440237091847999973
0.440289946686000022
0.440475699800000009
0.440576234482999984
0.440369559078000017
0.440337702371999984
0.440301290198000017
0.440154673220000014
0.440230648153999982
0.440345113343000027
0.440450990253999974
0.440449783794999994
0.440527869211999989
0.440524504245000004
0.440394569768999988
0.440330396979999983
0.440640618791000027
0.440530238450999978
0.440631387493000015
0.440452692841000026
0.440412085120000019
0.440538158020999993
0.440699162192000005
0.440786665477000017
0.440584968211999994
0.440596117258999997
0.440339896931999986
0.440397734378999983
0.440271448775000018
0.440325575234000011
0.440210734358999989
0.440436076973000024
0.440435266263000003
0.440220765547000015
0.440517610529000014
0.440499673712999973
0.440370544639999972
0.440084077409999996
0.440173242066999981
0.440236569161000013
0.440348061515999978
0.440326557446000022
0.440490020711000019
0.440260397475000009
0.440207940645999996
0.440143871038000012
0.440191419478000001
0.440232738786000000
0.440313397883000002
0.440352331016999998
0.440274115771000008
0.440399693659999980
0.440299289706000019
0.440493220690999998
0.440613759300000019
0.440314571283000000
0.440394049374000007
0.440361805208000001
0.440125486803000010
0.440305852727000013
0.440150607912999980
0.440165904539999986
0.440263657894000016
0.440457460454000027
0.440301180407000003
0.440245104785000008
0.440326845934999989
0.440427680734999993
0.440431997671999975
0.440561091161999985
0.440491400024999979
0.440495944039999976
0.440360393058999988
0.440288234772000020
0.440351810206000005
0.440385633787000019
0.440392444657000004
0.440166378567000027
0.440297114252999999
0.440078545167999990
0.440182185778000001
0.440294203295000020
0.440125240814999985
0.440155242637999988
0.440362603675000019
0.440364177713999994
0.440445224987999984
0.440380210965000018
0.440430388005999984
0.440447940077999978
0.440400345079000000
0.440355294715999990
0.440270137060999989
0.440334818645000015
0.440188371337000006
0.440347803433999985
0.440378089407000017
0.440523709031999999
0.440533919511000016
0.440249887313000021
0.440344923948999989
0.440247043032000018
0.440344446511000021
0.440459118413000006
0.440415816776999980
0.440513796688000003
0.440129831982999986
0.440351470984999993
0.440125197485999986
0.440323845223999977
0.440151333859999994
0.440160275087999986
0.440093659179999985
0.440361065426000009
0.440105964713999986
0.440294838572000025
0.440398186974999994
0.440461797990999993
0.440387576253000013
0.440583039840000024
0.440698383375999980
0.440666576247000008
0.440597087381999986
0.440386650637999977
0.440300838395999983
0.440464271527999995
0.440527557068999986
0.440329556143000012
0.440287426056999998
0.440282388706999983
0.440424808981000004
0.440552480914999989
0.440534607876999995
0.440428883938999982
0.440433819649000025
0.440329161319999995
0.440304046113000003
0.440147013879999993
0.440352316429000024
0.440195041125000019
0.440082187861000007
0.440111819090000023
0.440220426700999978
0.440409257938999987
0.440595468503999999
0.440499179442999989
0.440161007757999989
0.440440663750999994
0.440486360133000021
0.440378310833999975
0.440588370599000023
0.440441316457000021
0.440418088019000009
0.440393265428000003
0.440342967159999987
0.440414479603000009
0.440255083423000015
0.440352639546999991
0.440407082690000007
0.440223050876999977
0.440449419221000005
0.440245678109999983
0.440175527816000001
0.440232831079000020
0.440362826466999979
0.440295997807000017
0.440421526329000002
0.440329806797999990
0.440295560924000018
0.440057812064000020
0.440358437868999975
0.440207469045000022
0.440499950161999998
0.440301293889000023
0.440237671943000008
0.440399079281000028
0.440362805179000005
0.440377919913000015
0.440331060486999992
0.440483932447000015
0.440446874764000018
0.440335347039000014
0.440128764639000025
0.440181183362999995
0.440364344113000017
0.440423725614000006
0.440324610669000027
0.440265411034999998
0.440188393073999984
0.440363408381999999
0.440229708271999975
0.440387853655999972
0.440312794790999995
0.440237159370000020
0.440139530205999996
0.440152487613999999
0.440098926745000008
0.440155639363000006
0.440158617227000004
0.440384737116999991
0.440505359466999979
0.440651889114999973
0.440540086759000027
0.440477951036000015
0.440456087448000022
0.440433395527000004
0.440328715062999976
0.440137490763000017
0.440198425968999996
0.440156491473999989
0.440361381019000020
0.440371013746000017
0.440142584416999993
0.440222380713000017
0.440456284641999984
0.440356539918999979
0.440423602098000022
0.440352360576000024
0.440536749903000013
0.440419781575000002
0.440156885363999995
0.440115412646999993
0.440263610465999988
0.440171246711999975
0.440313638838999988
0.440168137931999992
0.440300171881999991
0.440360182687000001
0.440185477908000000
0.440174576463000011
0.440191007595000017
0.440242525577999977
0.440310385929999992
0.440373124717000020
0.440217618463999982
0.440400568902000022
0.440377922254999998
0.440253608522000017
0.440181735761000004
0.440351491034999987
0.440492616657999991
0.440507630646999992
0.440379083271000005
0.440392392349000017
0.440354497871999984
0.440533639059999982
0.440400490137999978
0.440455749530999974
0.440381233520000026
0.440260058017000022
0.440201162207000007
0.440453867888000006
0.440429909404000008
0.440486764199999992
0.440318913774999987
0.440301309229999993
0.440389433670999975
0.440503834360999991
0.440258764924000012
0.440426257746000027
0.440192343573000022
0.440152562482000020
0.440212162081000002
0.440356948508000001
0.440493993711000009
0.440470478243000008
0.440388506042000027
0.440300652750999999
0.440512684960999990
0.440366541285000024
0.440361805647999982
0.440272200396000013
0.440454046551000011
0.440386973407999982
0.440342242820000007
0.440468492759999997
0.440484640288999973
0.440120789121000000
0.440142518215999978
0.440092145970999993
0.440396496061999987
0.440673903927000010
0.440415867233000025
0.440245680683000018
0.440323489763999987
0.440343547860000017
0.440369352509999978
0.440156963592000017
0.440091066668999997
0.440146360050999996
0.440367051080999994
0.440227302925999986
0.440289151157999992
0.440364039312000022
0.440250620658000025
0.440231177008000019
0.440270392176999981
0.440057783614999976
0.439997470014000025
0.439985038258000005
0.440118301599999984
0.439975066806999993
0.440113342540000008
0.439959730122000015
0.440196810745999978
0.440210986462000020
0.440140728696999994
0.440307550250999991
0.440267764130000017
0.440353047168999978
0.440449920290000019
0.440491258943000008
0.440282234341000001
0.440400829411999983
0.440285204307000022
0.440309319327000015
0.440155067156000002
0.440286111618999998
0.440261869952000007
0.440296275492999989
0.440274513899999997
0.440242908104000019
0.440236699509000018
0.440442380021000002
0.440530659095999977
0.440517439156999979
0.440507035065999974
0.440334848178000005
0.440572082990000002
0.440506427784000010
0.440458630537000018
0.440495090353999974
0.440517457945000024
0.440271565628999995
0.440314278359000000
0.440153922789000007
0.440286757435000009
0.440141439896000020
0.440165539591000021
0.440218171757999988
0.440281944300000005
0.440346729677000004
0.440500850853000003
0.440492848335000020
0.440607451114999993
0.440510216477000005
0.440323992393000019
0.440357134237000014
0.440218993762999999
0.440366096867999990
0.440374153293999981
0.440330561254999975
0.440454924708000017
0.440655104118000018
0.440597478037999979
0.440511824715999978
0.440653335664999979
0.440479954017999997
0.440436348965000002
0.440204103557999993
0.440538685242999994
0.440259890809999999
0.440343795608000022
0.440496021873999999
0.440326575466000014
0.440292284623000019
0.440323391670000008
0.440263452338000016
0.440313587542000007
0.440622063926000007
0.440365678817000006
0.439970281878000025
0.440140226580999994
0.440358197273999996
0.440284643859999991
0.440084687754000004
0.439953724300000015
0.440362590463000025
0.440436653038000003
0.440271490114999997
0.440405510095999986
0.440586054687000017
0.440263638690000014
0.440389876359999988
0.440299499282000018
0.440415917732000006
0.440340748956000005
0.440430732757999988
0.440111628744999983
0.440055857213000001
0.440238937629999993
0.440310867747999990
0.440310731655999987
0.440341664427000012
0.440249277935999994
0.440168529984000023
0.440203320698000000
0.440141520856000001
0.440307854705999979
0.440323326015999994
0.440202081646999976
0.440213428647000027
0.440400647829999992
0.440329240765999996
0.440221469463999981
0.440324244360000006
0.440325415486999994
0.440303722082000026
0.440287875800000006
0.440158173285999987
0.440110095668000023
0.440306048665000005
0.440213893706999981
0.440199011716999988
0.440108521995999979
0.440174294342999983
0.440253748326999983
0.440121316411999974
0.440261908909999999
0.440195606620000013
0.440148262070000018
0.440118677439999995
0.440284774697999981
0.440442843753000024
0.440415521006999988
0.440157890233999982
0.440164442677999979
0.440382352322000015
0.440322711713000026
0.440357224155999982
0.440458029043999999
0.440403315713000010
0.440421744394999981
0.440389516997000019
0.440374262613000000
0.440457978304000020
0.440349238013000022
0.440377969970000005
0.440203250235999988
0.440412333691000024
0.440492776520000018
0.440399079089999979
0.440516070199000020
0.440384427789999977
0.440431416786000007
0.440505815197999973
0.440484657722999995
0.440579753021999976
0.440285803174000012
0.440336647442000018
0.440348891748000015
0.440245349763999982
0.440345160093999988
0.440259885349999991
0.440574185778000005
0.440609469739000004
0.440667320457000022
0.440492192366999991
0.440430602381999992
0.440330564079000009
0.440289075101999994
0.440437964911000013
0.440380043597000004
0.440478233675999975
0.440379605010999986
0.440291654320000003
0.440066416780000025
0.440112441676999977
0.440237460054999974
0.440527411712999972
0.440523908660999997
0.440496687571000023
0.440373775395000000
0.440458326229999975
0.440107626036000010
0.440223569478999988
0.440224027154999975
0.440390283687999984
0.440311910194000011
0.440225185475999981
0.440423832319000008
0.440386893868000007
0.440312578572999991
0.440350758836999978
0.440394846595000000
0.440393752144000006
0.440504600179000005
0.440546270391000028
0.440471652388999990
0.440335456572000017
0.440358135885999979
0.440307041911000008
0.440147853004999978
0.440388930979000004
0.440461314205000010
0.440330672457000027
0.440509316150999974
0.440396978858999977
0.440281734194999996
0.440256552550999991
0.440161029438999984
0.440186739391000004
0.440269492993000000
0.440401361799000024
0.440415136619000003
0.440218427036999982
0.440355707594000001
0.440178615370000026
0.440547153788000023
0.440360981972999999
0.440292524670000018
0.440481754356999988
0.440401128925999974
0.440416871024000012
0.440293761316000010
0.440314135832999998
0.440184876201999975
0.440188526319999995
0.440234306540000009
0.440110730117000026
0.440086121125000007
0.440104604672000022
0.440267728871999997
0.440409548275000007
0.440458661171000021
0.440435312733999995
0.440325066652999975
0.440355440789999997
0.440280399426000002
0.440184253267999981
0.440321446938000016
0.440257636431000021
0.440499811964999988
0.440314537138000006
0.440346478621999993
0.440418076448999996
0.440566337836000022
0.440507130349999998
0.440377673578999984
0.440472227328000010
0.440297256643000012
0.440277599296000022
0.440176930118000020
0.440236349056999987
0.440461374560999985
0.440319926204000012
0.440329118510999984
0.440340655242000001
0.440459967913000017
0.440304246911999986
0.440063534395000011
0.440087650064000024
0.440159445137000005
0.440251326662000009
0.440401597009000001
0.440343695453999984
0.440587787271999987
0.440453463729999994
0.440542682319999990
0.440639616983000026
0.440433631353999988
0.440452193024999994
0.440403484964000003
0.440328238902000013
0.440224663336000022
0.440265641137000008
0.440432703257999991
0.440422734598999999
0.440276936502999983
0.440535083852000020
0.440485970344000000
0.440475597848000000
0.440574618797999973
0.440384173980999993
0.440415728042999999
0.440613998186000000
0.440487818935999975
0.440171367438999983
0.440405428581999991
0.440236108278000027
0.440273700461000006
0.440427280591000003
0.440307966436999987
0.440468825753999982
0.440474541626000027
0.440475469484000015
0.440387760056999977
0.440341692331999990
0.440212505225999973
0.440130567513999982
0.440415534173000001
0.440386402387999976
0.440404105115999978
0.440451590637000012
0.440215939000999978
0.440372372457999983
0.440296661631000008
0.440347700075000015
0.440103065861000009
0.440205787249000002
0.440294441200999975
0.440395475423000005
0.440378839113999998
0.440432724996000002
0.440417824540000002
0.440415560094999992
0.440461081889999995
0.440372239486999995
0.440226650893999982
0.440361872475000027
0.440330680550999998
0.440152636787999985
0.440343263026000020
0.440396142571999993
0.440328442371999973
0.440406230286999989
0.440472210445000012
0.440306314450000014
0.440290377924999976
0.440288913175000018
0.440381578118999972
0.440381822167000003
0.440376418476999987
0.440392107934999999
0.440128902074000017
0.440230673201999989
0.440299483253999979
0.440223855512999973
0.440372793618000025
0.440354531742000010
0.440225420289000025
0.440302453701000018
0.440184165864999977
0.440250237837000014
0.440300650449000019
0.440317764689000024
0.440212729779000000
0.440257350950999993
0.440154109623999978
0.440066660198000004
0.440198719402999983
0.440059659569000006
0.440389008124999981
0.440512161587000017
0.440261380418999981
0.440150124561999978
0.440330817342000025
0.440343045104000019
0.440297231635999986
0.440229718739999998
0.440264186895999998
0.440255779858000018
0.440464272649000010
0.440356304475999993
0.440329621491000023
0.440469486294000012
0.440476025117000014
0.440590460854999977
0.440495715986999992
0.440548516634000020
0.440622877912999977
0.440681219236000010
0.440460813002999996
0.440548123324999985
0.440500713990999992
0.440425733332000025
0.440512505895000017
0.440489930733000024
0.440416246093000008
0.440264005873000019
0.440295861537999988
0.440347021976999986
0.440248076179000025
0.440290968351999989
0.440265066736000021
0.440592874440000004
0.440316745271000010
0.440290339616999982
0.440375797800000024
0.440238867345000007
0.440218655715999996
0.440361425483999980
0.440184789848000024
0.440190269204000006
0.440278669675999990
0.440396452195999988
0.440279670065000017
0.440267244778000000
0.440185951078000015
0.440059694386000011
0.440190473714999975
0.440245295011999993
0.440383687616999975
0.440179151692000004
0.440080030584000026
0.440103111539000003
0.440215286709000009
0.440392280989999996
0.440418557571000013
0.440390073448999997
0.440497679669999975
0.440334460347000023
0.440342660916999973
0.440210776836000017
0.440345765461000016
0.440543039000000025
0.440346785951000019
0.440283880695999996
0.440541739910000008
0.440582258502000002
0.440430918504000013
0.440465524664999997
0.440367275045000006
0.440476467604999977
0.440515288964999974
0.440326830700999983
0.440406992627999982
0.440200245694000014
0.440289348063000019
0.440459335642000016
0.440274382216000015
0.440452821150000007
0.440400935315000019
0.440463881675999980
0.440181761697999996
0.440354572589000015
0.440308916724999999
0.440371040222000021
0.440447116984999998
0.440097758060999988
0.440318078216999975
0.440464918267999994
0.440480641589999999
0.440534076087000015
0.440600833919000012
0.440541424557999994
0.440333686910000022
0.440304268386000008
0.440357889629999999
0.439946471492000002
0.440311559377999984
0.440404112426000027
0.440429964592000012
0.440326844561999997
0.440512637210000002
0.440431440652999995
0.440427234383000021
0.440159045661000004
0.440269016583999973
0.440408681525000012
0.440329759425000022
0.440236886835000008
0.440453564324000013
0.440309734404000008
0.440433368418999993
0.440382912568999974
0.440443248313000024
0.440346727042999986
0.440356223207000019
0.440566670293000007
0.440421544690999978
0.440289417208000022
0.440468890391000012
0.440328312040000003
0.440417958991999980
0.440434459572000003
0.440382056083999995
0.440285138866999992
0.440338670915999986
0.440265185293000016
0.440300633082000015
0.440447162630000000
0.440414993486999973
0.440205505594000013
0.440073974651000011
0.440252770685000017
0.440210113791999980
0.440358633250999998
0.440384857833000021
0.440358292192999989
0.440403033328000015
0.440587799632000010
0.440564021463000000
0.440343430917000012
0.440343955111999974
0.440330119982999979
0.440635223517999997
0.440552621189000015
0.440513644997999998
0.440525468412999999
0.440326063917000021
0.440195687984999973
0.440283491448999975
0.440189349931000007
0.440199157885000025
0.440217297228000015
0.440360738362000015
0.440141968961999974
0.440287417810000026
0.440229345240999992
0.440245842625999972
0.440265582609999984
0.440633886626000004
0.440728868720000000
0.440648685551000008
0.440497207507999977
0.440212106717000007
0.440320498665999982
0.440346504593000010
0.440257578967999996
0.440102872179999993
0.440288880338999988
0.440300403038999977
0.440422848819999990
0.440542954426999978
0.440571285307999994
0.440550526549999988
0.440356459566000003
0.440167090272000017
0.440281581004000000
0.440347598813000007
0.440238660617999988
0.440312377332000016
0.440349572143000023
0.440251703489000001
0.440402614023999994
0.440324176582000015
0.440083299656000015
0.440214785163000000
0.440415231756999981
0.440432189626999981
0.440433959988000001
0.440421629739999987
0.440235637201999985
0.440157039510000014
0.440351493240999980
0.440297059692000003
0.440440936888000012
0.440576170875999984
0.440284575406000023
0.440191368317000009
0.440243349908000015
0.440103691460999980
0.440220387120000001
0.440518014845000028
0.440594367270000009
0.440297147669000022
0.440346132627999987
0.440331295850000026
0.440462602290000005
0.440192251581999983
0.440219418142999974
0.440281790941000006
0.440313164847000005
0.440356204320000000
0.440333330844999982
0.440200239190000009
0.440204434079000007
0.440283592552000003
0.440158919172999985
0.440261767731000009
0.440356717763999983
0.440143483670999980
0.440238267600999988
0.440157134248000015
0.440279450582999998
0.440362259069999984
0.440283814321999978
0.440129398278999995
0.440087519109999992
0.440280122356999981
0.440247700675000020
0.440332248812000004
0.440514467492999995
0.440384613310999984
0.440362924744000017
0.440457583238999972
0.440181591408999984
0.440339092456000003
0.440413197882000007
0.440437262461999990
0.440347979632999986
0.440402883676999979
0.440599920644999976
0.440512670755999980
0.440513116983999975
0.440230101234000026
0.440455067792999977
0.440554788304000022
0.440400291173999980
0.440490004810999980
0.440499034678999979
0.440357991577999985
0.440436380028000007
0.440254122071999987
0.440277624067999973
0.440217900616000024
0.440081127500000002
0.440221842272000008
0.440245541362000004
0.440286089637999978
0.440388453336999997
0.440366655725000000
0.440367275271000003
0.440342468882000015
0.440355196607999988
0.440438632195000013
0.440462780604999993
0.440592875641000026
0.440338500768999996
0.440477002314999977
0.440323762233999993
0.440339898213000014
0.440232625726000026
0.440182700581000008
0.440245600939000004
0.440243762734999988
0.440431777073000019
0.440645052727999975
0.440611281610000016
0.440554833152000003
0.440243351692000018
0.440377855348000002
0.440417920635999993
0.440398865796999994
0.440396765971000026
0.440391988949999980
0.440144420175999973
0.440130226625999987
0.440360105597000007
0.440202787917000016
0.440325550175000024
0.440267678800999984
0.440149162829999996
0.440171816037999986
0.440234060739999988
0.440090775759000019
0.440109965376999979
0.440293094421999986
0.440411143205000022
0.440374691348000002
0.440340165072000023
0.440363444669000015
0.440369433561000001
0.440243657012000023
0.440243663336999991
0.440255823775999977
0.440103171221000011
0.440076361172999975
0.440166691692000012
0.440079970182000013
0.439991091818999980
0.440056314950000027
0.440171275774999982
0.440187123612999998
0.440355435412000007
0.440142869968000006
0.440399936373000012
0.440411707782999984
0.440347736755999974
0.440428038829000001
0.440374707136000021
0.440328336699999989
0.440233719038999993
0.440243099912999980
0.440261964301000008
0.440249675296999987
0.440236630914999982
0.440315128833999980
0.440362054682999993
0.440476419775000017
0.440688897196999996
0.440660583197000022
0.440566809150000016
0.440517166276000016
0.440350030048999974
0.440270284007000023
0.440526989578999995
0.440369749107999975
0.440303950125999988
0.440168245110000023
0.440333589540999992
0.440353308326000004
0.440299371985999999
0.440320018151000026
0.440268478269999985
0.440255672998999981
0.440442546218999975
0.440250570311000011
0.440267605291000008
0.440306232686999977
0.440389933628999974
0.440495287838000016
0.440625604642000013
0.440379545380000015
0.440293374525000003
0.440388026066000027
0.440257935629000008
0.440266210953999981
0.440304813068999990
0.440334427279999996
0.440372101648999981
0.440378312172999997
0.440396871550000013
0.440406193790000011
0.440252059159999987
0.440315696448000005
0.440297328159000023
0.440452460576999993
0.440332131070000021
0.440348438968000022
0.440176133964000016
0.440242749428000013
0.440324108488999999
0.440360096495999997
0.440263966723999978
0.440179564103999998
0.440210117723999983
0.440203211481000001
0.440474888612999993
0.440305324767000017
0.440583446012000002
0.440471711902000018
0.440521693370000023
0.440522711143999990
0.440346235929999996
0.440395453222000022
0.440337882532000013
0.440364317333000022
0.440151234251999979
0.440148520054000014
0.440037488999000026
0.440124413576000018
0.440339844219999998
0.440448448762999989
0.440262240455000009
0.440459869002000015
0.440404296909000015
0.440467500770000020
0.440388407368000001
0.440336191549999978
0.440574484077000006
0.440560227379000025
0.440439558800000019
0.440357596033999987
0.440163762018000004
0.440099384024000007
0.440295812176000001
0.440339195256000016
0.440550390444000017
0.440467696374999995
0.440469849176999995
0.440538327283999998
0.440541120933999997
0.440520734397000013
0.440484189827999972
0.440294869244000020
0.440245018890000006
0.440389759250000012
0.440369025267999981
0.440498482184999984
0.440615191914999982
0.440492615151000022
0.440282900322000015
0.440187298190000020
0.440191172889000004
0.440123440181000025
0.440373739985000012
0.440309949759999986
0.440298725931999979
0.440253405982000023
0.440496382249999985
0.440370169691999991
0.440128386701000018
0.440363685037999997
0.440428880972000003
0.440384044224000015
0.440272602196999985
0.440290572747000009
0.440503769390000022
0.440623648029000003
0.440598940356999980
0.440407402780999990
0.440235604070000008
0.440315286517000026
0.439994869243000020
0.440189603904000026
0.440182353412999994
0.440234653192999981
0.440098265235000008
0.440218394555000003
0.440382423844999982
0.440299889010000001
0.440260699452000026
0.440304647735999977
0.440263990556000018
0.440309535507000027
0.440263131543999986
0.440224068282000003
0.440241105274000011
0.440148301118000018
0.440209540191999982
0.440330802016999978
0.440167083650999991
0.440331067226000017
0.440252380860999992
0.440335165887000002
0.440559085271000017
0.440416217479999983
0.440487550012000018
0.440562324223000013
0.440428733803999994
0.440473886375999990
0.440406978411999994
0.440428611533000003
0.440360727253999995
0.440513157165000002
0.440564064357000018
0.440633526263000008
0.440359075069000017
0.440297379012999979
0.440400078937000006
0.440153929662000010
0.440412168664000014
0.440594530327000022
0.440535341272000003
0.440603632912999976
0.440552693564000009
0.440558451864000000
0.440536914672999991
0.440394972521999994
0.440409448706999995
0.440358465791000020
0.440357556601999989
0.440369736492999986
0.440098072545999974
0.440467814873000019
0.440313202836999984
0.440401484718000003
0.440311876248999978
0.440329389863999998
0.440349759138999985
0.440593429400000014
0.440526927637000021
0.440379382677999975
0.440195512246999987
0.440186377404999996
0.440277593359000019
0.440467149035999983
0.440321718096000014
0.440227887554999975
0.440398066568000013
0.440377202916999999
0.440470933998000025
0.440481899826000001
0.440413731212999982
0.440537908367000020
0.440343951773000009
0.440306518480000020
0.440352249372000015
0.440274477509999984
0.440420974307000002
0.440485004570999983
0.440472160436000015
0.440391064577000002
0.440333624892000008
0.440468925846999981
0.440396155304999981
0.440202383631000005
0.440373183226999976
0.440248033925999982
0.440300767383999980
0.440431767972000010
0.440424830566999992
0.440530841148000007
0.440567107587000018
0.440352162865999985
0.440320736486999986
0.440163082368999981
0.440335683144000012
0.440472201873999991
0.440589641869000015
0.440324423497999995
0.440238632946000019
0.440100873720999985
0.440175060097000026
0.440122207019000011
0.440165870848999996
0.440269308585999997
0.440400371640999988
0.440233333994999976
0.440340455879000003
0.440217474396000008
0.440294421845999984
0.440400532860000027
0.440353287107999980
0.440337465591999988
0.440509799646000011
0.440392003817000000
0.440357700726999979
0.440430524160000003
0.440679037885000013
0.440587745297999989
0.440410814342000023
0.440445389512000018
0.440193486628999986
0.440208285179999992
0.440190327227000022
0.440373989798999999
0.440199420612999992
0.440314255804999999
0.440284053640999984
0.440395837427999981
0.440387699517999998
0.440301464284999999
0.440398682804000019
0.440384591867999997
0.440364793325999981
0.440606204617999986
0.440454638181000002
0.440314744453000007
0.440622215057000000
0.440489707058999980
0.440484333260000027
0.440422745981000008
0.440398812463000000
0.440402885497000018
0.440431621067000012
0.440382041399000002
0.440452790297999996
0.440144598172000023
0.440265811687000019
0.440225702672999986
0.440225483270999973
0.440013258306000021
0.440215038941999981
0.440246947110999987
0.440237439233999994
0.440189981321999990
0.440181375400000019
0.439998299071000021
0.440134022111000001
0.440130157816000012
0.440156031989999974
0.440293744046000024
0.440296054130000003
0.440280237166000010
0.440168536431999990
0.440112005711999987
0.440230630655999988
0.440100976556999979
0.440072750534000023
0.440236570215000012
0.440255609888999977
0.440288042097999988
0.440105735499999984
0.440308106972000013
0.440426744859999997
0.440306652997999981
0.440189683371999985
0.440211761573000016
0.440199096570000004
0.440388990323999974
0.440500128243000000
0.440262765998000016
0.440235450069000001
0.440129038428999975
0.440340779397000004
0.440456895061999976
0.440456170611999986
0.440424759770000007
0.440559563506000007
0.440471624261000005
0.440499365355000005
0.440402912508000011
0.440200447827999997
0.440258199818999996
0.440306460243000020
0.440250752600000017
0.440123490092000025
0.440529143928000022
0.440518344313999999
0.440200646801000017
0.440311746584000019
0.440394910132999973
0.440392977357999982
0.440249896919999995
0.440286182119999980
0.440395691947999990
0.440271191451000021
0.440432203768000019
0.440431840324999990
0.440151106527000013
0.440148562984999991
0.440359129314000008
0.440370245142999994
0.440353537396000028
0.440249317139999985
0.440388164648000013
0.440085284798999998
0.440308716381999976
0.440440575710000004
0.440437454313000021
0.440253937997000022
0.440398403348000012
0.440437573806999993
0.440446552857000018
0.440562020632999984
0.440317676933999980
0.440315724783000018
0.440376610885000019
0.440539135769000001
0.440406732354000019
0.440527863936999997
0.440398449746000009
0.440187436062000004
0.440421228857000024
0.440346792054000014
0.440330815194000025
0.440294230640000006
0.440286917481000017
0.440412283492000012
0.440414150582999986
0.440337541795000009
0.440427474443999989
0.440467893619999995
0.440428142492999997
0.440392392545999989
0.440388847362999991
0.440475065783999975
0.440491457405999987
0.440371300542999999
0.440482189601999974
0.440384647450000000
0.440328053278999987
0.440327856015999997
0.440421052435999993
0.440480076474000004
0.440527047541000027
0.440406230560999978
0.440177246221999996
0.440070988027999987
0.440261250353999989
0.440304966490999983
0.440455237479999984
0.440471666865999978
0.440486418147000014
0.440109348279999979
0.440185921847000006
0.440142135090999975
0.440212361213999981
0.440354083406000019
0.440593510655999998
0.440442009377999988
0.440384808277999973
0.440287693531000002
0.440208011088000006
0.440296482509999976
0.440377430979999984
0.440209405394999975
0.440421370596999984
0.440390287631999999
0.440553036532000009
0.440612092705000014
0.440365380656000005
0.440286078126000013
0.440449097705000014
0.440495306932000008
0.440348660517999979
0.440509941281000017
0.440552239595000006
0.440514276566999985
0.440652205568999977
0.440594986153000023
0.440594157943999976
0.440479136365000024
0.440581563845000024
0.440195857119999978
0.440115703291000027
0.440288405885999989
0.440281528834000013
0.440397018342999991
0.440232688682999973
0.440062018619999995
0.440301686851999996
0.440442059481000014
0.440401131544000013
0.440324116646000019
0.440567257265999990
0.440634354065999989
0.440408842957000002
0.440389217431999991
0.440346862088999980
0.440249221862999973
0.440412390122000008
0.440256459350000018
0.440245942788000000
0.440450569163000016
0.440478319524999995
0.440412679432000020
0.440221529466999995
0.440216959816000009
0.440389644565000016
0.440402326552000012
0.440381979885999975
0.440521597732999981
0.440638323788999975
0.440366999185999974
0.440448341803999999
0.440398668830000006
0.440614334220999992
0.440581053211999973
0.440710813275000002
0.440473938851999980
0.440566834166999988
0.440256241350999999
0.440119535514000015
0.440091462827999991
0.440251607516000010
0.440258020247999982
0.440339699819000008
0.440315139500999986
0.440325974575000001
0.440116614848000021
0.440105237977999997
0.440240159632000028
0.440458039307999982
0.440184811785999996
0.440226631181000028
0.440427447462000021
0.440386890892000005
0.440155937045000001
0.440372659115999987
0.440480534257000012
0.440379749001999998
0.440383528718000017
0.440244330605000012
0.440171007974999973
0.440268304135999988
0.440433847177999993
0.440370819573000005
0.440314844488999990
0.440265970979999977
0.440403869890999999
0.440427043342000002
0.440519259988000011
0.440448172340999977
0.440476218432000022
0.440367200060000019
0.440429980153999978
0.440142415848999990
0.440353411663000016
0.440321324316000018
0.440333882539999999
0.440114734334999980
0.440133764541999983
0.440108372513999979
0.440287052354000008
0.440314756260999973
0.440466828573999991
0.440289594233999992
0.440233478263000022
0.440519103729999972
0.440451931213000025
0.440615979749000020
0.440435503366000014
0.440472507459000018
0.440200356808999993
0.440466532296000024
0.440418465859000019
0.440319466240000013
0.440320756842000005
0.440306251160999973
0.440207211689000011
0.440202639662999995
0.440244533210000011
0.440478195700000019
0.440477476410999991
0.440402390869999993
0.440309600681000002
0.440505289954000012
0.440426561182999998
0.440462609030000007
0.440398816859999986
0.440401396542999979
0.440308226226000021
0.440354379073999991
0.440473274094999978
0.440461731272999979
0.440279453503999996
0.440432000114000022
0.440530919615999994
0.440462573533000001
0.440549757596999991
0.440499633077000019
0.440547209175999988
0.440516471339000015
0.440413232147000011
0.440246152697000015
0.440207220161000001
0.440255751784999982
0.440501865845999985
0.440484761243000011
0.440569983541999999
0.440552769449999992
0.440506790834000017
0.440444445279000008
0.440431286536999977
0.440361636514000010
0.440420899937999988
0.440456545227000007
0.440111268258999988
0.440134097180999995
0.440209451149999986
0.440512986110000004
0.440484045955000014
0.440406569575000018
0.440477428594999998
0.440193361316000009
0.440104774174000013
0.440139674739999986
0.440309208785999995
0.440391958061000011
0.440129661961000007
0.440219678702999995
0.440145996057000000
0.440331942663999998
0.440242062637999976
0.440243424928999982
0.440217779990000002
0.440338697988000016
0.440116640118999980
0.440169006249999994
0.440277082160999977
0.440414497168000019
0.440353096976999980
0.440263403283999988
0.440448854923000011
0.440430782889999983
0.440562940622999999
0.440475284818000024
0.440374467308999984
0.440426620272000025
0.440300438555000007
0.440165410144999991
0.440184818789000010
0.440058034845999979
0.440239768538999987
0.440240046883000002
0.440219607913000022
0.440135928381000019
0.440126976318999996
0.440080037061999996
0.440180157469000022
0.440387592376999981
0.440598672957999982
0.440521161012999984
0.440435862349999985
0.440517930481000020
0.440499963143999973
0.440566020783999979
0.440300993859000012
0.440299010935999990
0.440381046690999978
0.440332965091999984
0.440495170120000001
0.440585807223999981
0.440525113510000010
0.440624933007000008
0.440654496826999975
0.440423401898999978
0.440427372195000000
0.440409927044000005
0.440541177180000021
0.440527713528999998
0.440418273212000000
0.440158128320999986
0.440238612841999999
0.440338556459999975
0.440329463573999991
0.440290236291000003
0.440437168305000015
0.440440833349000027
0.440578155465999988
0.440690138474999993
0.440691108366000006
0.440464534404999997
0.440538544822000000
0.440489909961999992
0.440460370722999983
0.440513147020999973
0.440347172743000004
0.440382748145000003
0.440296067229999977
0.440299757362999977
0.440271781661000006
0.440284045066999974
0.440328567544000016
0.440141474498000007
0.440291795418999987
0.440420378604000018
0.440535763864000007
0.440462043613999987
0.440360035737000000
0.440293790419999997
0.440295592327999974
0.440395783347000025
0.440328998601999977
0.440265573937999977
0.440366329491999997
0.440254285901000020
0.440214896500000008
0.440270210933999984
0.440280267060000008
0.440214558365000008
0.440220667314000003
0.440153801778000009
0.440177004621000012
0.440218858375000022
0.440237122814999993
0.440254814416999984
0.440303950564000013
0.440391920381000002
0.440473791846999974
0.440524724694000003
0.440658234157000006
0.440400560685999976
0.440463794517999996
0.440255454877000019
0.440425348220000012
