0.431513631422999977
0.431540359388000005
0.431750864597000017
0.431898036217000014
0.431767823965999997
0.431838579527999977
0.431917280341000021
0.431956094587999995
0.431887596370000015
0.431780087975999982
0.431722692186999990
0.431727732716999990
0.431543924831000014
0.431665556131999972
0.431647956983000014
0.431447546357000000
0.431458235387999989
0.431625267947999991
0.431834658189999998
0.431799805611000009
0.431791819633000007
0.431672432601000022
0.431799379455999999
0.431802217410000022
0.431723004394999998
0.431882186775999988
0.432018570202999996
0.431699485075000000
0.431847285975999973
0.431899411028999980
0.431569684913999996
0.431733549835999986
0.431661495825999997
0.431601411177999994
0.431369348418000009
0.431687151479999975
0.431977487750000000
0.431905901998999975
0.431793023080999983
0.431680025046000004
0.431687997092999987
0.431518661566999973
0.431648451782000009
0.431668384374000014
0.431849179967999985
0.431727484338999989
0.431550377308999977
0.431596915206999998
0.431740260471999981
0.431863210576000023
0.431809265376000007
0.431733511346999999
0.431756971749999996
0.431653311920000005
0.431706645087999996
0.431789440636999977
0.431875586294000025
0.432082555049000006
0.431889362348000017
0.431983181697000007
0.431926388571999997
0.431902721077999985
0.431727487663999987
0.431601925607999981
0.431719084354000027
0.431810187166000004
0.431682469437000005
0.431858100701000003
0.431807803302000026
0.431673523112000024
0.431446159815000008
0.431699578337000012
0.431624193052999983
0.431375483371999990
0.431627165109999988
0.431686933044999999
0.431879072076000015
0.431624573367999975
0.431647620316000014
0.431724168693999988
0.431707425501999975
0.431535389626000021
0.431578899786999981
0.431613059587000025
0.431605884303999987
0.431794600821000019
0.431721851810000001
0.431780087771999999
0.431638508111000019
0.431889410234000015
0.431840461042000023
0.431747850488999996
0.431727999586999978
0.431717400103000026
0.431462283418000025
0.431588591658999987
0.431798445839000011
0.431831430432000007
0.431743232619999973
0.431529617061000015
0.431634248328999992
0.431665217755999975
0.431577955660000012
0.431964871078000023
0.431836814100000022
0.431667569182999977
0.431868573964000024
0.431743006671999996
0.431834336192000012
0.431781226987000000
0.431762598115000007
0.431712488494000013
0.431625400110000002
0.431593183739999997
0.431830974447000027
0.431879667618999985
0.431778509613000017
0.431681497748000020
0.431628364574999979
0.431774045978000010
0.431767398889999987
0.431874573641000015
0.431988564981000023
0.431937397670999979
0.431760734294000026
0.431656245624999990
0.431637851761999980
0.431675469330000006
0.431904844414000011
0.431871098479999993
0.431797768696000006
0.431743229080999991
0.431725963591000017
0.431741862515999997
0.431903018608999989
0.431788336822999996
0.431788839551000003
0.431735096202000013
0.431909950120999975
0.431995350042000015
0.431766023797000020
0.431776924097000026
0.431807970837000010
0.431685824153999975
0.431791201194999974
0.431898854413000022
0.431834991456999995
0.431807429914999985
0.431659318979000006
0.431605056293000000
0.431644446731999976
0.431690148607000002
0.431643280392999984
0.431769620003000010
0.431756475086999991
0.431682150714000012
0.431581507852999979
0.431636343347000018
0.431725745235000014
0.431891612967999994
0.431898715044000014
0.431718192062000017
0.431933925534999985
0.431855342811000020
0.431721089208000008
0.431613726289000021
0.431663370769000021
0.431826096945999993
0.431859881876999974
0.431731466496000027
0.431733931346000022
0.431665074879999999
0.431820427938999996
0.431694759686999996
0.431672385938000003
0.431695959337999979
0.431591526456000019
0.431855319474999999
0.431810820706000020
0.431873383664000021
0.431807832612000009
0.431772884369000021
0.431637215731000001
0.431752679367999992
0.431669528869000008
0.431508775753999985
0.431584036831999973
0.431621667614999982
0.431568215038000025
0.431532829063000001
0.431635578018999988
0.431931523215000002
0.431766419088000009
0.431749200850000014
0.431831775307999988
0.431881168508000013
0.431930258366999997
0.431848595896999976
0.431734495986000000
0.431720419146000012
0.431505038206000002
0.431568731503000014
0.431486340929999990
0.431679502784000024
0.431569318174999994
0.431686352143999974
0.431772116950000007
0.431812810371000000
0.431767495544999991
0.431673662588999973
0.431776262083000018
0.431763621092000005
0.431776440890000002
0.431846464145999975
0.431655223819999989
0.431785052765999988
0.431857364181000014
0.431750216661999975
0.431899700481000015
0.431819538667999991
0.432025455993999996
0.431931754448000027
0.431816093028999981
0.431858266428000015
0.431769349430000005
0.431707075479000002
0.431721159239999985
0.431634700327999998
0.431523858664999982
0.431604266750999999
0.431639863971000015
0.431661070403000002
0.431726410504999991
0.431701241976999994
0.431837992343999999
0.431855803963999973
0.431775921243000016
0.432034369255999973
0.431783678349999978
0.431754277577000023
0.431852201925000012
0.431842074854000002
0.431934500454000003
0.431659758803000004
0.431871964813999976
0.431715028604000017
0.431726978699000008
0.431733942666999992
0.432029100652000009
0.431899729258999998
0.431949643862999999
0.431621793671000009
0.431568052187000006
0.431725721246000005
0.431755763813999993
0.431662802984000005
0.431887840156999991
0.431759681991999988
0.431552751223000020
0.431528708094999991
0.431643558039000008
0.431741497374000027
0.431583063378999987
0.431618399283999976
0.431716986947000003
0.431834914627000022
0.431659971467000025
0.431782993717999997
0.431694000163000025
0.431702078456000005
0.431929063507999977
0.431675150351999992
0.431677164306999983
0.431810659646000017
0.431805178354999986
0.431794163045000012
0.431792511423999992
0.431657706166000021
0.431537467918000017
0.431549359056999982
0.431633047830999983
0.431943602864999998
0.431880613254000012
0.431747393952000014
0.431670234521000007
0.431596501272999977
0.431647558694999989
0.431728627701999990
0.431781856828999999
0.431595502944999987
0.431590000359000026
0.431459176178999981
0.431406397597999980
0.431481204211000002
0.431499614342999993
0.431721251503000003
0.431785863631000022
0.431836312732999994
0.431803476560999988
0.431676377665999977
0.431968235851000026
0.431704825610999987
0.431726464708000024
0.431508907225999994
0.431634004083000011
0.431669320522000022
0.431846825438999993
0.431774942649000015
0.431618218466000014
0.431744033076000011
0.431704633283000017
0.431921379714999998
0.431995930512000026
0.431826364633000004
0.431655562280000016
0.431606033328999994
0.431625480098999981
0.431486460720000020
0.431562642848000000
0.431770044778999995
0.431390786447000019
0.431484125534000007
0.431757463680999987
0.431774856260999984
0.431788814543999977
0.431712396607000004
0.431693225397999980
0.431798563823000026
0.431973913538000021
0.431787212292999989
0.431704744186000022
0.431813164257000004
0.431683663278000007
0.431659910400000013
0.431646808895000011
0.431858048345000023
0.431742838271000018
0.431808438487999990
0.431620008797000021
0.431601055449999993
0.431699831531000000
0.431685962267999990
0.431596744939999999
0.431695685988000011
0.431794256024000012
0.431676051614000023
0.431835661988999975
0.431752345694999984
0.431818866678000013
0.431751079387000025
0.431810422827999973
0.431565623168000012
0.431615383329000013
0.431705557552000019
0.431673025305999991
0.431899984673999981
0.431757523733000026
0.431816223998999993
0.431821375660999984
0.431737603427999994
0.431693951317999980
0.431568006168000007
0.431664198298000013
0.431528280641000017
0.431371043479999994
0.431535559025999993
0.431787295889999978
0.431758166200999993
0.431835053819000003
0.431734914186000018
0.431776109146000009
0.431731517677000021
0.431623899633000019
0.431646321300000024
0.431774691664999988
0.431762422531999979
0.431957422859000018
0.431760832491999980
0.431625576028000002
0.431717997178000024
0.431698677656000007
0.431471129095999995
0.431704765968000004
0.431652132706000002
0.431750806041000024
0.431703235673000008
0.431662046733999993
0.431737335878999984
0.431596961971000004
0.431770741484999998
0.431890047956000001
0.431893831248999993
0.431784653267999974
0.431799240590000022
0.431753508612000014
0.431891731205999996
0.431902296846000011
0.431870432809000004
0.431826074966999984
0.431750963872999993
0.431677772299999984
0.431790156076000020
0.431822511545999987
0.431969372555999986
0.432036697015000026
0.431932632042999975
0.431831142908000010
0.431906666065999978
0.431752283040000018
0.431608118536000007
0.431713217333999977
0.431579910163000013
0.431510954863000007
0.431707690698000024
0.431726908839000001
0.431656918747999996
0.431660185693999998
0.431836842659999998
0.431960611419999974
0.431743870201000024
0.431643027530999979
0.431675079879999979
0.431805035680000004
0.431641774136000023
0.431627105140000022
0.431595797321999985
0.431750323587999973
0.432032003695999978
0.431992168013999978
0.431857374221000012
0.431921520595999975
0.431930155576999986
0.432296298392000011
0.431945216670999999
0.431630754969999975
0.431761309663000026
0.431654080675999974
0.431738932432999989
0.431752440131999982
0.431778810579000027
0.431927111061999991
0.431769805605000001
0.431743388226000002
0.431841868497000014
0.431699442200999983
0.431582769563999991
0.431364531167999998
0.431592893343999973
0.431750248030999983
0.431877387165999993
0.431997377691999973
0.431735063028000021
0.431816263141000023
0.431769750783999984
0.431523517864999984
0.431640374004999994
0.431584051515000011
0.431616429811000013
0.431802945248999981
0.431733709048000014
0.432003334841000008
0.431943454479000011
0.431989140240000014
0.431974342823999991
0.431864658467000007
0.431765833488999995
0.431646385337000005
0.431815628705999988
0.431906261432000005
0.431922923630999989
0.431858734826000012
0.431850035650000019
0.432015989037000003
0.431751653140000025
0.431594757842999999
0.431646602263000001
0.431689881328000014
0.431573254454000022
0.431486652252000003
0.431497914659000004
0.431514070407000017
0.431686818061000011
0.431924131799000022
0.431788040506999982
0.431897829103999986
0.431874532890999974
0.431728857543999978
0.431807958059999997
0.431803108752000009
0.431869592324000018
0.431600711314999996
0.431857814587000011
0.432005580122000021
0.431746476223999975
0.431799429602999996
0.431842922201999990
0.431779994617000007
0.431781476055999980
0.431720930306000006
0.431742453836999995
0.431631108639000005
0.431685796896000007
0.431717830364999999
0.431763011992999990
0.431921635580999996
0.431842878335999991
0.431920606280999986
0.431686361196999990
0.431965437462000001
0.431913814043999977
0.431819631062999976
0.431762809834999983
0.431770701959000025
0.431567286662999983
0.431683129383000019
0.431563009936999975
0.431652490313000015
0.431580638668000005
0.431599814570999996
0.431640290920999981
0.431726741111999990
0.431800194445999985
0.431642184794000017
0.431638319358000011
0.431663382157000008
0.431503290107000004
0.431670939122999975
0.431715249651999977
0.431946940855999995
0.431830066121999978
0.431768720709999998
0.431845136533999974
0.431983873257999973
0.431816235345000021
0.431757716181999984
0.431670556694000007
0.431737314387000026
0.431796786504999974
0.431732865650000019
0.431738746803999984
0.431699061406000006
0.431706390970000020
0.431608675308000012
0.431770800575999980
0.431859191442000023
0.431786850699000024
0.431850185032000011
0.431903601442999996
0.431670151338999997
0.431716910911999985
0.431788751217999978
0.431630698684999980
0.431774056843999998
0.431701863186000012
0.431900320542999983
0.431582996592999979
0.431643250061000017
0.431783567979000027
0.431870585272999985
0.431791486024000026
0.431838743743999998
0.431806494370000016
0.431804201845000013
0.431663199019999999
0.431692662102000024
0.431913540972000021
0.432018600716000012
0.431930469779999993
0.431900131118000019
0.431658622807000014
0.431615531537999975
0.431639057666000026
0.431726261027000013
0.431838384831000011
0.431796848983000026
0.431692592619000004
0.431731640194000010
0.431775384072000001
0.432012727782999983
0.432091254681000014
0.432155518540000005
0.431972358315000027
0.431985175509000008
0.431863373386999982
0.431787866372999984
0.431756988510999973
0.431819322866999977
0.431776516236999974
0.431709604547000025
0.431788455703000007
0.431950131535000004
0.431960288372000012
0.431782724800000017
0.431701286038000009
0.431639515821999997
0.431560730316000007
0.431716859650999984
0.431805260728999996
0.431831064170999979
0.431899601267000000
0.431705898086999995
0.431730207139999989
0.431861518143999978
0.431898466234000022
0.431488369857000009
0.431666655703000002
0.431797258396000028
0.431885154273000005
0.431855228654000001
0.431723737815000008
0.431503163929999989
0.431783323029000021
0.431809253311999985
0.431841740285999975
0.431843915926000022
0.431720674294000017
0.431655253141999984
0.431615157625000023
0.431616220587999977
0.431739335183999984
0.431612661564000022
0.431893640093000020
0.431816974510000007
0.431649129911999996
0.431807489626000018
0.431963255634000010
0.431702614315999988
0.431787456384000012
0.431781243722999974
0.431992476643000001
0.431938266108000013
0.431989399843999977
0.431965746194000022
0.431966843150999980
0.432011031094000020
0.431818908823999981
0.431821606322999985
0.432099206966999994
0.432049974873999987
0.431962225960000001
0.431859440852000009
0.431880772713999994
0.431712163598999998
0.431585745638999985
0.431740579156999982
0.431770279013000025
0.431871750153999978
0.431753671697999997
0.431802390373999978
0.431651222496999998
0.431821212135999999
0.431741717565000016
0.431612704078999987
0.431741555316999981
0.431699565976999988
0.431699221600999994
0.431684832989000011
0.431792168841000024
0.431887059186999989
0.431721234898999995
0.431710460332000001
0.431684716683000014
0.431705964594999991
0.431694247634999972
0.431939761039000003
0.431903872492999996
0.431956824404000017
0.431708306729000013
0.431605612688999996
0.431813726604000025
0.431842975139999974
0.431838798838000026
0.431739963828999984
0.431746960996000018
0.431878083395000001
0.431922002322000009
0.431926156356999991
0.431695348849999994
0.431715292051000010
0.431844046526000003
0.431717356356000004
0.431837227298999982
0.431788512522999990
0.431855772776999991
0.431752405748000001
0.431703314730999987
0.431731566276999990
0.431834970511999983
0.431553825639999999
0.431642055159000004
0.431704847860999996
0.431843194268999975
0.431781165133000022
0.432111121644999985
0.431860840919000011
0.431834853455000001
0.431908032988000012
0.431778856978000003
0.431879663966000027
0.432062305689999981
0.431985883716999974
0.431822939700999997
0.431671042085000012
0.431780778162000001
0.431812310264000021
0.431868867223999975
0.431836833862000002
0.431823758514999989
0.431555402300000002
0.431628962178999986
0.431753643929999986
0.431908451209000011
0.431693943668999991
0.431743700630999983
0.431744186618999992
0.431802778517999974
0.431629034678999990
0.431692149000000025
0.431758934804999994
0.431895101850000018
0.431665335812999984
0.431645971633999981
0.431714695317000019
0.431652913305999975
0.431701080259000003
0.431831226003999979
0.431787494572999975
0.431796570774000021
0.431790351913000026
0.431633724494000004
0.431450560860999976
0.431659968935000027
0.431495332067000026
0.431525466146999992
0.431508796465999989
0.431775314932999976
0.431962953375000014
0.432010638868000008
0.432010100466000024
0.431869212911999978
0.431628617842999995
0.431602967471999999
0.431787345639999987
0.431849415869999975
0.431847877473000019
0.431879215270999983
0.431804228858999994
0.431574068761000018
0.431525780001000003
0.431611740547000022
0.431679830973999978
0.431668408988999996
0.431714679159000025
0.431713710832999975
0.431862221346999975
0.431746482215999983
0.431902846514000016
0.431565048514000016
0.431499420399000022
0.431488640580000027
0.431620337889999983
0.431410258513000022
0.431537920793999996
0.431639244038000025
0.431655371783000008
0.431644503126999979
0.431590015935000015
0.431561322367000011
0.431649940637000018
0.431629926619000015
0.431643275187999997
0.431824919127999973
0.431901876612000024
0.431934926288000010
0.431951164263999987
0.432064911032000010
0.431802343869000016
0.431815324722000016
0.431837953002999986
0.431948183092999982
0.431917338069999990
0.431919935247000009
0.431935976609000016
0.431901662841000011
0.432018029671999981
0.431961780660999994
0.431638115411999979
0.431821166972000015
0.431876634450000019
0.431720699430000021
0.431690836936000022
0.431817091007999976
0.431882359323000009
0.432096048404000010
0.431820157722999975
0.431770361780000000
0.431811196934999975
0.431668042854999989
0.431657536552999987
0.431845868083000017
0.431772877225000018
0.431841254421999998
0.431689947635999993
0.431498248773000026
0.431794389893000008
0.431654561097000011
0.431555282546999985
0.431679284228000004
0.431740429842000006
0.431897384318000011
0.431834041820999992
0.431861265556999996
0.431958588744999983
0.431719949178999973
0.431595289188999975
0.431841854096000011
0.432006615365999991
0.432033812078000012
0.432028344818000010
0.431911983797999999
0.431938295284000018
0.431977700134999976
0.431831348835000017
0.431771480644999983
0.431748069477999985
0.431536613477000008
0.431798308773000017
0.431858725010999978
0.431578484536999984
0.431723418552000027
0.431819119708999999
0.431699613282999994
0.431711768099000026
0.431584416550999994
0.431586037969000025
0.431577538410999995
0.431780270480000006
0.431807695872999997
0.431849914757000020
0.432009977327000028
0.431969697320000012
0.431931365228000019
0.431847384288999991
0.431837577221000024
0.431762754824000006
0.431792394292999981
0.431692484052999981
0.431770206844000026
0.431669185579000025
0.431544508787999992
0.431571706040000003
0.431613338379999989
0.431759978854000026
0.431739120187000003
0.431692252911999974
0.431539024514000003
0.431623955925000025
0.431808839067000017
0.431602968771000017
0.431845695839999988
0.431780467760999986
0.431856431358000004
0.431822323123000007
0.431949245987000019
0.431884136355000003
0.431803604459999990
0.431806076955999985
0.431543872195999989
0.431511510564000000
0.431770879675999975
0.431986743045999988
0.431859119326999996
0.431634677292999980
0.431699913064999996
0.431583081323999973
0.431793197028999987
0.431462648803999982
0.431592355111000026
0.431673018610000014
0.431850430040000011
0.431801469677999983
0.431659926729999976
0.431608639266000016
0.431553816540000024
0.431652770716999978
0.431371889078000004
0.431482866189000003
0.431531581488000027
0.431698193321000012
0.431786885326000014
0.431824416740999972
0.431840869891999990
0.431581162572000021
0.431582647727999980
0.431611690405000026
0.431638642545000006
0.431500919234000024
0.431593809737999989
0.431564658087000008
0.431570925177000020
0.431558470124999982
0.431603303303000008
0.431553984290000026
0.431733261583999994
0.431643643031999980
0.431572680955000010
0.431504899903000005
0.431730705237000023
0.431557933748999978
0.431630878165999987
0.431523369842999993
0.431698882944999973
0.431680256707999976
0.431748367668000010
0.431901392479999979
0.431825231177999980
0.431750326452000011
0.431536182255000011
0.431427879213000021
0.431457918521999995
0.431704028690000019
0.431672347816000002
0.431623865358000014
0.431506271085000004
0.431747068193000016
0.431798719012999987
0.431892127234999978
0.431759602065000025
0.431693728238000007
0.431662879532999977
0.431629782703000009
0.431674442591000018
0.431691626275000018
0.431398672977999997
0.431676910359999999
0.431518829222000022
0.431678204836999979
0.431777985919000018
0.431564423854999990
0.431550162856999986
0.431785864673000008
0.431687171458999985
0.431780238278999973
0.431833444768000008
0.431924331910999992
0.431949865599000005
0.431811119234000007
0.431910143768999999
0.431839364296999983
0.431819965128000027
0.431837532256000023
0.431653606429000025
0.431826403214000010
0.431597858587000005
0.431645323307999984
0.431633878959000017
0.431594140898000023
0.431673715642000022
0.431721824573000013
0.431640946061000008
0.431783556078999986
0.431703660539000000
0.431775276120999973
0.431814977985999993
0.431871408125000023
0.431786341231999993
0.431789174707999990
0.431812213734000028
0.431814199846000002
0.431732506482000011
0.431716621483999974
0.431701038764000011
0.431773709148999985
0.431603145651999975
0.431792356669999988
0.431708279146000018
0.431703298141000003
0.431662056695999996
0.431913076604000024
0.431980466765000015
0.432011755797000019
0.431833152926999975
0.431733503055000023
0.431895457729000010
0.431804197860000016
0.431768305731999980
0.431766362720000019
0.431806552555999978
0.431714442217999983
0.431849703854999989
0.431742385032999998
0.431750734846000017
0.431852636294999981
0.431619396127999988
0.431685541426999997
0.431781786973000015
0.431746404171000020
0.431639352237999985
0.431648018974000014
0.431845102207999987
0.431804169570999985
0.431721920980999985
0.431910968720999988
0.431783543355999999
0.431772521294999989
0.431668578432999994
0.431962989279999987
0.431908655192000002
0.431893273999000016
0.431748959736000026
0.431753063258000003
0.431835721314999976
0.431705265346999989
0.431751433543999974
0.431705819215999986
0.431755697511000014
0.431787612337000026
0.431678266636000008
0.431588144682999997
0.431588524997000011
0.431839060522999973
0.431806337192000012
0.431704166255999999
0.431760536182999977
0.431938752297999995
0.431810556725999994
0.431718550478000007
0.431806383236000013
0.431767737493999992
0.431770618890000013
0.431718822102000022
0.431847242956999999
0.431872358028999981
0.431886487870000002
0.431602127486000020
0.431743480537000013
0.431817477138000005
0.431815032862000014
0.431851276220000024
0.431680049973000024
0.431621244723000008
0.431579421811000008
0.431765712098999999
0.431731934054000011
0.431766485247000009
0.431779485452000011
0.431769978579999991
0.431850670933000003
0.431494773752000016
0.431595699940000022
0.431806523976999979
0.431868939027999998
0.431776888209000009
0.431733320704000001
0.431811648499000000
0.431815659148000019
0.431743159767000007
0.431609469788000022
0.431695565664000025
0.431743898549000027
0.431806019739000013
0.431684013566999980
0.431563422239000016
0.431533944569000016
0.431631129592000007
0.431817173584000014
0.431818422666999990
0.431788278562000027
0.431774758794999991
0.431970071773000008
0.431775636507999994
0.431704038431000026
0.431713666780000005
0.431737726491999985
0.431586360567999983
0.431569111732999999
0.431655853821000024
0.431560268028999994
0.431841881860999977
0.431738528166999980
0.431625938300999989
0.431676232952000027
0.431792403780999978
0.431549493697999997
0.431790237663000009
0.431821037239999983
0.431755028245000005
0.431833399459999989
0.431903674783000013
0.431839642033999993
0.431929575592000015
0.431865658087999982
0.431813892229000018
0.431939131329000026
0.431877576807999985
0.431974827112000026
0.431915593849000023
0.431448222212999999
0.431528741843999974
0.431674271280000021
0.431719160345999997
0.431809914091999980
0.431840634672000012
0.431903698072000020
0.431904064322999992
0.431777645794000020
0.431781144712999998
0.431910380121000026
0.432092682925000027
0.431824401023000015
0.431692965761000025
0.431637931616000003
0.431457399743000014
0.431494839317999979
0.431410753809000014
0.431573899144999995
0.432089693690999976
0.431956833388999983
0.431700515494999992
0.431868374850999992
0.431960343956000026
0.431865811617999973
0.432021276082000028
0.432033529442999997
0.431873596061000009
0.431823851892999988
0.431977774586000007
0.431795623861999989
0.431861343735000014
0.431978913570000012
0.431650215113000002
0.431670492337000000
0.431742026090000008
0.431952572914000021
0.431877505722999988
0.431579158006999974
0.431850495276000002
0.431848883485999979
0.431564949536999976
0.431599656471999993
0.431839574451000019
0.431780488741999979
0.431517347027000009
0.431796567580999990
0.431620076000999997
0.431792500591999973
0.431779608501999979
0.431773775282000005
0.431660303156000014
0.431692260985000020
0.431699244392000026
0.431820914722999993
0.431717571382000009
0.431777401665999983
0.431706167588000012
0.431773904243999973
0.431756283159999976
0.431712602318999994
0.431809635793000024
0.431726448774999993
0.431706904715000006
0.431526935364999975
0.431570161278000020
0.431590522383999975
0.431591147349000004
0.431793188210000012
0.431770910625000004
0.431848190497000017
0.431710456753000016
0.431678548752000013
0.431648911344999997
0.431732455407999982
0.431690429177999990
0.431756278182000020
0.431739910994999976
0.431735799606000004
0.431789239252000023
0.431707984275999990
0.431642041282999989
0.431580044996000001
0.431838105310999976
0.431835727692999993
0.431712953111999975
0.431792561540000008
0.431675844142999976
0.431928965062000014
0.431675619331000016
0.431631320757999981
0.431430046793999988
0.431734015252999981
0.431916171053999987
0.431931528238999995
0.431643452465000022
0.431852115721000018
0.432035696766999988
0.431924532814000006
0.431987615411999981
0.431695065042999981
0.431570042338000004
0.431597015974999998
0.431687378085000018
0.431594414609999977
0.431489150353999984
0.431699355775000015
0.431669504240999979
0.431552496422999976
0.431677583641999985
0.431767405923999981
0.431929117063000023
0.431833407567999983
0.431864515875999999
0.431877189534999983
0.431773145763000021
0.431628053803000011
0.431722515691000008
0.431606982665000027
0.431720224960999988
0.431956625165999974
0.431791932822999991
0.431845809721000007
0.431890744278999983
0.431773133535999998
0.431932363749000015
0.431847239501000013
0.431808743100000003
0.431874830066000026
0.431801722988000014
0.431670075779000018
0.431583137238000014
0.431681718205999987
0.431601456589000010
0.431761826440999974
0.431788855816999995
0.431591617029999985
0.431426041453999987
0.431690028088000000
0.431797197691000001
0.431692392255999979
0.431757960616000025
0.431953632781000019
0.431787447230999988
0.431726179272999999
0.431784708279000007
0.431779440884999977
0.431609954186999989
0.431689185109999984
0.431541236632000003
0.431644199559000019
0.431676183405000025
0.431788097689000006
0.431784572631000008
0.431909666314999996
0.431727108545999994
0.431643425061000008
0.431728797845999990
0.431718184560999974
0.431748753727000001
0.431679461977000023
0.431633506354999974
0.431745091194999986
0.431853366839999975
0.431590086342000023
0.431851511249000009
0.431904683861999983
0.431869274357000010
0.431958518319000007
0.431911051546999991
0.431760150108000007
0.431867175998999986
0.431705437665000025
0.431725242002999998
0.431742738224000000
0.431560249630000003
0.431544223928000015
0.431749682395000001
0.431821541753000027
0.431567212021999991
0.431608420774000023
0.431854981678000016
0.431731486853000002
0.431901622722999978
0.431718802394999990
0.431796729787999989
0.431785872771000001
0.431682020177000025
0.431797924660999977
0.431714569280999994
0.431601145535000008
0.431609301549000013
0.431782508984999980
0.431757903860999992
0.431757567715000012
0.431645057045000002
0.431783251992999995
0.431907443690999981
0.431878081234000011
0.431927405827000011
0.431951555087999983
0.431984604177000020
0.431874716288000005
0.431797456530000012
0.431751605844999997
0.431774529033000010
0.431804974264999974
0.431747714589999998
0.431929716382999984
0.431936175104000009
0.431671197314999977
0.431679347619999987
0.431576712899000015
0.431758092952000017
0.431626519277999998
0.431836719596000007
0.431862957845999984
0.431759226817000019
0.431573534912000012
0.431949988851999978
0.431614147602999987
0.431747878425999987
0.431709062172000002
0.431880284858000008
0.431901316809000013
0.431717361740000027
0.431911975057999997
0.431886957256000015
0.431840472172999978
0.431819751535999996
0.431780079541000006
0.431839692674000020
0.431607221413000008
0.431794317925000004
0.431978938430000015
0.431956854203000007
0.432055335250999983
0.431996862973999973
0.431852734992999976
0.431861277777999986
0.431742485938999998
0.431973407601000003
0.431778469777000018
0.431667243970000003
0.431851669235000013
0.431932948749999990
0.431750940989000020
0.431682368576999986
0.431529395465000021
0.431719002766000004
0.431588686358000018
0.431620082317999976
0.431694506940000000
0.431790336463000024
0.431988137943999984
0.431788973510000007
0.431687467007000003
0.431769639929000026
0.431836407227999985
0.431940189207000003
0.431914691025000019
0.431926825836999984
0.431550362224000006
0.431856800608000024
0.431637972086000021
0.431787527471999999
0.431708159423000004
0.431892833641000007
0.431896785256000004
0.431786276824000004
0.431884527181000011
0.431660641346000018
0.431733796170000017
0.431694186869000018
0.431795038302999978
0.431564113472000022
0.431562638559000011
0.431692815128999985
0.431630516435999978
0.431625472402999977
0.431659655949000021
0.431701780262999990
0.431843258349000003
0.431859782799999981
0.431799634604999982
0.431515573524999974
0.431698432750000027
0.431687879070000002
0.431830769344999976
0.431727948809999984
0.431822983762999990
0.431626153256000011
0.431685317100000021
0.431881417820999980
0.431742007993999977
0.431794392819999984
0.431753237028000003
0.431607319413000012
0.431662059576000012
0.431578688436999980
0.431566038195999979
0.431513799430000011
0.431667427985000018
0.431799499477000026
0.431944937457000022
0.431896852190999991
0.431757023640999993
0.431702465313999972
0.431763915318999991
0.431697229949999983
0.431692967897999991
0.431666230124999994
0.431772477523000020
0.431834569087999998
0.431792980137000015
0.431648051563999990
0.431615590346000000
0.431660611227000002
0.431764150577000017
0.431579624714999999
0.431572804744999983
0.431604237930000023
0.431613542643999981
0.431556035930000026
0.431429206306000013
0.431596468589000026
0.431610679835000011
0.431633764372999995
0.431569900183999988
0.431529387953999977
0.431572227556999977
0.431594394516000013
0.431632704149999991
0.431695984114999987
0.431569492386000009
0.431791969863999980
0.431719015691000019
0.431810570760000012
0.431892060246999998
0.431829041123000024
0.431633114385999994
0.431734606080000027
0.431839191986999993
0.431838037467000002
0.431950671105000017
0.431531533754999974
0.431869933849000021
0.431760629467999979
0.431785373091000013
0.431937424073999987
0.431834190850999999
0.431639055260000015
0.431612236842000008
0.431618645976000026
0.431670470357999991
0.431731669754999992
0.431728594941999999
0.431785105082000020
0.431858856284000003
0.431780361772999999
0.431776226767000004
0.431809676586999980
0.431612521377999991
0.431806124510000000
0.431940946267000025
0.431841932860000000
0.431675119484000003
0.431708798255000026
0.431836002531999996
0.431823524442999984
0.431651410088000009
0.431609680132000018
0.431908425847000010
0.432028415363999996
0.432001357854000012
0.431800352860999992
0.431669698996999973
0.431880667152999997
0.431812489168000024
0.431771033512000024
0.431699920532000014
0.431838647075000026
0.431833666625999979
0.431995414560999991
0.431924708415000025
0.431893705440999975
0.431928646513000003
0.432128776223000000
0.431911591566000008
0.431758086714999989
0.431728085839000020
0.431873415764000013
0.432033146947999991
0.432070530537000008
0.431833964106000001
0.431687690386000023
0.431493343776000016
0.431635939806000013
0.431558519786000017
0.431461506509999981
0.431464192620000020
0.431484978128000018
0.431557264970000021
0.431688539081000022
0.431708113931999982
0.431710697237999985
0.431846270591000003
0.431950465057999999
0.432021638970000010
0.431977571205000022
0.431812723743999982
0.431867216306999979
0.431728331794999975
0.431772578748000013
0.431650108982999992
0.431698361867000002
0.431768284514999989
0.431720901022999981
0.431535531972999986
0.431726099744000003
0.431856012158000013
0.431755441224000003
0.431774062726999974
0.431821121427999999
0.431718048598000004
0.431876423527999986
0.431750632103000020
0.431583051680999974
0.431645769499000020
0.431793131679000020
0.431802861721000020
0.431904821878999978
0.431914553437000026
0.432081370615999993
0.432065303504999998
0.431832860350000014
0.431840518268999995
0.431970314932999977
0.431881873310999975
0.431983706493999975
0.431882012899000023
0.431889510799999987
0.431870428678000018
0.431862617112000025
0.431789730912999992
0.431657927384999973
0.431577377192999989
0.431596506019000015
0.431900580475999996
0.431719748346000021
0.431702726623000022
0.431750814719000009
0.431758361752999975
0.431652010488999982
0.431685569805000002
0.431799392607999988
0.431609343819000013
0.431751298610999978
0.431704719406000026
0.431643320652000007
0.431772498685999984
0.431875048235999981
0.431727310739000003
0.431476164499999981
0.431606011775999998
0.431582464401000010
0.431631945146999985
0.431645532524000008
0.431590591934999990
0.431681882695000019
0.431939515132000018
0.432001905753999993
0.431840187157000011
0.431744235914000019
0.432074091818999972
0.431948917865000004
0.431833656826999979
0.431967894909999983
0.431931563999999990
0.431828342137999976
0.432048368339999989
0.432021825352999989
0.431811740594000015
0.431844017545000014
0.431747193064999979
0.431688150699000017
0.431811989871999979
0.431708847519999994
0.431666681872000024
0.431743534210000002
0.431783064110000003
0.431863665348000025
0.431831352795000012
0.431680288309999993
0.431661192081000011
0.431436429901999985
0.431746783572000026
0.431752965385000020
0.431790101287000017
0.431682792706999996
0.431751239856000002
0.431839026647000024
0.431714746566999985
0.431812444846999988
0.431797925008000016
0.431809754433000015
0.431673152022999995
0.431611932059999981
0.431568883934000003
0.431618416828000007
0.431664996557000025
0.431825505278999988
0.431828207213000026
0.431805008666000023
0.431858817324999977
0.431944275491000007
0.432023947118999996
0.431758176727000009
0.431849993064999993
0.431788835905000001
0.431816750179999986
0.431898122566000020
0.431862633411000008
0.431909594273999997
0.431845009986000006
0.431829317381000000
0.431750004279999988
0.431872210112999977
0.431905671458999996
0.431749109296000022
0.431734494394000023
0.431767066410000011
0.431762157212000008
0.431767532984000002
0.431890407388999975
0.431864841379999975
0.431817995710000013
0.431697518860999996
0.431644498458000014
0.431864080014000007
0.431976812119999998
0.431970204857999973
0.431930583172000004
0.431807741241000020
0.431780095824000010
0.431770276535999975
0.431884036538999982
0.431878438744999982
0.431842388116000009
0.431907686221999987
0.432065836074000009
0.431807886731000012
0.431574349816000014
0.431695486635999992
0.431537920623999982
0.431595576480999998
0.431610636112000012
0.431589360043000025
0.431642730430999988
0.431707368636999989
0.431756835050000010
0.431769571429000021
0.431566585406999992
0.431655623656000020
0.431604669065000002
0.431792520748000008
0.431775992833999978
0.431815562691000021
0.431816703558000003
0.431757848534000011
0.431614716497000006
0.431724833812999975
0.431806042225999998
0.431617377756999987
0.431759297707999978
0.431782793850999991
0.431901508200000006
0.432004314612000007
0.431653449537000022
0.431603565189999983
0.431714593860999973
0.431548234977000011
0.431769056222000014
0.431848703456999994
0.431646549007000002
0.431661615602000004
0.431437123428999980
0.431631385267000012
0.431749742800999980
0.431621231381999981
0.431676734723000000
0.431902355512000014
0.431746883977999985
0.431702739747999997
0.431672978591000012
0.431493712603000013
0.431496691074000016
0.431675169891000021
0.431660772149999983
0.431685202514999977
0.431580748954000004
0.431588574795000013
0.431765725090999974
0.431754630304999998
0.431722785213000004
0.431622390460000005
0.431617165816999993
0.431656764239000013
0.431715616252000001
0.431802539368000005
0.431726023502999989
0.431656971226999975
0.431809936308999998
0.431844249266999991
0.431902111387000021
0.431983575078999982
0.431788258841000028
0.431878283387000017
0.431943118660999992
0.431971520295000022
0.431629871632999984
0.431571682431000025
0.431498356886000023
0.431708618812000011
0.431592341494999976
0.431462045801000005
0.431428917364999998
0.431689941306000025
0.431655128368999996
0.431700949082000018
0.431797117213000015
0.431755963387999986
0.431683993797999987
0.431705364917000012
0.431809390013999983
0.432063704225000011
0.431920736759999979
0.431993085602999982
0.432036946859000015
0.432009895485000017
0.431986806087000019
0.431835537770000000
0.431703193551000008
0.431605734352999981
0.431675265382999995
0.431764080040999976
0.431678577241999983
0.431653495123999975
0.431792823677999982
0.431947617451000021
0.431713098419999997
0.431724865647000022
0.431774460184000008
0.431837091728999978
0.431547898825999976
0.431767762168999980
0.431772187126999996
0.431868320309000020
0.431726485644999991
0.431614471567999980
0.431797730298999982
0.431588473280999974
0.431755778187000006
0.431841502022999979
0.431944194148000005
0.431490404027000007
0.431582397033999976
0.431709130125000007
0.431847486055999985
0.431713464463999996
0.431757125736000003
0.431650540271000027
0.431748308837999972
0.431923344559999978
0.431889389018000003
0.431773598684999982
0.431875539781999995
0.431986041649000008
0.431661894812999991
0.431631211575999985
0.431800081298000016
0.431786730564000021
0.431840881878999994
0.431892501722999977
0.431872775410999998
0.431977932474999993
0.431865714959000002
0.431802151021000002
0.431799525302999976
0.431839956879000009
0.431852127192000002
0.431759239738000011
0.431606855404000012
0.431625759930999997
0.431680342717000010
0.431699624042999996
0.431608354118000026
0.431608169689999988
0.431800820458000001
0.431903515726999976
0.431691071540000026
0.431610144648000016
0.431751586106999985
0.431856013905000002
0.431638681585999995
0.431796273085000015
0.431895177005999997
0.431848960745999988
0.431943222214000000
0.431793348139999977
0.431740766664000020
0.431856676301999975
0.431751728356999986
0.431718202988000010
0.431904507077999988
0.431857783722000010
0.431846674890000004
0.431845821946000019
0.431791738990000007
0.431797291995999977
0.431822298262000026
0.431915754277999997
0.431867406228000017
0.431844211904999997
0.431765330097000022
0.431746522432999991
0.431804561511999974
0.431696665791000023
0.431951410920999979
0.431724375740999977
0.431924143583000020
0.431588407296999987
0.431625269596000005
0.431524105049000017
0.431618385903999979
0.431821228760999987
0.431818812355000026
0.431866067638000006
0.431684114459000012
0.431803773890999998
0.431819520843999993
0.431849317868999993
0.431619099201999978
0.431596384197000027
0.431447350958999998
0.431544604745999982
0.431936600620999978
0.431857466533999979
0.432128499740999983
0.431785709497999992
0.431734513287999999
0.431861293169999994
0.431835078910999981
0.431644855353999990
0.431674431059999975
0.431752981556999982
0.431734050433000005
0.431691092315000025
0.431586768996000014
0.431458101754999990
0.431566497466999988
0.431705726464000017
0.431698262168999980
0.431799704672999995
0.431802264795999979
0.431646059161000017
0.431682094484000023
0.431821135204999984
0.431739248294999989
0.431852001859000023
0.431699584844999984
0.431859412316999980
0.431844266568000013
0.431828373629999984
0.431784678663000021
0.431700956984000017
0.431747991559999988
0.431735357130999975
0.431669946495999990
0.431791056579000021
0.431866489334000014
0.431762782289999980
0.431866603497000012
0.431803001307999978
0.431740212161000003
0.431570903830000019
0.431713550605999974
0.431626479622999992
0.431753474761000011
0.431797119885000025
0.431662697737000001
0.431587696289999989
0.431700340211000011
0.431793299710000023
0.431704052118999981
0.431751863007000025
0.431906289207000027
0.431772396890999999
0.431671890684000026
0.431588733830000015
0.431703129424000021
0.431822762774000002
0.431729368486000020
0.431741815658000017
0.431575486652000018
0.431554233635999984
0.431808124745999999
0.431768925643000012
0.431754912438999994
0.431771402623000011
0.431676999467000000
0.431746070978999974
0.431749027344000003
0.431802120951000012
0.431728560518000015
0.431818555363000012
0.431937971126000020
0.431776727954999995
0.431553249703999997
0.431797502915999998
0.431784967292999977
0.431777747479999974
0.431768973845999993
0.431787414156000027
0.431656052319999983
0.431620056390999984
0.431578053783999993
0.431615651014999990
0.431672825543999994
0.431638184734000008
0.431653908954000021
0.431703558860000003
0.431762905287999987
0.431674867705000020
0.431545459902999973
0.431617599179000000
0.431789791197000006
0.431892483875999988
0.431784676543999990
0.431846761967999981
0.431720337276999988
0.431480504260000008
0.431540245937000022
0.431787052911000002
0.431749965035999994
0.431787030856999987
0.431898743141000019
0.431638074566999985
0.431749114034999992
0.431777466840000013
0.431832849204999980
0.431845530543000011
0.431903588906000002
0.431778760401999973
0.431771981214000011
0.431670433402999987
0.431681731181999984
0.431732634331999987
0.431771920377000018
0.431693175388000006
0.431611299399000004
0.431725338376000023
0.431741103645000013
0.431657299594999988
0.431623415231000007
0.431608305463999975
0.431653117275999976
0.431578405732000014
0.431726360387000019
0.431837948683000017
0.431869091099999991
0.431890541814999973
0.431840941144000012
0.431807402497999981
0.431791087434000020
0.431866195226000005
0.431666619520000017
0.431687006915999982
0.431684046975999991
0.431787005888999986
0.431771557723999999
0.431827818911000028
0.431852781141000008
0.431762462866000007
0.431852491805000016
0.431861520035999980
0.431800511722999991
0.431852027322999987
0.431801887868000001
0.431899651072999990
0.431897905957999984
0.431812664359000009
0.431922864264999984
0.431816159385999987
0.431818227770000007
0.431828299251000025
0.432008285245000012
0.432133955771999978
0.431727815741999976
0.431966741744999994
0.431980795523000005
0.431715926365000002
0.431760211180999998
0.431758834631000010
0.431673295697000026
0.431542348086999983
0.431823680641999996
0.431838925643000027
0.431735100047999976
0.431677831828000014
0.431562513900000000
0.431557351004000000
0.431587620366999991
0.431686726020000022
0.431789739075999990
0.431891776715000009
0.431849492587999984
0.431692851596999994
0.431693955971000021
0.431746793457999989
0.431775294078000027
0.431631443705999984
0.431684363173999996
0.431618866109999999
0.431563035809000017
0.431667966856000007
0.431588445925000008
0.431560352024000005
0.431594917329999994
0.431740568682000003
0.431683515708999987
0.431681787801000028
0.431715373705999994
0.431760066710999979
0.431752318582000028
0.431820101655999988
0.431764486022000016
0.431923876832999987
0.431917319884999984
0.431908510287999980
0.431711364049000013
0.431683810655000000
0.431789387661999979
0.431897053791999996
0.431861139190999999
0.431793127847000024
0.431709238971999976
0.431733125950000018
0.431910114123000011
0.431820416516999983
0.431769964070999990
0.431662938172000021
0.431905645469000010
0.431677808948999986
0.431831721795999990
0.431665054985000018
0.431646413103000004
0.431642321838999976
0.431518962795000016
0.431600944553000021
0.431834716878000013
0.431889403971000008
0.431855556226000026
0.432010485424000001
0.431761443851999993
0.432008058656000005
0.431890250508000006
0.431848891025999992
0.431690804122000005
0.431875443279999993
0.431816616840000000
0.431571398938000006
0.431606441830999998
0.431758783674000002
0.431857565782000019
0.431960059605999980
0.431950148734000006
0.431859093289000018
0.431903138412000009
0.431961001012000023
0.432072009545000024
0.432173576396000014
0.432157979575000017
0.431914612719999980
0.431657605434000002
0.431619218385999981
0.431784261336000008
0.431845786481000027
0.431770858741999997
0.431687656282000010
0.431654836363000005
0.431460317550000028
0.431480555047000003
0.431538085434000018
0.431658502604999994
0.431737894381999998
0.431788681743000002
0.431734840469000014
0.431768427261000010
0.431878529670000011
0.431716642943999973
0.431762546231000022
0.431746913682000022
0.431849081783000022
0.431755821410999996
0.431861138501999975
0.431774657700999986
0.431757808568000001
0.431714898635999988
0.431732764436999983
0.431878349772000014
0.431932553340000025
0.431932590474999989
0.431815157775000014
0.431960534783999983
0.431945895545000014
