0.441081559394999989
0.441199650587000003
0.441259131447999997
0.441207522156999987
0.441045502428999980
0.441421949199000019
0.441314338598999989
0.441380313404000024
0.441031061775999988
0.440995048660000000
0.441083991138000009
0.441228037568999976
0.441274789747000018
0.441283352746999979
0.441276019899000005
0.441017939016999982
0.441187336245000006
0.441140518184999997
0.441116501888000001
0.441201661794999977
0.441238899168000021
0.441167986263000023
0.441270639061999981
0.441241692208000025
0.441117848136000024
0.441080413895000023
0.441238805542999990
0.441186260754000026
0.441258108746000022
0.440986373616999994
0.440946408170000026
0.441002369226000002
0.440998617777999979
0.440912596127999989
0.440960773864999989
0.441000704605000016
0.441383179588999974
0.441244893919999992
0.441278138100999973
0.441415034421999974
0.441347274600000006
0.441386940474999989
0.441300206440000009
0.441293616665999977
0.440956947431999979
0.441053307552999985
0.441131105460999984
0.441272486583999979
0.441063718754000023
0.441174859450999990
0.441058487901999974
0.441164438175999984
0.441237713897999984
0.441211321933999978
0.441198879380999998
0.441153658145000016
0.441040766862000000
0.440999283929000008
0.441010006173000013
0.441206006887000013
0.441302368936000000
0.441190937384999982
0.441259449006999982
0.441360439315000019
0.441164285834000025
0.441170817639000012
0.441070164194000025
0.441252321936999981
0.441404008482000010
0.441453451915000017
0.441156324747999984
0.441347125050000011
0.441196414144999993
0.441004330426000013
0.441074147437999997
0.440896128710000001
0.441216999208999983
0.441150413322999979
0.441008085208999978
0.441123701528000012
0.441173336138000027
0.441036162750999994
0.441058255062000026
0.440880004577999973
0.440954177316000007
0.441025292577999994
0.441035786222000015
0.441227765060999977
0.441246200172000003
0.441285789885999979
0.441180776562999977
0.441032721153999996
0.440940682651000004
0.441044288170000021
0.441138563426999974
0.441227662715000024
0.441289658400000007
0.441270439228000022
0.441187217690000022
0.441236857144000016
0.441295539507999990
0.441098258252999975
0.441137038205999976
0.441063014325000002
0.441021762599999978
0.441090565674999990
0.441076809550999982
0.441079172146999987
0.441085175418000019
0.440978282271999977
0.441047958221000014
0.441099203853999977
0.441127796588999976
0.441142588732000018
0.441129411954999995
0.441257721398999991
0.441026592898999981
0.441071849509000025
0.441146924646000027
0.441036736744999991
0.440923641834000013
0.441108510946999988
0.441104222147000014
0.441131138260999978
0.441118699434000006
0.441143215669999977
0.441187698535999984
0.440938600382000001
0.441282937588000024
0.441251338913000002
0.441299571235999999
0.441177296514000006
0.441190678890999999
0.441175556191000018
0.440969591089000024
0.440968094202000005
0.440950506484000027
0.441117362921999989
0.441102696191999988
0.441012405315000022
0.441336892659000002
0.441067557325000026
0.441132454921999984
0.441080077387000002
0.440967213706999983
0.441096848629000005
0.441209163740000021
0.441110894957999988
0.441052004990000024
0.441129921591000007
0.441236442642000015
0.441057345662999978
0.441080976153999993
0.441171580936000007
0.441267000056000003
0.441330368265999973
0.441232953729999988
0.441002474703000025
0.441122949702000000
0.441158424852000020
0.441269404839999990
0.441036293473999974
0.441037320926999987
0.441140708326999975
0.441391357596000011
0.441192871340999992
0.441191355316000011
0.441026340120000027
0.441039004121000000
0.441202255292000023
0.441170933546999988
0.440835062175000014
0.441090927151000012
0.441217778421000018
0.441326518936999979
0.441414930751000023
0.441331280845000007
0.441481387546000026
0.441497547346999974
0.441373325312000020
0.441368214882999987
0.441363250076000024
0.441132278383999987
0.440993836553999985
0.441067485385999991
0.441083183262000023
0.441278949383999974
0.441252344484000025
0.441153804603000022
0.441223207620000002
0.440980980919000010
0.441101835361999983
0.441289228119999988
0.441225607678000009
0.441082122327000004
0.440906411838000001
0.441014231004000001
0.440969651937999974
0.441193163376000008
0.441252574484999993
0.441127541499999998
0.441064615443000019
0.440991976639000027
0.441087706216999997
0.441081624564000019
0.441171385457000020
0.441311158119999991
0.441181744731000025
0.441373076664999975
0.441423039289999986
0.441390679688999976
0.441262688610999987
0.441100667848999983
0.441052237436000028
0.441041820370999982
0.440988270628000001
0.440927092339999993
0.441049677033000020
0.441372103249999981
0.441295337477999983
0.441276077862000016
0.441174124775999987
0.441217519462999974
0.441210841194000003
0.441164315558000009
0.441133055162999999
0.441226707983999988
0.441262209756000001
0.441270133414000010
0.441179319038999984
0.441294432015000015
0.441231191219000007
0.441157879726999991
0.441375907845000026
0.441275069760000027
0.441144824867999996
0.440985036574000011
0.441013768598999989
0.441178495268999993
0.441262234453000002
0.441186947481999991
0.441004486167999976
0.441225862744999975
0.441371728879000003
0.441338513759999995
0.441359185912000018
0.441330010664000016
0.441211601268999998
0.441102999120999983
0.441075649035999995
0.441180641190999978
0.441210898527999995
0.441094382381000016
0.441277382825999986
0.441238497948999997
0.441277291164999974
0.441430645761999974
0.441368863035999981
0.441286940593999977
0.441182132471000021
0.441217686734000025
0.441256821279999989
0.441156404700000004
0.441071050450999980
0.441183116702000000
0.441125342786999997
0.440893340066999984
0.441237441963999999
0.441213910978000001
0.441086391992000004
0.440992920813000011
0.440975356343000002
0.441064800465999995
0.441109667536999983
0.441068197905000015
0.441367876850999985
0.441265548492000004
0.441167531487999975
0.441121273498999988
0.441020276862000016
0.441125853899999976
0.441175059184999996
0.441223835765999994
0.441235525076000001
0.441164158520999994
0.441066115300999984
0.441096648930999979
0.441183481593000026
0.441361047946999985
0.441231609829999982
0.441174743483000009
0.441165123981999974
0.441111827918000021
0.441367327570000023
0.441297992046999987
0.441203559414000024
0.441261087905999994
0.441093775864999982
0.441325380584000004
0.441265593733000006
0.441217766052000027
0.441132689505000009
0.441190608016999997
0.441053518126000021
0.441114951247000009
0.441319693472000008
0.441303648499999979
0.441422907611000004
0.441110436561999997
0.441124805565999978
0.441124874878999984
0.441039726106000007
0.441192614993999976
0.441407332127999985
0.441153383168999991
0.441245770864999998
0.441265412992999984
0.441219596757999988
0.441250039648000025
0.441149500026999986
0.441089500174999982
0.441147955099000011
0.441102911518999996
0.441279626867999986
0.441401373405999997
0.441277275872999974
0.441136866018999985
0.441275491628000005
0.441383685886999999
0.441389645205000014
0.441481948786000000
0.441453023037999992
0.441309627194000020
0.441359300196000004
0.441291551665000004
0.441240268652000001
0.441454265743999985
0.441391924430000027
0.441321386784000014
0.441478648367999993
0.441203433513000010
0.441104679544999989
0.441198030083999992
0.441181095324999994
0.441234547834999991
0.440973019094999974
0.440937416028999996
0.440945067764999976
0.440974735236999982
0.441008604947000005
0.441145425466999974
0.441357370811000016
0.441226770001000024
0.441282957182999980
0.441264877687999990
0.441184448580999977
0.441247943856000024
0.441289759664000025
0.441368489385999985
0.441133919636000016
0.441142496107000015
0.440874020945000000
0.440953015193000009
0.441175743504999995
0.441232193735000000
0.441351862390999994
0.441271832772999972
0.441146805796999997
0.441285163826000026
0.441118304700000019
0.441115091266000015
0.441113469910000000
0.441142267154999990
0.441119428990000007
0.440878129825999998
0.441148397068000020
0.441090336472000022
0.441429854575000002
0.441292331686000017
0.441225404636999996
0.441386641294999993
0.441150458754999975
0.441295669777999999
0.441560479584000021
0.441325445844999997
0.441272796633000008
0.441297219482000014
0.441128324437000008
0.441147042501000008
0.441342241101000010
0.441436517902999981
0.441433007671000022
0.441174940610000010
0.441182292872999982
0.441125573504999979
0.441066543726000015
0.441065048038999985
0.441206397314999998
0.441302656515000002
0.441102893566000021
0.441078924656000015
0.441142813597000027
0.441189268605999996
0.441243648213999973
0.441181053333999984
0.441289970975000001
0.441187755492000011
0.441161677839999988
0.441059498198999977
0.441127590268000025
0.441167265503999984
0.441112642835000013
0.441138360391000017
0.441230690869999997
0.441271632543000003
0.441317482002999972
0.441201288166999994
0.441129266698999989
0.441168030332000027
0.441191844135999989
0.441193906876999997
0.441174190896999996
0.441036263659999983
0.441062851746999995
0.440892977279000009
0.441116965284999996
0.441061680477000007
0.441015437587000014
0.441166624155000020
0.441260259195000004
0.441295037863000006
0.441252406155999977
0.441331140281000012
0.441449901588000015
0.441329863599000005
0.441084835331000014
0.441124496747999972
0.441266372725000022
0.441384396441000026
0.441228987826999985
0.441098928381999988
0.441207616808000025
0.441262496354000000
0.441285162783999985
0.441042791479999974
0.441205226052000021
0.441224357836999981
0.441071141750999984
0.440961835959999993
0.441262214190000002
0.441318325994000005
0.441451780826999984
0.441381059123999997
0.441315216229999974
0.441256118112999973
0.441224750007000011
0.441366720963999981
0.441363318511000025
0.441232575417999984
0.441157771144999988
0.441134375000000023
0.441135740825000011
0.441359116198000001
0.441237462844999984
0.441148508785000004
0.441157032142000027
0.441301557933999999
0.441154765383000025
0.441161400950000004
0.441246377485000008
0.441305478144999985
0.441297684123000022
0.441402357184999983
0.441379184305000005
0.441290746545999979
0.441239613039999978
0.441096301005000024
0.441278060919000015
0.440913663495999975
0.440781830338000002
0.441041648386999996
0.441102834005000000
0.441191962577999974
0.441210700554000024
0.441035890804999997
0.440978702185999993
0.441288306131000008
0.441197951771999997
0.441266156066999982
0.441039522944999984
0.441257391491000017
0.441249252287999993
0.441465565166999974
0.441338407433999991
0.440980117371999991
0.441141035916999991
0.441084058861999972
0.441263362393999992
0.441238746141999982
0.441063213966999990
0.441312709646000001
0.441272942790000011
0.441121464638000005
0.441202918690000001
0.441292223225999980
0.441164490058999992
0.441437684341999981
0.441388399822999988
0.441189840433000025
0.441082123030999973
0.441200636679999980
0.441170997427999978
0.441123231994999976
0.441108738233000008
0.440947728024000007
0.441238053987000001
0.441027517465999996
0.441083744539999989
0.441257438110999989
0.441038030425000005
0.441185351444000007
0.441163622900999974
0.441123650619999974
0.441157159663999987
0.441277588356000006
0.441137176994000013
0.441153721860000014
0.441197270591999979
0.441235433994999982
0.441185384121999979
0.441031540396999988
0.441218726233999992
0.441152815458000003
0.441149651779000007
0.441369197112999989
0.441171866287000003
0.441161106864999986
0.441154468769999974
0.441185903752000008
0.441189132711999998
0.441178260646000020
0.441278865209999982
0.441305894312000013
0.441217966869999978
0.441332183184000026
0.441096200932000027
0.440871880566000018
0.440910495379999989
0.441127113304999985
0.441024448948000025
0.441128503514000014
0.441044964925999983
0.441121276748000002
0.441170799333999997
0.440969363321999985
0.441132586785000003
0.441245993075999987
0.441159350678999973
0.441086530272000010
0.441176046915000009
0.440985593008999976
0.441040050514000026
0.441087367171999978
0.440967818321999994
0.441192171460000004
0.441086181680000022
0.441064585045000013
0.441210853416000026
0.441247080196000008
0.441461827259999995
0.441359097999000027
0.441242905191999990
0.441224694442999998
0.441209886865999990
0.441228152247999994
0.440938577335000026
0.440929822789999981
0.441151549852000002
0.441055412530000024
0.441050078846000004
0.441099482328999981
0.441366866141000014
0.441331433014000019
0.441240343099999988
0.441244176323000004
0.441253041788000011
0.441155983723000023
0.441317875384000025
0.441291981057000016
0.441103032765000014
0.441249678598999995
0.441092485041000015
0.441093296633000009
0.441062075311000001
0.441097386204999997
0.441003803156999996
0.441015006618000027
0.441164061476000013
0.441297460658000018
0.441250104508999985
0.441468006143000025
0.441151648783000006
0.441278072595999993
0.441312580831999979
0.441242939245000021
0.441110232789000023
0.441022047616999979
0.441161822764000011
0.441034904715000009
0.440908088357000016
0.440994732341999984
0.440886511855999974
0.440912587191000016
0.441058159926000004
0.440972038805000022
0.440944701175999987
0.441055312162000002
0.441024534897999976
0.440905152256000021
0.441042600555999975
0.441050411508999984
0.441394550858000001
0.441457802223999995
0.441304663204000025
0.441175684848999994
0.441184438153000014
0.441123420453999993
0.441125705656000011
0.441198706305999999
0.441133287855000000
0.441142166926000001
0.441301485552999972
0.440964208505000010
0.440899790911000011
0.440904463412000014
0.440750823050000018
0.440786640881000003
0.441004834020000014
0.440882168096999982
0.441115794108000003
0.441155924277000011
0.441087801710999983
0.441036438909000017
0.441051959396999982
0.440969280168000022
0.441073612580999974
0.441261113385000014
0.441128691371000026
0.441250238068999989
0.441430923217000004
0.441324544353999981
0.441248380953999986
0.441228689065999991
0.441267710859000017
0.441205986815999984
0.441314274070000012
0.441171395628999985
0.441097372649000008
0.441201279007000013
0.441098654706000015
0.441070804129000016
0.441071159408000013
0.441003874856999989
0.441121280936999982
0.441247622045000010
0.441063315936999989
0.441213613035999985
0.441254792883000013
0.441212449233999993
0.441148060361000016
0.441158806166999984
0.441300174676000023
0.441195116795000009
0.441156919882000009
0.441256946779999992
0.441265837252000026
0.441286626820000027
0.441250315807000026
0.441357460174000016
0.441267728947000004
0.441286904699999982
0.441231387189999991
0.441072916252999991
0.441166813112000011
0.441075127635999986
0.441084115976000002
0.441045081005999984
0.440909561313000020
0.440946882817000008
0.441042609187000001
0.441027883589000025
0.441030266253999992
0.440993161179000004
0.441152540089999989
0.441188519590999972
0.441248194541999983
0.441042343471000020
0.441179163754999992
0.441362086910999984
0.441289967336999989
0.441494274095000028
0.441534420328999977
0.441489820741999994
0.441332157113999979
0.441146975607999980
0.441154199576999972
0.440965205694999973
0.441082599447000012
0.441250401535999981
0.441080033746000022
0.441018258752999992
0.440939759280000010
0.441138209238000012
0.441069046962000000
0.441053347312000021
0.440998974021000023
0.441026362052999998
0.441241646187999992
0.441115512210999983
0.441285456675999999
0.441443119920000016
0.441240440344999985
0.441229770194999982
0.441050732893999986
0.441096273187999988
0.441212927761999996
0.441217879335000007
0.441263252052000010
0.441213857789000019
0.441188824910999977
0.441163687078000022
0.441148057114000014
0.441206970841000023
0.441208200461000011
0.441309801514999989
0.441101315810000005
0.441104786244999991
0.441097453091999991
0.441032679787999982
0.441014888632999980
0.441215241328999974
0.441072842746000005
0.441229940069000015
0.441013284286999985
0.441229003720000013
0.441020779498000004
0.441071306983999989
0.440937759581999988
0.441339027070999979
0.441187931204999995
0.441207148622000001
0.441334221804999982
0.441347956235000005
0.441176404721999982
0.441124515551000018
0.441069990593999983
0.441244163169999981
0.440940416467999974
0.441157195650000000
0.441241950275000017
0.440968379721000003
0.441052353698999977
0.441047994489000006
0.440974461313999977
0.441023929968999973
0.441202875932000027
0.441041051129999973
0.441204756448999980
0.441335160200999999
0.441270564889000017
0.441362467142000003
0.441132902195999987
0.441101393564000022
0.441176923461000015
0.441163778399000006
0.441121287013999996
0.441074720330999981
0.441013525193000022
0.441075931678000022
0.441253138854000027
0.441266359082999993
0.441379069126000001
0.441111745198999983
0.441177404875999990
0.440996299455999996
0.441109832234999999
0.441113541228000006
0.441135442318000004
0.441224581323999998
0.441306983440000022
0.441463940175999991
0.441467587235999992
0.441320816047000020
0.441355656423999987
0.441188793407999991
0.440947363588999997
0.441298575191000020
0.441222693218999984
0.441251383667999986
0.441338193910999987
0.441344302472000016
0.441087063985000027
0.441202877802999993
0.440964633765999980
0.441094042349000015
0.441136432252999977
0.441127177338999976
0.441110450398000009
0.441059500516999992
0.441083651636999974
0.441346596420999993
0.441338918364999999
0.441162703559999980
0.441206099347999980
0.440973917629999990
0.441001848437999999
0.441021961522999995
0.441137984646000014
0.441195241121000004
0.441008785085999999
0.441093485371000016
0.441120052488999992
0.441155139269999996
0.441109456886000006
0.441335471122999978
0.441124752175000023
0.441300681618999990
0.441237900814999973
0.441170356689999987
0.441092205705000018
0.441202539569000018
0.441240738640000019
0.441278759251000019
0.441189693027000007
0.441307286204000004
0.441201768278999984
0.441118903803000006
0.441130568926999977
0.441278242531999987
0.441202642809999990
0.441177963067000023
0.441088952649999977
0.441004903441000018
0.441040621532000021
0.441061405113999994
0.441196760728999993
0.441251641337000011
0.441141015221000021
0.441044883913000008
0.441156544458000011
0.441311199579999980
0.441200773609000008
0.441002731679999982
0.441095793598999975
0.441130070729000012
0.441063113717000022
0.440981156107000005
0.440938644368000010
0.441081683682999992
0.441079096963999995
0.441221316568000010
0.441247663264999979
0.441269359937000005
0.441107104794000004
0.441073830664000022
0.441049211210000014
0.441286928894999986
0.441384772252000013
0.441167524807999978
0.441016273966999994
0.441111399231999990
0.441217559543999993
0.441220179097000009
0.441310899106999999
0.441085180518999975
0.441295005899999981
0.441263357949000012
0.441296049856000017
0.441279654447000014
0.441174861932999984
0.441283642463999981
0.441326606135999999
0.441231782836999986
0.441106619413000001
0.441428435462999980
0.441410895061999986
0.441377043588999984
0.441519167887000019
0.441463156716999983
0.441468836573999990
0.441240921949999976
0.441331225983000008
0.441125133070999986
0.441017388740999994
0.441125207548999976
0.441050331341000024
0.441232096208000024
0.441338833784999995
0.441327657430000020
0.441300723931000005
0.441319114341000018
0.441353478841000013
0.441050434669000013
0.441184996114000028
0.441208551702999996
0.441170471085000016
0.441318611290999974
0.441207120318000023
0.441153061188999995
0.441022188689999983
0.441019698369999991
0.441052281047999983
0.441160808118999992
0.441135449299999982
0.441202153513999995
0.441225838553000016
0.441170166957999987
0.441220285100999976
0.441348832533999980
0.441354562005999984
0.441075977437000000
0.441280264972000014
0.441206423748000010
0.441114076776999986
0.441281449154000027
0.441289752451999973
0.441289480241000009
0.441354120216999990
0.441342824698000014
0.441194018610000016
0.441046496615999983
0.441064444075000006
0.440929404415999981
0.441005036788999993
0.441330907646000026
0.441292011782000004
0.441219238776999978
0.441177579119999996
0.441124079409999981
0.441015876834000009
0.441141704497000020
0.441038173601000005
0.441103080952999993
0.441035660418000020
0.440952919978999991
0.441133019512000013
0.441185628577000000
0.441154958762999982
0.441216625608000013
0.441150236038000021
0.441098603285999979
0.441131938680000002
0.441137154400999987
0.441193043396000018
0.441264571400000027
0.441080920403999988
0.441049393314999982
0.441035417614999981
0.441169322260999974
0.441174089993000007
0.441327005852999998
0.441173334026000008
0.441060152375000014
0.441143131676999978
0.441204940790000000
0.441101922521999978
0.441083771838000016
0.441215065720999999
0.441256748038000024
0.441268186720999989
0.441349147915000017
0.441353300309999974
0.441272215600999995
0.441172461924000003
0.441194119140000007
0.441172500718000016
0.441269588757000009
0.441131602748999985
0.441155962848999994
0.441355653497000011
0.441519865281000012
0.441343048055999998
0.441220834083000002
0.441236390633999997
0.440890873460999977
0.441185173746000026
0.441348008387000001
0.441350587261000016
0.441146394725999980
0.441067578881000011
0.441191364084999982
0.441290636469000019
0.441194533454999982
0.441196974256000018
0.441334396628000003
0.441177478075000018
0.441326383509999975
0.441585159597000010
0.441372521143999996
0.441329436947999976
0.441292902982000024
0.441135237431000027
0.441152130545000021
0.441176425072000000
0.441222097054999984
0.441219422357999991
0.441186528025000024
0.441000330990000022
0.441167448746000002
0.441022394049999988
0.441192954319000019
0.441272862137000010
0.441177003081999974
0.441113694371000009
0.441098171413999984
0.441192678845000019
0.441245318077000015
0.441316361082000008
0.441298887284000019
0.441300772213999992
0.441263823657999987
0.441289818920999999
0.441317453272000004
0.441256926007000005
0.441259249607000026
0.441444231636999973
0.441364621384000011
0.441310187668999987
0.441462704619999979
0.441321660823999984
0.441275744951000026
0.441273473292999985
0.441351091428999975
0.441006603617000004
0.441151638866000007
0.441097080801999997
0.441173505528999976
0.441219861794000023
0.441028752319999995
0.441052511175999973
0.441012475593999975
0.441077410108000001
0.441129186836999976
0.441044736945000015
0.441144011175999995
0.441251337084999973
0.441273607105999999
0.441282011480999992
0.441297703004999986
0.441103231709999988
0.441183285162000005
0.441249579775000011
0.441292120514000019
0.441275665425999997
0.441171215976000008
0.441021278216000012
0.441140020111999986
0.441105121383999987
0.441002768054000016
0.441110378377000012
0.441015515344000020
0.441033193559000003
0.441023725817000001
0.440795161097000010
0.441057476125999992
0.441162889582999984
0.441194427748999973
0.441225872224999982
0.441250146677000021
0.441232776740999977
0.441125736973000004
0.441145236587000000
0.441042345595999974
0.441126011756000025
0.441161267397000012
0.441241270417000009
0.441302144447999978
0.441430921041999991
0.441412184925000006
0.441458036070999982
0.441404330283000024
0.441284256543999998
0.441220259961000005
0.441266480432999986
0.441238542959999980
0.441099211958999982
0.440960517446000011
0.441080003908000007
0.441267342683999975
0.440955023032000015
0.441271537375000023
0.441165719540000001
0.441016520379999999
0.441170566184000024
0.441021837658999993
0.440895827625000014
0.441154906618999976
0.441269446865000026
0.441126192056999988
0.441198167121000018
0.441152928519999987
0.441174337016999984
0.441222457554000025
0.441187089533999988
0.441286896441999976
0.441223599543000000
0.441149021596999980
0.441113710885000010
0.441317672451999987
0.441055850450000009
0.441297050768000021
0.441361215300999976
0.441469488216999995
0.441482728521000012
0.441187951206000017
0.441181509994999999
0.441319460263999985
0.441057460035999993
0.441082253927000012
0.441011976867999977
0.441245795827000020
0.441166456230000004
0.441073339890000027
0.441133977713000003
0.440967027035000014
0.440985540765999995
0.441035424321999991
0.441240984858999985
0.441453568901999993
0.441473257861999979
0.441245030925999981
0.441065554232000001
0.441020612591000005
0.441188672803999982
0.441314067673000021
0.441159006570000012
0.441271461151000022
0.441340716264999988
0.441409706836000004
0.441220008069000025
0.441262945123000017
0.441406214628999982
0.441202093625000014
0.441292025932999987
0.441177199666999975
0.441079608259999978
0.440966980783000007
0.441191636451999991
0.441066811351000010
0.441269661601999985
0.441462898877999999
0.441277907159999983
0.441360377116999991
0.441302762846999985
0.441197826575999985
0.441400233909999995
0.441197641771000015
0.441230537824999991
0.441248039975999984
0.441174394181999996
0.441114349098999992
0.441145715225000012
0.441014361532000021
0.441075626248000008
0.441130439774999994
0.441196516410000017
0.441157943200999991
0.441104028676999993
0.441043517897000026
0.441025436759000022
0.440948701476000016
0.440983306590000013
0.441059562981999997
0.441042098255999993
0.440977278836000020
0.441113772070000021
0.441125803107999981
0.441247416926000002
0.441322045459000001
0.441440477589000013
0.441289125218999989
0.441263634186999987
0.441188175203999999
0.441033610520000008
0.441039561628999988
0.440987608959999999
0.441040729374999996
0.441058583679000027
0.441090682216999985
0.440841241167000020
0.440967506610999982
0.441163237250000007
0.441008145851000011
0.441302680715999984
0.441219876800000022
0.441293544643000024
0.441435163703000011
0.441303489375000024
0.441355061820999983
0.441408397334999980
0.441170418427000000
0.441325697723999988
0.441078505682000022
0.441069563175000012
0.441084922784000022
0.441322645959999982
0.441143096055999995
0.441101142401999990
0.440959933184000008
0.441072767729999982
0.440979041926999993
0.441135634087000017
0.441196687716000013
0.441281181630999997
0.441120819489000004
0.441120266977999997
0.441224204231999984
0.441298344999999981
0.441217667964000027
0.441076363194999987
0.441020613654000027
0.440989965114999993
0.441197338915999993
0.441212266969999989
0.441206036405000002
0.441243349913999994
0.441267172790999973
0.441091334963999993
0.441037837144000022
0.441112310326999990
0.441127664571000000
0.441208688936000015
0.441398976107999996
0.441330959419000024
0.441435786333000013
0.441551269562000026
0.441292609564999994
0.441233753078999980
0.441337600396000007
0.441175936983999983
0.441097622974000014
0.441025619375000011
0.441144454577000023
0.441094444749000003
0.441277921299000009
0.441174461023000009
0.441234871483999980
0.441245574177999977
0.441095289466999996
0.441149565050000025
0.441163146800999995
0.441356520776999994
0.441066076365999982
0.441076474092000015
0.441015374582000019
0.441203841488000015
0.441320256096999985
0.441325704840999977
0.440953221323000022
0.441059190509999977
0.441187861911999990
0.440931837699999996
0.440881470015999977
0.441003672986999995
0.441086906970000026
0.441176101922000019
0.441453953306999991
0.441376547599000024
0.441093621802999991
0.441000366909999997
0.440973800661000004
0.441223566334999984
0.441414836972999991
0.441239548626000011
0.441188807282999973
0.441251247803999991
0.441193084078999986
0.441242796395000025
0.441175001115999998
0.440895105846000002
0.440958918995999982
0.441066401504999983
0.441151412834000001
0.441214156161999993
0.441266911729999989
0.441375571126999988
0.441197877534000027
0.441132535707000006
0.441292959400999996
0.441224163394000002
0.441445998160999997
0.441351123065999995
0.441322163431000003
0.441252972597000026
0.440964366230999993
0.441073696582000019
0.440958699645000007
0.441202421171999981
0.441181658450999992
0.441491665646999987
0.441227985436000003
0.441063581666000015
0.441165372040999981
0.441248163703000018
0.441281195603999976
0.441278481918999987
0.441326149162000025
0.441321550501000026
0.441265289263000016
0.441083561316000017
0.440969605817000010
0.441236847041000024
0.441172696874000014
0.441298310071999988
0.441357611975999986
0.441226144744999993
0.441263290736999991
0.441179574194000002
0.441259427423000006
0.441211019722999975
0.441122407657999982
0.441001724594999978
0.441071450982999991
0.441183759033000000
0.441205343523000004
0.441193012295000020
0.441208849667000025
0.441096413159000000
0.441090986018999986
0.441215209343000014
0.441241750353000006
0.441258528298999975
0.441217851587999976
0.441282908487000025
0.441108048698999999
0.441223832051999998
0.441235347300000025
0.441117127168000001
0.441013124937000012
0.441035063383000026
0.440943865117999989
0.441001824787999985
0.441033856926999979
0.440983743385000015
0.441086105720000010
0.441384488224999982
0.441313469158999994
0.441238880060000005
0.441120304331000024
0.440916619058000003
0.441095611900999995
0.441197522866999980
0.441069407124000001
0.441061235461000012
0.441119541226999978
0.441358077141999983
0.441251290540000007
0.441245315620000023
0.441129307535000015
0.441228322216999980
0.441210345369000001
0.441218049248999988
0.441200978226000018
0.441209535102000006
0.441281144015000015
0.441149273141999976
0.441068764017999992
0.441310890442999981
0.441235976392000018
0.441153465992999982
0.441039260350000017
0.441154066855000027
0.441183710361999992
0.441312131925000017
0.441301672126000022
0.441117062421999995
0.441033988325999993
0.441187326601000018
0.441213519368999996
0.441239055998000007
0.440992280474999998
0.441300941921999978
0.441370847454999993
0.441274723282000014
0.441220841028999999
0.441235646914000024
0.441197222241999976
0.441180566017999987
0.441116513177000014
0.440888617036999997
0.441012435762999977
0.440975681981999990
0.440917505496999984
0.440927125004999976
0.441049450933999998
0.441014148313999987
0.440981641092999976
0.441069009941999990
0.441139242844000024
0.441358800689000019
0.441434330425000021
0.441443402982999999
0.441407383641999995
0.441245239748000007
0.441169761722999987
0.441360728249000023
0.441300970040000018
0.441171305517000012
0.441164046250999975
0.441048202122000021
0.441066364029999991
0.440962395060999990
0.441213201260000021
0.441065687518999994
0.441350898077999987
0.441235165890999981
0.441078398566000007
0.440988379265999986
0.441106803253000002
0.441052563243999995
0.441270189613000019
0.441156286642000017
0.441177919570999999
0.441087848033999974
0.440969132529999974
0.441032877145000002
0.441128084029000000
0.441201203860999980
0.441112166342000012
0.441195558809000021
0.441051941570999972
0.441298286293999975
0.441312543421999992
0.441104677617000007
0.441081318035000003
0.441174842181999982
0.440999578921000002
0.441045118964000005
0.441230444768999974
0.441244992447999973
0.441145741011000014
0.441311553693000014
0.441342926522000023
0.441364779044000011
0.441237318849000026
0.441416219541999999
0.441113910760999983
0.441212872210999973
0.441210398916000002
0.441126274539999974
0.441260903174000019
0.441195019673000011
0.441247267138999977
0.441126072199000019
0.441233239233000007
0.441299721442000026
0.441217493374000014
0.441135132516000006
0.441148316674999985
0.441049607635000007
0.441104045506999998
0.441179861130999995
0.441076878005999984
0.441265093926999974
0.441354936576000001
0.441500686857000002
0.441417381122000019
0.441244905713000013
0.441370973353999996
0.441311399263000004
0.441247726226999981
0.441262776003999990
0.441294947090000000
0.441171131398999994
0.441096804866999981
0.441048522333000015
0.441241867429000012
0.441418125168999975
0.441439013928000001
0.441582229225999989
0.441263555347000014
0.441037795693999979
0.441308596039000023
0.441301342308999978
0.440870842383000006
0.440921511654000009
0.441121035300999997
0.441012359224999984
0.441067286803000003
0.441061150038000005
0.441174986252000023
0.441232101664999987
0.440900208888000023
0.441290502869999990
0.441301172018000010
0.441359062779000000
0.441440338212000016
0.441396600299000019
0.441384759962999973
0.441466000164999983
0.441324820637000015
0.441063157960000007
0.440889278185999989
0.441076896052999989
0.441193893669000026
0.441315704171000023
0.441236978916000000
0.441115023898999981
0.441214338943999973
0.441131210617999980
0.441078305655000003
0.441066102773999991
0.441370857198999988
0.441092461463999996
0.440967548712000001
0.441100565895000019
0.441082286260000012
0.441128327506999984
0.440989704634000002
0.441124271484999997
0.441254599590000018
0.441173926642000003
0.441017092865000016
0.441019056538999976
0.441155682037000008
0.441112932070999997
0.440940442617999973
0.440946319734000003
0.440826312617999982
0.441249003736999990
0.441076113459999974
0.441133212717000012
0.441073832945000022
0.441260489799999989
0.441135136330999988
0.441390621209000023
0.441337993367000025
0.441265040112999996
0.441212160264000008
0.441109964435999979
0.441227226867000000
0.441317931341999981
0.441257651116000016
0.441051398764999991
0.441090889548999998
0.441327342795000022
0.441245817781000027
0.441233246111000010
0.441164497639000008
0.441138627369999980
0.441067413307999978
0.441061227532999978
0.441151567527000021
0.440999236545000006
0.441015363528000026
0.441128930467000024
0.441172949142999982
0.441158789514999983
0.441161977189999999
0.441115414762999980
0.440876446513000009
0.441069618222000026
0.441114628638999973
0.441091767324999995
0.441159200187999978
0.441320408419999977
0.441340847752999976
0.441365019390000002
0.441347641243000022
0.441125882176999995
0.441168757244000009
0.441125670766000011
0.441166644438000022
0.440924701177000000
0.441101334306999993
0.441279781857999986
0.441315109930999983
0.441163850108000022
0.441200521881000007
0.441196873662000000
0.441191399807000006
0.441315172215999973
0.441386524675000003
0.441541226775999995
0.441109585874999988
0.441008825528000026
0.441078943514000010
0.441215322380999975
0.441041363060000025
0.440989300337000012
0.441045816556000003
0.441097699407999977
0.441145149356999999
0.440966373886999996
0.440986922285000027
0.441041009746000023
0.441089667711999978
0.441083313718000025
0.441137785378000025
0.441177156527000014
0.440937456788999982
0.441150806675999985
0.441181647775999997
0.441312792871000004
0.441222824445999973
0.441304322417999995
0.441218971610000010
0.441162468114000006
0.441213059716000000
0.441110421284000020
0.441007009421000018
0.441141962739000026
0.441183918788999985
0.441255715132999993
0.441201803943999993
0.441052457537999987
0.441137795316999981
0.441128443727999975
0.441241309241000024
0.440996789416999990
0.440878045295999998
0.440847115389999988
0.441009034961000024
0.440903817817999977
0.441274166543000002
0.441323547360999990
0.441373501998000017
0.441312201031999973
0.441310131375000025
0.441295388198999994
0.441243256387999994
0.441238201501999994
0.441203848984000002
0.441520390398000007
0.441410325671000026
0.441123831407000011
0.441169337765999980
0.441354341202999989
0.441412319624000016
0.441268179322999998
0.441437739798999973
0.441319252133999973
0.441173574520999978
0.441182352511999998
0.441093501153999978
0.441176516013999986
0.441075144335000002
0.441382624504000010
0.441487581013999986
0.441377560012000014
0.441288392277000008
0.441325804561000012
0.441345724707999987
0.441267459164000009
0.441144736265000004
0.440986614747000016
0.440778150097999977
0.440971105354000026
0.440967494931999993
0.441170792614999974
0.441280598256000023
0.441225824343000006
0.441354676336000007
0.441197407267000019
0.440984115331999993
0.440999834084000009
0.441138623549000020
0.441083833636999989
0.440917857364999999
0.441153314056999979
0.441419466772000002
0.441199334725999981
0.441025234185999981
0.441127352876000023
0.441040900497000010
0.441231840152000010
0.441176553731000010
0.441227984999999989
0.441269580837000019
0.441130353478000004
0.441053458098000006
0.441126371010999996
0.441202155069999991
0.441286362205999982
0.441184663071999994
0.441279513710999993
0.441286612645999998
0.441279644141999994
0.441129102336999979
0.441172425751000019
0.441039882599999988
0.441139020971999973
0.441349427106999981
0.441176576573000023
0.441255442321999980
0.441167851903999986
0.441228984172000016
0.441173711911000022
0.441216515086000016
0.441214508376000014
0.441269887046000009
0.441225310641000013
0.441223633876999977
0.441031265057000021
0.441059365049000007
0.441182711853999987
0.441332128418999992
0.441243940251999978
0.441345475855000002
0.441202685001999995
0.441347381912999992
0.441364147285000008
0.441237958930999985
0.441223565102999982
0.441116059973000019
0.441226698334000023
0.441373388264000022
0.441209208906000017
0.441271011360999998
0.441240040923999988
0.441454362917000021
0.441271591402000007
0.441254906426999993
0.441207834262999976
0.441182842181999990
0.441156131826999975
0.441227131922000027
0.441185960988999981
0.441059627105000018
0.441175054193999994
0.441037017016999988
0.441026468102000024
0.441054212956999980
0.441106708003999981
0.441100407889999990
0.441201610681000000
0.441073393054000007
0.441159907058999989
0.441207227854000017
0.441157156478000023
0.441141449743999992
0.441360298268999973
0.441188510736999995
0.441066118333000023
0.441022914137999988
0.441114169717000015
0.441389787784000009
0.441399891614999984
0.441347014149000016
0.441281742247999986
0.441136097813000005
0.441335139579000002
0.441241572257999981
0.441231903721999996
0.441107084704000008
0.441174557098999998
0.441303671981999990
0.441294563483999980
0.441180925015000003
0.441046547710999992
0.441100492715000014
0.441163445874000026
0.441257631405000017
0.441172025139000001
0.441530079246999996
0.441300571136999997
0.441373887590000014
0.441191993595999976
0.441294418006999978
0.441204510311999976
0.441172644571000028
0.441368120718000023
0.441065266487999985
0.440893659120000003
0.440948873961000021
0.441000913767000013
0.441112563382000000
0.441328370194999986
0.441315823569999988
0.441051597291000019
0.441161510011999991
0.441235241953000012
0.441214858616999994
0.441131263647999983
0.441191554041000022
0.441169328096000013
0.441363399235999987
0.441401979920999998
0.441419424969999974
0.441430242590999999
0.441232625403999990
0.441214281957000021
0.441262857432000000
0.441419732341999993
0.441543516156999993
0.441390337410999978
0.441175500155999989
0.441164503066000024
0.441047817866000003
0.441232674401000002
0.441093201782000011
0.440917756240000014
0.440815168789999989
0.441051127908999974
0.441127447727999999
0.441115452645000017
0.440974290079000020
0.441063757587000005
0.441107950252000003
0.441206369722999980
0.441281356879999975
0.441269720716000013
0.441373961884000021
0.441368585427000026
0.441409343894999973
0.441262403656000002
0.441072790433000017
0.441050722667999995
0.441008513744999997
0.440938838975000025
0.441311354988000004
0.441453592615000001
0.441338001091999999
0.441228328948000015
0.441180267592999997
0.441098807014999983
0.441333037992999999
0.441342827609999988
0.441265485559000026
0.441340983402999987
0.441135345791999978
0.441334965621999975
0.441359277737999989
0.441190131672999974
0.441170854981999983
0.441260339138999980
0.441088028394000020
0.441094786748000012
0.441027267544000012
0.441103600701999998
0.440866752937000006
0.441170134019000015
0.441186585517999996
0.441193967038000012
0.441161429659000015
0.441354152514999987
0.441356469964999998
0.441318716985000026
0.441221522591000004
0.441139084637000023
0.441455509402999990
0.441376511726999987
0.441508590915999977
0.441272211395999980
0.441171396664999993
0.441379132826999976
0.441349994163000026
0.441562185434999976
0.441422599530999993
0.441280963422999994
0.441153757922999989
0.441156472321000026
0.441244146961000006
0.441138111168000002
0.441193236810000000
0.441129866242999991
0.441101804267000019
0.440983425297000020
0.441174999951000013
0.441286216755000016
0.441362831868000016
0.441288989522999997
0.441333747250000019
0.441238837665999972
0.441189998247000004
0.441210066695000014
0.441341120367000017
0.441330202188999987
0.441265486556000008
0.441139228404999972
0.441128646625000009
0.440888381288999986
0.440947107406000016
0.441188796669000016
0.441328741786000012
0.441244166506999991
0.441302692897000026
0.441530256855000025
0.441370122335999981
0.441200746345000006
0.441075787323000013
0.441423947303999975
0.441256052738000004
0.441349109216000013
0.441406136446999997
0.441440373256999974
0.441424446460000008
0.441183119407000002
0.441072206214000007
0.441143235257999977
0.441167962457999996
0.441173966902000003
0.441341224942999988
0.441345925279000018
0.441365057961000007
0.441149214111999977
0.441089514868000021
0.441153414066999983
0.441170204156999979
0.441184112663000005
0.441260767624999994
0.441467374914999988
0.441470523178999985
0.441333284355000022
0.441204945116999980
0.441139228689000018
0.441293256179000004
0.441204762078000023
0.441447316186000027
0.441118187990999999
0.441081525645000028
0.441166158944999998
0.441076343056000020
0.441162030681000017
0.441072185058999977
0.441149420101000000
0.441218307337999993
0.441049665762999976
0.441302765029000010
0.441103034354000001
0.441289954829000020
0.441237360369999998
0.441120875971000026
0.440971666094999992
0.441076468880000017
0.440937545589999980
0.440864157016000013
0.441191712914999978
0.441072077070000013
0.441165339092000008
0.441157101464999979
0.441326561514000015
0.441324366676000002
0.441255140017999981
0.441272952355000025
0.441165178857000018
0.441055834964000026
0.441024580499999985
0.441155739848999973
0.441384648248000000
0.441212410966999979
0.441102244560000023
0.441086649132999997
0.441154676465999984
0.441183815756999997
0.441286532638999973
0.441176896746000025
0.441368428260000001
0.441294251003000015
0.441306460707000026
0.441412627486000020
0.441332610638000000
0.440949633083999981
0.441203238762999994
0.441176354001000026
0.441047476115999981
0.441153278337999999
0.441210428139000022
0.441430943615999993
0.441391152678999976
0.441389964357999987
0.441243793488000025
0.441292009317000022
0.441313153027000027
0.441482226751000018
0.441245314321000004
0.441242187730000013
0.441159330314000009
0.440988346771999995
0.441150767620999973
0.441227826237999998
0.441332156234999995
0.441173618240000009
0.441079929729000009
0.441209273934000001
0.441315445450999988
0.441285844327000021
0.440994375434999974
0.440981356619000009
0.441330890994000025
0.441144375324000027
0.441143801004000025
0.441152392808000005
0.441008978529999984
0.441137988633000022
0.441289908519000018
0.441057814320000019
0.441156135186999976
0.441027259341000011
0.441190417290000025
0.441113047905000000
0.441247289769999995
0.441440021919999981
0.441301583517999974
0.441292183509000013
0.441209830365999978
0.441119130703999995
0.441098991250000017
0.441207255736999981
0.441253039460999974
0.441223729133000009
0.441256805365999982
0.441150463453000019
0.440937146200999996
0.441080404485999999
0.441068956620000008
0.440920790336000012
0.440858426726999986
0.440957548593000015
0.440916436522999999
0.441222518931999985
0.441203636128000010
0.441165126469000024
0.441120021523999983
0.440950979089999973
0.441027770031000022
0.441018566245999999
0.441234363146000008
0.441243726396999991
0.441022742912999977
0.440948064546999974
0.440909087744999983
0.440970106957999985
0.441001653114000025
0.441162902405000001
0.441019734251999973
0.441059980018000009
0.440962517940999998
0.441102281245999983
0.441170492922000002
0.441249596309000014
0.441195452732999982
0.441175318614000000
0.441099496842000005
0.441277599492999995
0.441378080328000022
0.441277632724999980
0.441178820583000009
0.441143489157000024
0.441245227720000022
0.441045274298999979
0.441004096692000025
0.441028086671000019
0.440918438437999993
0.441190042698999974
0.441178989163000024
0.441102682380999978
0.441144631321000014
0.441173587704999981
0.441323383775000022
0.441205614686999981
0.441220383421999984
0.441063965411000014
0.441162673117000026
0.441321221636999994
0.441486964598999998
0.441498722690999990
0.441272324704000019
0.441321565247000003
0.441382879783999982
0.441517246583999989
0.441358818443999990
0.441350986941999979
0.441173229729000027
0.441322735540999989
0.441305539415999981
0.441421109488000007
0.441331130121999982
0.441445994803999986
0.441300955526000016
0.441259426439000013
0.441160870320000009
0.441047258700000000
0.441024101220000020
0.440869454805000005
0.441134911570999988
0.440921261406000020
0.441068459824000003
0.441225110882999982
0.441117604203999980
0.441322667501000021
0.441110209949999998
0.441075204494999984
0.441103520493999979
0.441300038604000022
0.441073073701000018
0.441168667854999974
0.441143626504000019
0.440979007849999993
0.441031760805999984
0.440866603936000023
0.440818141002000008
0.440985550176999974
0.441245259707999993
0.441118422737000027
0.441161516683999999
