0.438410752545999982
0.438278887037000020
0.438177595639999973
0.438351227013000000
0.438455732084000016
0.438436416135000007
0.438342680591000011
0.438201167215000020
0.438218064861000012
0.438382882751000014
0.438239433319999983
0.438252243438000011
0.438338443181999993
0.438277843270000023
0.438300828049999980
0.438442871933000022
0.438397265737999975
0.438212209650999995
0.438286108803999985
0.438319143804999978
0.438414301088999980
0.438305276578999981
0.438284759665000023
0.438386833994000025
0.438355381395999999
0.438128933674000021
0.438144787239000022
0.438238706192999983
0.438323875141999997
0.438201233349999997
0.437940623921000027
0.437997903896000018
0.438004055993000019
0.438120187810000006
0.438211630598000002
0.438057283387999985
0.438271558958999996
0.438084897857999978
0.438156785885000011
0.438222993574999997
0.438287876655999997
0.438244674581000027
0.438091494927999980
0.438076132117000028
0.438105874855999999
0.438420120420000003
0.438380594231000009
0.438422144176000006
0.438446636986999982
0.438084923974000007
0.438114719962000021
0.438175066153999981
0.438167593535999988
0.438372489734999982
0.438238970298000019
0.438210423148000017
0.438277078310000012
0.438207400081000009
0.438308581511999973
0.438313851503000007
0.438409280574000026
0.438502164116999993
0.438353885343999994
0.438338440922000028
0.438198275766000012
0.438318793563999998
0.438211983144000006
0.438384635597000027
0.438274857164999976
0.438394472583999995
0.438411761718999982
0.438203659859999983
0.438295235216999979
0.438331457365999988
0.438331091792000027
0.438435382318000000
0.438252568241000007
0.438103641749999995
0.438091212161999977
0.438105275741000000
0.438204820802999995
0.438192441895000007
0.438239133735000008
0.438347649933999994
0.438335404666999995
0.438451685202000008
0.438432332272999992
0.438207001923999973
0.438065711086999987
0.438174379870000019
0.438308462974999979
0.438272212878999978
0.438181086971000000
0.438097761950999975
0.438159755729999989
0.438215347666999988
0.438432084777000020
0.438550246275000000
0.438388891978999995
0.438308618789999993
0.438448247269999980
0.438389520425999990
0.438427324143999986
0.438320868096000016
0.438391320277999985
0.438295142315999975
0.438425222176999974
0.438549586592999974
0.438381743042000005
0.438391781852000006
0.438371064418999978
0.438129895338000008
0.438113861945000016
0.437937214176000011
0.438121108812000004
0.438314468446000027
0.438416849764000027
0.438358221651000024
0.438327511323000019
0.438328003046999981
0.438576698373000007
0.438451610591999996
0.438633239919999973
0.438577718931000005
0.438500018124000024
0.438299916055999994
0.438364910491999993
0.438508933042999982
0.438244727196999972
0.438172097024999985
0.438349144718000017
0.438331864296000018
0.438411620973000016
0.438226824598999976
0.438360018597000023
0.438453850970999981
0.438608202467999975
0.438314220289000023
0.438331355106999998
0.438352979854999991
0.438288910081000016
0.438368731582000015
0.438444921927999998
0.438356402694000002
0.438336784177000005
0.438239222962000019
0.438273968452000007
0.438227122926000023
0.438372562043000014
0.438300827560999973
0.438111808742999986
0.438276453027000024
0.438000008863999979
0.437735749010999986
0.438149652065000006
0.438239689089000017
0.438280511408000006
0.438251722384999987
0.438307196140999999
0.438500528112000021
0.438521285049000009
0.438545695507000011
0.438535526983000024
0.438226497059999998
0.438434968443000006
0.438520121847999989
0.438307254427000026
0.438371512573000000
0.438486624064999997
0.438408265999999991
0.438385847592999978
0.438449519660000009
0.438478485571999976
0.438565322177000005
0.438217170012000001
0.438300802489999974
0.438401172502000003
0.438401493761000016
0.438409160234999984
0.438305174557000021
0.438235951851000005
0.438279056797000022
0.438224359906999983
0.438226230137000017
0.438291152741000001
0.438408640668000005
0.438342617549000002
0.438435517014999998
0.438331479495999987
0.438381281981999993
0.438354897781999986
0.438317250541999992
0.438185101588999981
0.438220775195000023
0.438254582828999983
0.438334257685999984
0.438073022807000001
0.438186988529000010
0.438222336588000028
0.438148248673000007
0.438064970245000018
0.438344359103999992
0.438258744196000027
0.438122396530000013
0.438326979391999993
0.438269065349000009
0.438283005951999982
0.438089506382000005
0.438148814212000026
0.438268074662000018
0.438340261173000012
0.438429608269999993
0.438370000450999997
0.438326731437999995
0.438540968854000013
0.438598373766000027
0.438577990533000006
0.438354370182999997
0.438341277282999986
0.438301983943000018
0.438225191231000011
0.438172075509000003
0.438350808292000016
0.438347118259000024
0.438484964297999991
0.438284572644999981
0.438220989439000008
0.438461054540999984
0.438327533129000024
0.438305044563000012
0.438349280318000023
0.438456660720999980
0.438324682114999975
0.438432195543999981
0.438446148814999992
0.438318729696999976
0.438403740460000024
0.438281658505000005
0.438344537754999986
0.438280159418000026
0.438329625057000016
0.438324143205999994
0.438267983129999983
0.438199065958000011
0.438413073016000021
0.438209623827000017
0.438348183032000016
0.438320195053999995
0.438275499409000013
0.438197256865999973
0.438336296357999977
0.438402055685999992
0.438532994785999997
0.438130138848000006
0.438262140763000019
0.438245709352000024
0.438261702013000021
0.438283138226999991
0.438293931249000013
0.438390082392000002
0.438332360029000001
0.438421811260000016
0.438271936134000006
0.438235131516000020
0.438306538608999985
0.438553554903000020
0.438614713830000003
0.438608255547999981
0.438404410445999981
0.438424144791000003
0.438372985047999986
0.438492519302999983
0.438435505248000013
0.438534543079000028
0.438476837620999982
0.438383082114999989
0.438308466783000006
0.438282570215000000
0.438300892313000012
0.438350228341000014
0.438201730454999994
0.438275211326000003
0.438361868052000003
0.438426433481000022
0.438182391521000025
0.438364229830999985
0.438235264228999999
0.438257774002999978
0.438300671590000024
0.438459410913999981
0.438417171602999978
0.438333861238999978
0.438293379267000016
0.438436700336000018
0.438406894970999994
0.438681349325000025
0.438580146353000022
0.438699440632999982
0.438477150109999991
0.438278818022000027
0.438355319208000027
0.438516514432999993
0.438354355716999988
0.438324006917000020
0.438454679477999987
0.438382754066000024
0.438341567451000003
0.438451650089000000
0.438246064425000026
0.438374060680999988
0.438383356118000000
0.438270900251999995
0.438590851556000028
0.438342661906999997
0.438416597853000023
0.438253534941000000
0.438366855163999980
0.438380433218999999
0.438306673716000017
0.438234042438999993
0.438384179396999973
0.438316399859999983
0.438372960694999980
0.438279432254999990
0.438417733395999987
0.438463396005000006
0.438252876043999984
0.438276787014000024
0.438294805311999991
0.438167355250000001
0.438359727523999987
0.438371091780999977
0.438328558580000027
0.438286729212999993
0.438247903012999984
0.438247563296000009
0.438249075257000020
0.438305161860000014
0.438041787058000009
0.438084090373000001
0.438152098750999974
0.438208995592999973
0.438408897583999979
0.438366057194000014
0.438536278333000018
0.438436266412000009
0.438557223606000024
0.438415394790000024
0.438228116250999999
0.438330033379999984
0.438303675988000019
0.438105281392000001
0.438359986663000023
0.438398104096999974
0.438416793033999996
0.438453847022000021
0.438499201707000019
0.438401028237000001
0.438351331720999993
0.438322250242000000
0.438249648454999974
0.438161601936999989
0.438075669712000015
0.438335750502999999
0.438262542385999987
0.438413480705000025
0.438470494260000010
0.438292992330999998
0.438354129950000004
0.438403664954999994
0.438463534854000025
0.438380437452999983
0.438325580190999986
0.438487207950000013
0.438523444481999980
0.438229215966999985
0.438275446678999980
0.438176475005000010
0.438351862646999990
0.438336270691999985
0.438364658755000025
0.438518862497000006
0.438412001185999989
0.438221860036999977
0.438132436805000025
0.438192762118000012
0.438230721847000015
0.438397605829000003
0.438647989667000027
0.438446474079000004
0.438241750586000012
0.438180771615000020
0.438219953946999974
0.438425424298000022
0.438305259406000014
0.438226439340999974
0.438187090514999988
0.438330577870999993
0.438381886898000006
0.438173972635999998
0.438038314162000009
0.438037400708999991
0.438063344369999996
0.438193241195000027
0.438276484302000002
0.438059943378000027
0.438258187254999987
0.438367967440000006
0.438304371490999989
0.438275254692999994
0.438082495297999974
0.438169097790000017
0.438286100665999989
0.438455987986999973
0.438537447159999982
0.438336601651000024
0.438335832006999992
0.438520877643999996
0.438362713239000001
0.438305834258000016
0.438298381685000016
0.438357490332999977
0.438139294010000013
0.438355947517000022
0.438528615459000015
0.438567506082999992
0.438348842391000026
0.438417414228000013
0.438410820453000005
0.438415026214000025
0.438439024038000003
0.438315874990000021
0.438210866881000027
0.438170102291000008
0.438068837192000016
0.438022614656000009
0.438067791554999975
0.438205728662000027
0.438134281191000008
0.438413733267000005
0.438333880231999984
0.438425623165000000
0.438490497019000003
0.438613887852000006
0.438691072297999973
0.438637144919999999
0.438293896199999977
0.438070454331999981
0.438072835569999985
0.438079889652000010
0.438281190772999985
0.438177336458000000
0.438253392573000000
0.438207185547999978
0.438314084253999980
0.438317211305000010
0.438182192352000011
0.438194996529000014
0.438338542631000028
0.438407454412000019
0.438222307590000026
0.438499558206999984
0.438444998869000013
0.438379834395999979
0.438253424810999992
0.438067673458999995
0.437986886811000009
0.438118280475999988
0.438123112540000026
0.438082866166999985
0.438310878098000012
0.438238814159999990
0.438491342467999978
0.438337239980999993
0.438316045230999984
0.438279182601000017
0.438585468752999974
0.438628049856999991
0.438354763676000014
0.438302966720999998
0.438386474468999976
0.438318374244999975
0.438190101978999991
0.438078839152999999
0.438404989673000012
0.438420985927000018
0.438475804254000012
0.438251945877999982
0.438083228057000007
0.438091630509000018
0.438098498627999988
0.438301527457000017
0.438249819357000026
0.438449364391000018
0.438402266767999982
0.438424657950000018
0.438374576477999989
0.438395359244000027
0.438387842061999988
0.438355922999999981
0.438284045943000022
0.438279661637999973
0.438336285463999997
0.438286138948999981
0.438242910860999979
0.438252220402000014
0.438346143088999995
0.438136528078999998
0.438306899473000000
0.438241724441000013
0.438547573613000008
0.438298795495999982
0.438207019116000018
0.438370957775000014
0.438218414160999992
0.438228334401000008
0.438339078351999978
0.438357854165999983
0.438176999239999976
0.438380208381999981
0.438341516915999985
0.438240102716000002
0.438249568357999997
0.438306741416000012
0.438291104365000017
0.438291793112999983
0.438432240733000023
0.438369038187999993
0.438164292702000024
0.438314374273999996
0.438196955143999978
0.438556688538999984
0.438384453417999975
0.438495636146999990
0.438475940870000025
0.438467292396000019
0.438540418436999979
0.438450440228999982
0.438470676223999989
0.438524810639000007
0.438488745482999986
0.438247970006999998
0.438009471451999977
0.438340459633000001
0.438129766749000005
0.438069668242999977
0.438225401908000023
0.438313194168000020
0.438207362513000021
0.438471829679999980
0.438623724819000027
0.438422645358000018
0.438351815307000015
0.438494693858999973
0.438329125900000005
0.438459463581999997
0.438392720439000017
0.438492275910999985
0.438356122219000000
0.438433490069000009
0.438362914785999980
0.438264534968999975
0.438266659885999998
0.438257091696000023
0.438135271561000017
0.438332648159000027
0.438220246262000013
0.438377714731999990
0.438364333725999977
0.438248392107000007
0.438151124765000011
0.437943333860000006
0.437965457916000001
0.437984403179999982
0.438265847884000026
0.438473486256000022
0.438426778773999992
0.438446929089999993
0.438416504184000022
0.438203043700999995
0.438366369014000001
0.438345881014999994
0.438280443332000003
0.438265142742999991
0.438204620385000021
0.438258053352999999
0.438337331948999986
0.438179012229000020
0.438285016182999976
0.438319978941999977
0.438303730642000011
0.438208046786999983
0.438398243251000019
0.438316337438000025
0.438258975556999997
0.438155352424000000
0.438295267870000005
0.438223154732000020
0.437970827451000022
0.438172402783999992
0.438356570105999988
0.438234871693000017
0.438047148975000022
0.438265902536000007
0.438458077118000000
0.438471341156999983
0.438574005059000016
0.438514941097000011
0.438507317492999982
0.438686772077999998
0.438299262239000009
0.438358140319999978
0.438454107895999978
0.438544768964000020
0.438334072823999998
0.438374332762999974
0.438356532048000014
0.438457680986999998
0.438430110167999987
0.438336420978000019
0.438295800994999984
0.438431062109000014
0.438498401089000012
0.438532708589000009
0.438394579208000013
0.438365773397999980
0.438284908513999982
0.438264415098999993
0.438105706840999976
0.438109624497000028
0.438121729552000017
0.438230373537000006
0.438289175352000016
0.438283304721000022
0.438261941804999999
0.438248797650999999
0.438458725961999973
0.438409701814999997
0.438327090164999988
0.438176753651000006
0.438393194762999983
0.438144001936999983
0.438377111117000007
0.438210082702000014
0.438156214380999998
0.438348475953000027
0.438210413886999994
0.438307409157999983
0.438269757169999996
0.438424511893000024
0.438250290441000001
0.438317693291999988
0.438349181244000019
0.438415089601000008
0.438527522103999978
0.438508130476999991
0.438444243718000004
0.438252892592000010
0.438605093833999982
0.438278851859999985
0.438326605327999996
0.438380225419000014
0.438234200778000016
0.438234479452999981
0.438198569463000009
0.438329156009000021
0.438263386222000006
0.438204053962999995
0.438276618396999995
0.438450846173000008
0.438337423780999991
0.438442501842999988
0.438389308099999986
0.438249725142000002
0.438317892611000015
0.438232739395999993
0.438229599219999988
0.438465494647999998
0.438435006967999974
0.438479708804000001
0.438335581131000018
0.438526895066999989
0.438540619510999985
0.438262661767999995
0.438259837393000007
0.438127076394999981
0.438272724396999991
0.438211265635000013
0.438245844584999988
0.438416528794999982
0.438298549844000018
0.438197605591999995
0.438388387237999999
0.438395754703000018
0.438135431731999980
0.438207386126000020
0.438448158209000016
0.438404483499000019
0.438318449366999985
0.438411277634999985
0.438326945666000001
0.438383871067999975
0.438552235075000019
0.438408844678999987
0.438296041595000019
0.438286735054999987
0.438286058907000009
0.438305933358999977
0.438259187112999993
0.438289799892000009
0.438360180152000012
0.438412447960000007
0.438528589330999974
0.438480506024999994
0.438326327813999994
0.438164694513999975
0.438408013993000001
0.438318042357000004
0.438351194860999993
0.438377080663999996
0.438190257678000017
0.438123351562999974
0.438264242618000011
0.438273040660000002
0.438502513027999974
0.438400853124000012
0.438343181068000021
0.438171534440999988
0.438491835802999996
0.438350140192000026
0.438335770417000004
0.438300433075999973
0.438253951329000024
0.438409486497000012
0.438318360231999993
0.438297912569000025
0.438344913632000011
0.438298102076000007
0.438456807552000005
0.438409962514999973
0.438304954528999979
0.438235523977999974
0.438207767854000008
0.438141991648999973
0.438021335786999977
0.438094291954000015
0.438148481570000026
0.438061751805999988
0.438368506872000019
0.438250579104000004
0.438229811344999998
0.438244477219000006
0.438284460844000023
0.438337742515000017
0.438262281091999994
0.438289052369000010
0.438287226558999987
0.438253668844000022
0.438158960322000024
0.438283257426999973
0.438262135418000021
0.438051884379999978
0.438245515658999996
0.438391803783000022
0.438420738817000000
0.438214224711000022
0.438265141400999980
0.438318227268000016
0.438358892376999987
0.438368392228000003
0.438150679255000008
0.438019676921000023
0.438245612725000011
0.438275729841999973
0.438117590042999994
0.438184489627999996
0.438244678065999982
0.438016265658000004
0.438228091431999978
0.438259386018999997
0.438151218836999978
0.438239237810999993
0.438336265556000026
0.438205965001999986
0.438166253462999977
0.438328634162000019
0.438279379199999986
0.438401716767000016
0.438354413039000024
0.438237770605999999
0.438409701495000026
0.438155344961999982
0.438229323499000012
0.438115787869999995
0.438160573800999986
0.438207283602999986
0.438303491042999982
0.438371824984999992
0.438332685177000025
0.438347151263999979
0.438295902148999994
0.438381990358000018
0.438289991488000019
0.438254031242000019
0.438249031090999996
0.438266399181999999
0.438357480560000012
0.438469864579999979
0.438316509655999997
0.438473780036999994
0.438341296310999995
0.438306983245999982
0.438244787844000006
0.438360727389000004
0.438151851059000008
0.438156763698999974
0.438116441763000020
0.438250805071000005
0.438488037941999975
0.438474798007999989
0.438262005474000016
0.438172698453999976
0.438204118759000005
0.438204638621999987
0.438158504462999976
0.438249821663000028
0.438495159731000006
0.438244702032999978
0.438374451514999985
0.438417224330999999
0.438247260380000003
0.438138480810000008
0.438194377814000002
0.438260195312999978
0.438258430791999998
0.438347277430999993
0.438447295773000012
0.438187095315999975
0.438104437259999979
0.438065102970999987
0.438177730430000023
0.438143152633000021
0.438362635459999983
0.438233262396000023
0.438270227768999987
0.438185087699999976
0.437981465602000020
0.438135031198000013
0.438298485149999972
0.438222789758999975
0.438185291076000016
0.438243081543999990
0.438216536559000003
0.438336166184999987
0.438499298646000013
0.438503007295000025
0.438444934788000007
0.438476122999000018
0.438356630385000001
0.438294624089999973
0.438361998483999982
0.438339801284000019
0.438619933241999993
0.438193017083999992
0.438239781039000020
0.438305202082000023
0.438312908828999981
0.438326889448000023
0.438221537810999984
0.438280239686999973
0.438177435642000013
0.438063817380999976
0.438205352017000005
0.438258132971000025
0.438369996107000004
0.438326838609999991
0.438268269641000019
0.438180120978999998
0.438135219653999985
0.438331704290000013
0.438511176978000017
0.438399307545000005
0.438486511385000000
0.438274808003999983
0.438278817431000001
0.438290273747000025
0.438234047459999998
0.438285966586999975
0.438175570901999989
0.437963942298000009
0.438218494407999981
0.438393042954999979
0.438358356223000012
0.438377657300000001
0.438368542031999986
0.438437915274000001
0.438276402349000005
0.438430112609000000
0.438549150627999984
0.438335391462000012
0.438321034173999979
0.438282309109000012
0.438251721835999974
0.438216511872000003
0.438464040256999976
0.438551770896999982
0.438321647972999995
0.438393990369000008
0.438442068013999986
0.438439812476000002
0.438232024504999984
0.438394483123000001
0.438351116423999987
0.438213321438999992
0.438252936262999993
0.438255700445999985
0.438349498431999995
0.438487527955000012
0.438324814569000021
0.438134513584000018
0.438322190012999990
0.438342284844999985
0.438390636083999974
0.438143428341000007
0.438332967588999978
0.438352656379000005
0.438512093514000001
0.438310722298999977
0.438422264140999995
0.438485687783999989
0.438266875539000011
0.438257013643000015
0.437952823601000019
0.437911822755999991
0.438025641075000027
0.438179919046999988
0.438295044843000026
0.438208594697999998
0.438284855236000026
0.438427917569000014
0.438337681026000014
0.438380053604999986
0.438300932169000013
0.438171798966999981
0.438327742141000010
0.438310458884999976
0.438381877279000021
0.438257382014999974
0.438225865331999975
0.438375319117999984
0.438174865435000005
0.438378935724999974
0.438323436131999977
0.438233218112000000
0.438224922158000019
0.438350295300000026
0.438158065224000026
0.438198704795000005
0.438368296870000007
0.438224181223999976
0.438376423994999986
0.438376828870000013
0.438528332892999972
0.438301187061000019
0.438315864489999985
0.438210789712999982
0.438304501013000003
0.438377935386999984
0.438393462632000019
0.438366675779000015
0.438140361826000024
0.438249674021000013
0.438511596883999988
0.438315877045000024
0.438322793533000021
0.438119520224000025
0.438169194907000015
0.438433046125000003
0.438362937173000011
0.438469821445000019
0.438524209925000019
0.438353782538000003
0.438379495279999976
0.438429562044000021
0.438297892206000017
0.438215353231000027
0.438344970258999989
0.438320788806999984
0.438214605428000004
0.438272666279000023
0.438354781498999979
0.438214373519000000
0.438283317105999992
0.438204161059999986
0.438155309272000026
0.438219744181999993
0.438032344276999996
0.438125525273000027
0.438242031779000007
0.438081763893000020
0.438150904150000020
0.438239766663999997
0.438220034543999992
0.438165542296000021
0.438283538156000019
0.438374902549000023
0.438275587193000027
0.438228917270999996
0.438261627406999976
0.438245735146000015
0.438187184441000022
0.438408308186999995
0.438339696709000026
0.438284329137999973
0.438386059737000011
0.438294311606999998
0.438303874837999985
0.438250356873000013
0.438116933456000002
0.438092897089000011
0.438243323705000021
0.438181427610999985
0.438148224116000018
0.438181909732999975
0.438013226106999998
0.438339057621000006
0.438110739726000009
0.438394631377000021
0.438372186371999983
0.438153645267999992
0.438171658974999989
0.438168477341999985
0.438168779015000009
0.438131393009999981
0.438228324206999975
0.438248794710000000
0.438369659379000021
0.438202284572999978
0.438257796242000008
0.438227029333000007
0.438275475512000023
0.438171822170000003
0.438282046031999994
0.438263726056999980
0.438261295802000017
0.438185602856999978
0.438134384082999984
0.438427008544999997
0.438274917089000016
0.438143051881000001
0.438178947623000026
0.438360034524999997
0.438198840711000015
0.438186627762000014
0.438021153167000021
0.438281495974999991
0.438162829661999986
0.438182781884000006
0.438364425554999992
0.438204287741000009
0.438287004285000004
0.438292810001999988
0.438377370619999984
0.438353921942999991
0.438470724508999987
0.438391491653999987
0.438461449238000012
0.438302369703999994
0.438211718964000019
0.438390750133999973
0.438469117146999987
0.438331063673000010
0.438381679771000010
0.438628914372000023
0.438671789741000018
0.438602841470999982
0.438487626994000013
0.438537491215000019
0.438456507381000005
0.438443555952999997
0.438501846849000010
0.438376237971000005
0.438554648182000018
0.438246617140000017
0.438411735919000012
0.438434852789999996
0.438306630049000001
0.438239342648000019
0.438158120317000022
0.438219905417999989
0.438159489933000024
0.438224385165000008
0.438231562733000013
0.438098725859000004
0.438205154172999989
0.438422078386999980
0.438368654123000023
0.438356000307000004
0.438279250881000004
0.438124171221999981
0.438008966975000025
0.437992900796999984
0.437886729811000019
0.438111062020999975
0.438343485124000010
0.438247978930000004
0.438206958358999976
0.438216580294999991
0.438270996058999995
0.438337902228000009
0.438369683577000013
0.438327376554999981
0.438252182004000013
0.438349358756000007
0.438370434748000026
0.438337560527999992
0.438150758651000005
0.438364709583999979
0.438405612170999992
0.438416638327999986
0.438473875497000010
0.438522163000999998
0.438554601388999987
0.438570624279999988
0.438534489277999984
0.438321958722000027
0.438259269203000013
0.438197395559000002
0.438220028209000023
0.438190873784000012
0.438326184492999982
0.438293845886000011
0.438117795034000002
0.438133694467000012
0.438251776684999983
0.438201417877999988
0.438324587371999974
0.438258096127000008
0.438179691136000027
0.438349988380000000
0.438277893475999991
0.438169289540999984
0.437989608713000023
0.438093487564000017
0.438477253254999977
0.438396574415000018
0.438428144728000013
0.438413926276000010
0.438444028305000011
0.438400936608999980
0.438413827048000027
0.438513067807000001
0.438450655183000026
0.438204033574999985
0.438390935144999994
0.438403766129999983
0.438488532233999972
0.438294432509999998
0.438223009905999994
0.438379767016999988
0.438385005491999991
0.438343439291999981
0.438479253735999996
0.438517517698000014
0.438384054593000005
0.438428984399000021
0.438391258587000010
0.438442045762000021
0.438464566248999987
0.438245128663000028
0.438361728324000000
0.438496631540999993
0.438456173361999990
0.438163584878000001
0.438407374111999981
0.438361324301999977
0.438291312513999998
0.438226008002999989
0.438305763419999994
0.438302320886999996
0.438303776500999998
0.438389384792999992
0.438525373755000003
0.438721088772999979
0.438403760595000025
0.438261593597999988
0.438334801868000001
0.438289494660000001
0.437991590722999979
0.437993654489000017
0.438073795182999992
0.438230981392000007
0.438488960182999987
0.438317020311000005
0.438302850791999987
0.438398571730000020
0.438303477384999973
0.438434784836000013
0.438202452374999996
0.438044529367999980
0.438061656041000003
0.438125312815000001
0.438146243253000001
0.438290779585000012
0.438350796539999976
0.438468199344999976
0.438344892425000021
0.438479079468000021
0.438280733029999980
0.438159447839999994
0.438224472465999992
0.438241698161000004
0.438259778338000006
0.438350259091999983
0.438177348121999988
0.438270916590999982
0.438299498783000008
0.438417400803999990
0.438350396508000006
0.438209960607000015
0.438259950747000027
0.438298780268000010
0.438449995744999987
0.438291524762000007
0.438298971455000019
0.438446250159000017
0.438332128511999985
0.438473063273999986
0.438409006185999983
0.438477332996999980
0.438381194889000014
0.438394434552000001
0.438364889907000010
0.438532229845000010
0.438606108343999990
0.438515189247999981
0.438274861495999979
0.438146661656000025
0.438234090562000023
0.438443869860999980
0.438276929463999987
0.438466231609999979
0.438523610632000016
0.438453381596000002
0.438613744327999988
0.438299392143000011
0.438375101267000022
0.438261725802000013
0.438045841772999989
0.438184384290999984
0.438349902655000012
0.438229015137000022
0.438420635664000025
0.438462792614000008
0.438391351433999987
0.438317098261999993
0.438426460560999987
0.438344343344000020
0.438303041853000008
0.438353193904000016
0.438430482770999996
0.438478542969999996
0.438277795108000023
0.438460109079999993
0.438351894956000021
0.438375132014000024
0.438652070993999998
0.438623111464000015
0.438878284005999986
0.438584916298999983
0.438415362899999994
0.438338220434999981
0.438576274531999988
0.438669347283999977
0.438663823015999987
0.438689750238999976
0.438488687109000019
0.438609345491000002
0.438490626383000015
0.438531853718000020
0.438225817028000009
0.438290662140000009
0.438331347741000021
0.438529132082999984
0.438440407511999974
0.438292945150999980
0.438368010236000027
0.438193731498000005
0.438279687889999992
0.438444398507000010
0.438203481462000000
0.438520450968999997
0.438273812812000008
0.438282243249000003
0.438438684891999997
0.438514824458999974
0.438417973725000021
0.438435696845999978
0.438359968549999979
0.438225507334999986
0.438253549043000012
0.438347115828999989
0.438366474698999975
0.438165493224999980
0.438146016751999989
0.438055157877000001
0.438102934762999996
0.438098106554999978
0.438136033771000022
0.438152299971000025
0.438200082232999999
0.438155343646999984
0.438075889037999988
0.438346634093999987
0.438194063620999996
0.438191131780999998
0.438255198702000026
0.438415979672000022
0.438523288951999990
0.438391727298000022
0.438250709821999984
0.438247238631999991
0.438226606861999990
0.438345417411000027
0.438322443424000008
0.438368315836999978
0.438626036645999973
0.438623859326999987
0.438699291391000001
0.438464864101999974
0.438436801707999979
0.438181013499000016
0.438287371300999984
0.438257586192999982
0.438341522215999979
0.438180761610000025
0.438155086708000019
0.438201705659000018
0.438100295179000010
0.438213556926999981
0.438228316677000018
0.437754678045999990
0.438025191009999981
0.438131006782999988
0.438027707350999995
0.438153660068999973
0.438325061515999981
0.438303923503999993
0.438309486816000016
0.438142941201000002
0.438163176378000008
0.438444161238999985
0.438554442212999995
0.438570703188000011
0.438635504303000023
0.438536141787999989
0.438531124883999979
0.438424418117999981
0.438234812944999996
0.438102359195000013
0.438259322125000017
0.438273312005000026
0.438474612983999978
0.438359185832999987
0.438374772829999981
0.438408877292999988
0.438383030547000008
0.438221503020000014
0.438268923345000005
0.438061943243999996
0.438174066270999973
0.438161375028999989
0.438278701704999996
0.438362810466999986
0.438305680811000020
0.438215979287999990
0.438212313992999980
0.438229873710999973
0.438365434797000020
0.438318117740000013
0.438130369362999983
0.438169619449999992
0.438329591304999988
0.438155042554000007
0.438202229567000001
0.438159919788999985
0.438288279911999978
0.438439733803999976
0.438400824809999978
0.438476016651999978
0.438319024035000004
0.438392855420999983
0.438451400790999979
0.438408340605000002
0.438246445832000009
0.438294459480000009
0.438092484807000027
0.438192675661999986
0.438305659131000003
0.438331648808999996
0.438486775599000012
0.438493645553000022
0.438451885245999984
0.438186634020999999
0.438389214937000005
0.438462850191000009
0.438452640860999998
0.438413569898999989
0.438459574555000009
0.438264237607000007
0.438587876970999990
0.438449297246000014
0.438426948382000026
0.438243993182000025
0.438271250359999975
0.438502687421999993
0.438499525700999981
0.438429783206999990
0.438300895768000021
0.438397104741000021
0.438313420509000018
0.438320079467000023
0.438327552106999974
0.438257768391000002
0.438443104972000008
0.438320695425999995
0.438479281406999988
0.438326707458999987
0.438191019379999991
0.438268250711999985
0.438364503778000014
0.438346579595999986
0.438257314108999985
0.438338421471999973
0.438210243010999978
0.438165755448000016
0.438215786271999974
0.438317030604000013
0.438466047813000026
0.438323676408999996
0.438423419955000004
0.438260532127999980
0.438222110403000020
0.438357900562000025
0.438378286193000011
0.438319379708999979
0.438241886575000017
0.438171561378000007
0.438260143586999995
0.438350046094000023
0.438244427639000012
0.438348391298999995
0.438319509587999978
0.438414977375999992
0.438429075823000003
0.438396025329000016
0.438324361172999999
0.438330430188999975
0.438073050685000021
0.438107298526000000
0.438371477047000024
0.438237509942999981
0.438220058565999993
0.438210185651999984
0.438203697489999988
0.438257233803000024
0.438144781807000006
0.438167524196000024
0.438449706105999981
0.438410972697000023
0.438166470324000024
0.438119848563999992
0.438120636366999994
0.438302452058000003
0.438318227002999994
0.438121689175999973
0.438264311256999994
0.438141210941000003
0.438105469857999974
0.438152044058999990
0.438012636509000020
0.438151781535000007
0.438240512445000008
0.438122645774999986
0.438118014953000012
0.438187457640999978
0.438181393325999979
0.438379472125999980
0.438280238957000023
0.438168621942000014
0.438306817487000011
0.438386962072000008
0.438413045251999978
0.438327002055000026
0.438227669722999980
0.438007865393999996
0.438135047664000021
0.438194084721000021
0.438359328586000019
0.438374410887000021
0.438256748083000025
0.438252316518999985
0.438069315828999994
0.438145260318999974
0.438325926885999972
0.438317027608000009
0.438468609577000012
0.438361938030000009
0.438417564220999978
0.438261595153999983
0.438177364095999999
0.438154844526000009
0.438448265323999997
0.438209926342000011
0.438342236511999994
0.438275742764999976
0.438164382015000020
0.438196230555999988
0.438188289885000026
0.438061628633000022
0.438209620515000009
0.438336629144999990
0.438182251773999998
0.438213313832000018
0.438378550127000000
0.438325058993999983
0.438316883749000019
0.438285909646999983
0.438156432072000002
0.438257057246999981
0.438306668268000021
0.438121430799999989
0.438120925285999996
0.438349753452999980
0.438391524661000009
0.438248962956999999
0.438492677524999985
0.438447686986999985
0.438222994955999978
0.438269056576999994
0.438596765346999984
0.438545783384000021
0.438299009542000018
0.438265837175000006
0.438240082834000011
0.438300135724999984
0.438363612690000015
0.438437317054999998
0.438349416581000018
0.438407601613000020
0.438432856378999980
0.438502761618999981
0.438486567255999993
0.438406535227000016
0.438506765839000001
0.438226902282999986
0.438220218569999986
0.438213159979999989
0.438261166089999987
0.438066010047000021
0.438349383362000022
0.438393069972000005
0.438370448543999980
0.438224407410000016
0.438292085175000012
0.438243932444000006
0.438329946816999994
0.438295634621000019
0.438336125764999973
0.438381115769999996
0.438327042903000008
0.438341315853999991
0.438329086478999985
0.438186626969999993
0.438309767332999978
0.438321153816000009
0.438269436883999997
0.438436004596000017
0.438454505547999973
0.438351212441000004
0.438343680371000022
0.438341252610000010
0.438394364550000026
0.438188462871999973
0.438260953941999987
0.438285415028000003
0.438338021176000014
0.438349539274000000
0.438242913899999975
0.438155199336000001
0.438193282422000008
0.438148505299000013
0.438143486946000027
0.438278391935000011
0.438382649013000003
0.438263668449999977
0.438328468231000024
0.438377479592000019
0.438491534334999988
0.438319887741999981
0.438347027875999995
0.438198131827999993
0.438282443906999997
0.438392093880000000
0.438397895970000007
0.438422236488999972
0.438320130942000008
0.438389177023000010
0.438272909978999980
0.438381552828999987
0.438548546801000028
0.438459211396000026
0.438441788349999972
0.438112873258000024
0.438089511980999990
0.438086491937999978
0.438248214951000026
0.438216687476999989
0.437970399748000006
0.438165182870000003
0.438247504298000023
0.438167571679000001
0.438453490032000015
0.438253101546999979
0.438405563557000000
0.438228317360000008
0.438233870096999989
0.438201406951999994
0.438275544502000014
0.438318997518000020
0.438270060121000005
0.438320549873000009
0.438331457425999993
0.438395848294000023
0.438315083303999986
0.438362822664999985
0.438242002176000012
0.438115064976999979
0.438346332612000011
0.438317420153000015
0.438453941522000012
0.438272260836999994
0.438277257480999993
0.438476574908000016
0.438396991989999985
0.438356132083000005
0.438299505787999977
0.438414829263000017
0.438241229505999974
0.438264125142000027
0.438077223369000013
0.438128411511000015
0.437935706250999979
0.438012704091999994
0.438050297437000025
0.438095968331999985
0.438429307393000012
0.438372931379000019
0.438400221892000008
0.438521314370000026
0.438240488711999998
0.438240063899999976
0.438287720390000024
0.438331018957999974
0.438294305059000022
0.438172202364000007
0.438291062550999977
0.438173880091999979
0.438268229815999999
0.438273395850000025
0.438251462776000023
0.438242424841000011
0.438254946804000012
0.438239402195999994
0.438347890808000018
0.438377193659999997
0.438270220067999983
0.438380449733999977
0.438433139901000024
0.438325397030999986
0.438343305730000021
0.438054056284000015
0.438210763858000008
0.438285552613999985
0.438287984686999976
0.438131019166999980
0.438303341050999995
0.438216804297999973
0.438307304592999991
0.438399609665000023
0.438376683895999986
0.438187659577999988
0.438295075473999984
0.438377727504999981
0.438281927259999982
0.438232605271999975
0.438084399557000015
0.438153418236000014
0.438006998219999999
0.438208949399999992
0.438149800834999992
0.438242210560000012
0.438293032972000007
0.438417574483000005
0.438437409855000015
0.438547182069000008
0.438532472496000025
0.438391021159000027
0.438491839243999981
0.438505550146000012
0.438446700766999986
0.438445500842000013
0.438527117410999978
0.438462656502999981
0.438164717322999997
0.438251632619999998
0.438283568309000005
0.438175964548999985
0.438256973413000017
0.438099130406000015
0.438268386346000016
0.438275127862000013
0.438222608803999991
0.438166106351000006
0.437961178264999973
0.438202928566999994
0.438354273282999973
0.438261781485000002
0.438209435586000007
0.438195050954000020
0.438155451162999976
0.438119026811999990
0.438222482833000027
0.438076664964999973
0.438234180974000020
0.438348774004000019
0.438289555363999994
0.438347154811000006
0.438221985069000008
0.438160402190999998
0.438180479630000008
0.438163673252999986
0.438071753850000023
0.438118482646999985
0.438272765236999984
0.438447276208999981
0.438292563086000009
0.438151103860000002
0.438400228817000026
0.438318285342000014
0.438368585252000009
0.438275637594000012
0.438142652645000019
0.438334066655999999
0.438251998488000005
0.438297610028999973
0.438354968682000024
0.438321782802000015
0.438342788862999988
0.438157994446999988
0.438159587824999974
0.438452386942000005
0.438665372484000005
0.438309703832000019
0.438333340718999986
0.438299729894999990
0.438530054577000006
0.438462725494000005
0.438452263225000027
0.438264648101000021
0.438410825737000021
0.438130833672000009
0.437963083734999981
0.438153007752000001
0.438394868122999992
0.438345036876000016
0.438407746282999999
0.438566645754999984
0.438470085091999973
0.438259801424999984
0.438180319034999988
0.438499957692999986
0.438473757991000024
0.438522211157999997
0.438522349079000007
0.438452521629000003
0.438439470516000018
0.438260461350000019
0.438168032546999986
0.437972767415000019
0.437942635783000023
0.437978351335000016
0.437961312729000019
0.438098698314999979
0.438176249229000003
0.438179745017000022
0.438116742108999979
0.438155489210000026
0.438095684481000003
0.438446280372999986
0.438214278833999993
0.438172749450999988
0.438219869802999984
0.438286252159000023
0.438085287920999988
0.438232342453000023
0.438184410054999973
0.438275773508999988
0.438526137885999978
0.438278454691999997
0.438329652610999987
0.438263632474999998
0.438480937849999974
0.438585082196000009
0.438508015246000027
0.438682018773999982
0.438436881182000027
0.438438886041999987
0.438191889647999988
0.438146535266999981
0.438296051660999997
0.438338957754000003
0.438351897175000005
0.438255414668999976
0.438232522658999979
0.438361244087999979
0.438232771344000016
0.438323720375999981
0.438228804914000014
0.438275391035999995
0.438233810010999980
0.438329331092999985
0.438378057739000015
0.438393848771999994
0.438348056832000010
0.438193902789000000
0.438206244382000010
0.438341948712999974
0.438247800053000014
0.438351375310000013
0.438254181833000023
0.438519722830000014
0.438314401999000014
0.438274352960999980
0.438270583810999981
0.438377433682999973
0.438336211970000000
0.438415080959999981
0.438423143276000016
0.438359285844000024
0.438568940741999980
0.438447280220999991
0.438480821013999988
0.438470399770999997
0.438457369817999987
0.438609069954000008
0.438578766028999978
0.438496267371999981
0.438356379387000006
0.438138803028999990
0.438294467346000027
0.438357243624000026
0.438417314100999989
0.438447513105000020
0.438267129985999981
0.438163377385999975
0.438127544097999977
0.438237392072000020
0.438248798142000018
0.438392196088999986
0.438402860002999994
0.438506348468999996
0.438132161234000006
0.438437224888000021
0.438365659828000021
0.438400930929000010
0.438263925444999980
0.438168114900000016
0.438108517433000000
0.438235858475000017
0.438421092130000023
0.438467850582999974
0.438514035718999995
0.438467068618000000
0.438308065912000000
0.438212897082999986
0.438332421162999974
0.438388511061999997
0.438419824535000002
0.438147435881000025
0.438182056159000022
0.438237583488000015
0.438244177161999982
0.438348843947000022
0.438354612151000023
0.438623784344000012
0.438538677601000015
0.438413343737000027
0.438164294226000006
0.438312302212000016
0.438402804734999985
0.438395625276000012
0.438328018769000016
0.438295391277999991
0.438169209173999985
0.438112291416999977
0.438235985732999989
0.438197109350999980
0.438242097112000017
0.438334907626000025
0.438352097461999990
0.438263394445000010
0.438200483049999978
0.438166207829999987
0.438189736105999983
0.438308273307999985
0.438395437489000006
0.438315372064000008
0.438376322583000022
0.438289193161999990
0.438219333124999999
0.438362180448999994
0.438398093167999992
0.438382218240000010
0.438584654219999981
0.438538789257000017
0.438481090063999990
0.438408430055000020
0.438428830810000003
0.438409306198000004
0.438304976763000009
0.438308035094000015
0.438314791701000017
0.438360141214000021
0.438308183918000027
0.438443634495000012
0.438314495992999986
0.438505705237999976
0.438580278592999973
0.438404032055000004
0.438532649933000007
0.438501954984999998
0.438335505831999983
0.438356693251000018
0.438338998917999989
0.438166126594000005
0.438415787797000023
0.438569976327000011
0.438525582191000018
0.438198041453000009
0.438094625467000010
0.438204919804000004
0.438207255728000011
0.438270092913000009
0.438231986745000024
0.438157965109999992
0.438167594242000025
0.438060110020999982
0.438124765635000024
0.438206412350999996
0.438362594147000018
0.438473875429000015
0.438461993883999979
0.438391665895000004
0.438420364422999975
0.438339851484000009
0.438286092873000022
0.438211635212000017
0.438076220432999985
0.438218101425000006
0.438355332784999996
0.438391420638999996
0.438267681457000013
0.438365081511000010
0.438409613736999992
0.438480825276999997
0.438337682203999990
0.438291185706000008
0.438358735311999981
0.438403618157000019
0.438434780324000017
0.438315603035999979
0.438474545481000011
0.438195590272999980
0.438386890314000022
0.438265814698000022
0.438371374716999995
0.438259057522000006
0.438130756878999994
0.438071556199000012
0.438130797806999983
0.438260378376999993
0.438261973636999980
0.438395450033999989
0.438301040249999996
0.438440870812999983
0.438340610339999992
0.438232320492000005
0.438165277128999997
0.438059108264000019
0.438108500427999981
0.438177998045999995
0.438182023239000018
0.438252408588000020
0.438189830198999986
0.438290137405999980
0.438259967131999995
0.438130372795999978
0.438338459053000007
0.438402867663000018
0.438363541274999990
0.438358069741999978
0.438409828509999988
0.438247189802000003
0.438364024884000003
0.438342336133999977
0.438303221148000022
0.438141489900000014
0.438311094893000019
0.438174204181000004
0.438282946153999986
0.438280871362999980
0.438191548039999990
0.438182036064000024
0.438280417377999998
0.438427046049000013
0.438298960259000003
0.438250136655999989
0.438253046403999980
0.438108025452000005
0.438311977484000026
0.438400468613000027
0.438408719501000022
0.438373667626999974
0.438298008527000016
0.438216660962999993
0.438278043176999976
0.438236266333999980
0.438391107167000027
0.438269163274000007
0.438342642565999974
0.438545184837999980
0.438290012775999993
0.438150287236000024
0.438327772027000018
0.438207803138999985
0.438224349394999990
0.438235164745999994
0.438447192285000009
0.438352746141000005
0.438214153842999998
0.438169479470999990
0.438288358757999985
0.438339497224999985
0.438428566763000016
0.438345331841999974
0.438674313305000008
0.438419648845999987
0.438467576994999997
0.438575191212999982
0.438354377045999999
