0.434583990299000023
0.434392114762000014
0.434614351213999994
0.434686238311000006
0.434560046764999985
0.434695856205000009
0.434737963140000017
0.434818540352999994
0.434810836995999983
0.434986766068000019
0.434918378484000001
0.435082504626999989
0.435160100609000011
0.434982508041000027
0.434910732028999991
0.434826091279999993
0.434635599801000028
0.434629815157999977
0.434829122130000023
0.434657884777999992
0.434653456945000016
0.434809540955999996
0.434861374068000017
0.434926225482999973
0.434672529259000018
0.434749751723999989
0.434824850523999995
0.434753005234999990
0.434730304387999977
0.434792581647999998
0.434783552171999987
0.434697046460000014
0.434820656337999989
0.434690689813999998
0.434661695637000023
0.434688945541999994
0.434711580968999978
0.434781405866000004
0.434905558354999999
0.434627069631000007
0.434734322655999983
0.434691020189999999
0.434492625779999975
0.434794202600000013
0.434777393851999983
0.434730820068000012
0.434787464008000002
0.434827721624999997
0.434907134440000009
0.434970352509999991
0.434802304914000015
0.434696640169000004
0.434714240114000006
0.434825686817000012
0.434729369197000004
0.434671269319000020
0.434657410490000007
0.434815600726999985
0.434906888970000016
0.434849422197000013
0.435026252168000005
0.434868572567000011
0.434924470424999987
0.434691384138000014
0.434726092718000001
0.434749652509999973
0.434831013351999973
0.434772171742999980
0.435039093526000009
0.434891353420999993
0.434886806103999990
0.434916991483000004
0.434867087995000012
0.434749118612999974
0.434812911149000003
0.434861975414999991
0.434955420905000001
0.435062623022999972
0.435057543034999994
0.434828602908000017
0.434957941239000001
0.434733443220999993
0.434710466106999982
0.434631125210000024
0.434930052080999996
0.434882710150000018
0.434968524628999986
0.434634501030000009
0.434894877507000011
0.434794170013000025
0.434930662645000021
0.435011128884000009
0.434925943175999974
0.434963049498999998
0.434799336563000016
0.434804532696999979
0.434848861748000026
0.434738999429000017
0.434819631882000013
0.434979342837999994
0.434833959825999983
0.435162720389000002
0.434984794369000005
0.435051006612000024
0.434933697928999996
0.434916239026999996
0.434844175674000022
0.434937259221999994
0.434980668130000026
0.434853830067999991
0.434829458193999985
0.435063981478000017
0.434910818209000016
0.434759112065000008
0.434809133234000000
0.434806043174000012
0.434965348896000026
0.434783378117000019
0.434953615402000004
0.434832610501000028
0.434732146325000013
0.434612934845000021
0.434524277500999978
0.434510296650000016
0.434728689223999987
0.434675996476000026
0.434649334581000024
0.434529497095999973
0.434709491341999987
0.434730739229000018
0.434721647559000002
0.434874380203999988
0.434965706421000020
0.434846267121999974
0.434766942614999985
0.434772047318999988
0.434843179562000026
0.434966805514999999
0.434996070115000022
0.434912367232999975
0.434930038178000022
0.434766685302000022
0.434645123558999980
0.434740955187000011
0.434506409982000019
0.434579487884000026
0.434850031980999974
0.434943824807000001
0.434870789679000003
0.434958797823000010
0.435196945406000013
0.434910326249000001
0.435075775991000002
0.435064315393999979
0.434901901312999994
0.434813100943000019
0.434889595733999990
0.434891209943999990
0.434808409191000000
0.434779473232999980
0.434717579773000018
0.435043125264000019
0.434779830235999976
0.434855041343000015
0.434937964454999992
0.434898018351000004
0.435046957519999999
0.434833945047000014
0.434901061177000003
0.434795988841999992
0.434715959681999997
0.434997046411999988
0.434847123321999984
0.435053245350000006
0.434939223373000006
0.435014518035999997
0.435101678937000025
0.434950715980999991
0.434749547316000018
0.434685797732999979
0.434844850545999972
0.434806301850999999
0.434924166697000014
0.434891258697999994
0.434732186808999999
0.434791857549999994
0.434672309234000021
0.434838709184000027
0.434901651206999973
0.434934242201000021
0.434822956664999982
0.434547228914999972
0.434641916730000022
0.434858091281999981
0.434854808008000027
0.434776602070000018
0.434762848036999994
0.434655878818999974
0.434630144170000010
0.434714981657999988
0.434989964973999998
0.434821929024999998
0.434731041072000002
0.434668748022999984
0.434597268466999975
0.434573589056000020
0.434676140358000007
0.434770744593000025
0.434765899627000019
0.434711153590000010
0.434893636482000023
0.434867390188000025
0.434941961012999978
0.434951991513999991
0.434897879177999991
0.434763048769000016
0.434753362282000011
0.434911064291999994
0.434793182963999991
0.434865929643000027
0.434932824803999973
0.434983420899999973
0.434863318178999980
0.434866365360000007
0.434851642884000023
0.434947593941000021
0.434721085135999996
0.434581019725000017
0.434821419772000006
0.434810445504999976
0.434647240499999976
0.434578309265999996
0.434546885534000005
0.434714561823000001
0.434892459816999977
0.434955274913999990
0.434727396667999977
0.434641446747999982
0.434797878385999981
0.434978039556999985
0.434721880607000011
0.434921581807000024
0.434847995400999998
0.434840908161000017
0.434980638079000004
0.434973266211999998
0.434966976175999998
0.435023254495000011
0.434777896446999990
0.434803495440999999
0.434671676161999976
0.434884723001999984
0.435024481241000016
0.434901347907000024
0.435007569852000009
0.435065939284999981
0.434908991359000019
0.434978992090000016
0.435024096254999992
0.434896324413000024
0.434743841096999983
0.434648053179999994
0.434763087099000023
0.435045493158999985
0.434955728481999981
0.434975484914000010
0.434857801368000008
0.434905437499999992
0.434601426630000010
0.434734401750999977
0.435017509409000025
0.434908334830999999
0.434841850643000016
0.434654919749000002
0.434830242889999996
0.434726361931000005
0.434666887778999977
0.434663979254999999
0.434613503633999976
0.434600654975000000
0.434555256037999993
0.434759161655000004
0.434756002457000024
0.434845743497000004
0.434773548454000014
0.434633453208999987
0.434644638076999990
0.434641408447999977
0.434798283181000000
0.434449317900999998
0.434411189801999997
0.434653555083000021
0.434652118744999982
0.434788404904000003
0.434748636274999989
0.434643835864000017
0.434888382610000013
0.434954826178999998
0.434809164819999983
0.434666561517000005
0.434526431227999999
0.434741011424000012
0.434691468181999996
0.434668870140999974
0.434858973004000005
0.434980340209999983
0.434726523334000026
0.434906386864000016
0.434906703113000004
0.434994655429000010
0.434995627883999980
0.435041630399000012
0.434828941247999978
0.435007244065000021
0.434905553642999987
0.434696441722999982
0.434660017155000022
0.434765358378000011
0.434829957659999988
0.434676473625999982
0.434878721791000011
0.434896922507999995
0.435025507317000015
0.434893075623000003
0.434814000786000021
0.434782569492999982
0.434723862507000014
0.434695892096999992
0.434759044819999996
0.434727436713000015
0.434704093281000015
0.434755332661000027
0.434953931701999974
0.435004861021000000
0.434782551831999986
0.434848331505999997
0.434868697448999975
0.434960694161000028
0.434931286663000016
0.435064703069000025
0.434916300197999983
0.434853039404999975
0.434853396399000003
0.434865812565999987
0.434721171364000014
0.434698765272999998
0.434700006525000016
0.434782090758999984
0.434742810774000010
0.434960937749999998
0.434906742206000008
0.434912109391000001
0.434857872430999992
0.434812511630999987
0.434876851135000020
0.434714438195999975
0.434739520491999987
0.434706751170999994
0.434873935024000013
0.434994047807999995
0.434906752938999996
0.434768572791999985
0.434773318587000024
0.434817987218000024
0.434807407505000021
0.434759880210999983
0.434727102307999991
0.434695413964999999
0.434905526722999980
0.434853886445000004
0.434896970729999999
0.434761310095999998
0.434681577057999979
0.434560530649999999
0.434584693031000002
0.434595758685000000
0.434541460050999973
0.434789717492000016
0.434817381268999992
0.434697062422000013
0.434872580813999987
0.434917554340999990
0.434936858014999983
0.434978510485000025
0.435021819834999990
0.434773537897999995
0.434748771952999991
0.434915133437000001
0.434829308922000002
0.434744819291000006
0.434753445464999999
0.434807479383999995
0.434807746253000005
0.434860109092999991
0.434943152594999993
0.434875655507000025
0.434819362604000004
0.434991316853999999
0.435030819996999996
0.434926851127000025
0.434738229578999991
0.434744695520000002
0.434632291487999978
0.434771395685000006
0.434584874599000026
0.434729344632000025
0.434914022308000026
0.434679972196000020
0.434715554780000013
0.434768228950000002
0.434770445225000024
0.434810731610999979
0.434733461536000010
0.434972356188000009
0.434944974461999978
0.434807916111000003
0.434986924514000006
0.434717689740000024
0.434814872843000022
0.434820185784999980
0.434812741035999983
0.434774603538000015
0.434568287951999976
0.434577525638999984
0.434669154300000027
0.434789106769999989
0.434896663369999992
0.434863214150999988
0.435100302222000024
0.435025038997999991
0.435016443467000025
0.434867979279000005
0.434797807430000016
0.434739082029000024
0.434532847745999984
0.434631008049000012
0.434762045049999990
0.434698888943999995
0.434688459018999995
0.434827304517000024
0.434795242089000000
0.434869510409999993
0.434770930931999977
0.434924356780000021
0.435029285496000007
0.434982337857000023
0.434925274628999992
0.435039609735999977
0.434900875096999984
0.434875155321000018
0.434912140176999973
0.434606383330000012
0.434777514305000001
0.434668318872000026
0.434603222662000022
0.434681628455000024
0.434773251332999988
0.434862647004999991
0.435049361724999972
0.435090283099999975
0.434810962375999976
0.434821891773000013
0.434736002447000003
0.434861232152999988
0.434819069742000019
0.434753562867999988
0.434833618741000016
0.434834255941000003
0.434771484137000008
0.434818917864999988
0.434966080924999998
0.435017185636999981
0.434895604037000005
0.435077196898000007
0.434980614556999989
0.434843864904999988
0.434874848613000020
0.435016161096999976
0.434691793423000017
0.434529748722000009
0.434518790378000008
0.434596481219000019
0.434695792633999989
0.434699856451000011
0.434765886887000019
0.434746686313000008
0.434824531361000022
0.434837963642000003
0.434843219918000012
0.434966385748000006
0.434926650247000002
0.434742767731999991
0.434587785303999996
0.434692566788000001
0.434634076884999998
0.434905617241999998
0.434786849866000025
0.434886998718999995
0.434861986094000008
0.434834586146999991
0.434715417893999978
0.434980324013999997
0.434786795855000019
0.434674931701000022
0.434739019399000004
0.434749812324000007
0.434782388783000018
0.434742338707000020
0.434659778019999998
0.434687273415999997
0.434922749882000026
0.434816582708999977
0.434796808287999992
0.434871939152000009
0.434728290903000025
0.434595845352000021
0.434620855079000001
0.434518328941999987
0.434596135413999995
0.434693342338999977
0.434673132399000017
0.434675218310999978
0.434643760867000017
0.434667766439999992
0.434672416828000008
0.434592434683999995
0.434766110910999981
0.434916165216000017
0.434909765950000027
0.434897881197999991
0.434729854515000014
0.434719586867000019
0.434703643425000008
0.434712855941999987
0.434826830925999996
0.434904231144000009
0.434685676673999988
0.434741417994999990
0.434715819810000015
0.434783550015000020
0.434889732940999973
0.434800319425000026
0.435070425553999995
0.434865557248000023
0.434673866319999991
0.434653378398999979
0.434706068810000013
0.434676056413999978
0.434751619355000007
0.434726563042000025
0.434758311718000001
0.434700111298000014
0.434607568923000009
0.434610264345999975
0.434550408516999997
0.434868591761999990
0.434804445433999986
0.434797756533000013
0.434878751344000003
0.434681641346999992
0.434654263184000023
0.434671454625000009
0.434790067379999978
0.434752288702999978
0.435000616072000024
0.434824679142000015
0.434840354332000023
0.434674053361000012
0.434916174212000017
0.434794636424000014
0.434509155417000026
0.434548288534000016
0.434664924437000000
0.434711541167999982
0.434606608993000021
0.434665464361999987
0.434708294780000004
0.434813749801999994
0.434866534287000006
0.434862307587000008
0.434720304053999973
0.434807204861999974
0.434789885049999991
0.434711590912000012
0.434666659973000025
0.434708155478999991
0.434801380053999986
0.434823179401999993
0.434775635975999997
0.434887364371999985
0.434992812088999981
0.434943942536999972
0.434858647017000000
0.434693293292999994
0.434827104327999980
0.434856442118999986
0.434757455371000023
0.434930342227999978
0.434895458324000006
0.434843904931999981
0.434786690214000016
0.434762426809999991
0.434527524180999991
0.434714687513000020
0.434846760635999974
0.434877848524999999
0.434966153896999996
0.434708044286999995
0.434825138082000018
0.434903006821000027
0.434670238872999992
0.434655911725000010
0.434968088106000017
0.434866852849999985
0.434809912244000007
0.434820854925000000
0.434845896640999985
0.434734042972000023
0.434797564079999976
0.434683333785000015
0.434630621699000019
0.434796782157999995
0.434597366523999995
0.434545948557999995
0.434856443857999986
0.434703454827999991
0.434864528668999994
0.434848365394000014
0.434775518570000019
0.434838012870999990
0.434769766825000015
0.434670972795999977
0.434464121046999996
0.434662720153000004
0.434879732969999988
0.434836757796999984
0.434879091499000003
0.434927523777000002
0.434997002139000000
0.435059278478000022
0.434966375149999973
0.434789226041999988
0.434677046364000008
0.434534861333000011
0.434724845249999992
0.434909030686999987
0.434766930393999995
0.434976723875000026
0.434928091425999974
0.434939942427000015
0.434897441112999994
0.434921367381000012
0.434850476313999978
0.434871646893999986
0.434803377661000023
0.434855015346000018
0.434895013712999989
0.434897892994000002
0.434864430605000019
0.434848285363000020
0.434647150307999997
0.434577202130999984
0.434566673687000027
0.434646957376000009
0.434857480349000014
0.434989079268000012
0.434921878804000017
0.434967724090000007
0.434640412586000002
0.434719214618000005
0.434730125841999993
0.434880211894999980
0.434923480390999984
0.434666113312000002
0.434845754689999975
0.434644232686999976
0.434670910021000001
0.434907491749000008
0.434801243945000027
0.434715312337000004
0.434837742317999987
0.434902255146999983
0.434862689696000004
0.434722159182000023
0.434649892578000019
0.434580579028999991
0.434589399051000025
0.434914937953000014
0.434604790906999994
0.434686435104000013
0.434748840538999981
0.434654822915999994
0.434520877548999984
0.434581598018999982
0.434697506484999996
0.434662643891000011
0.434566731643000026
0.434578759112999979
0.434719853672999978
0.435019747304999982
0.435036048248000018
0.434795594667000018
0.434838888653000022
0.434631942958000006
0.434500707539999975
0.434785786045999989
0.434642408669999980
0.434560002306999982
0.434774407116999995
0.434883754091999974
0.434807556224000025
0.434767560770000006
0.434795008972999997
0.434890674137999977
0.434743155968999984
0.434766449384999976
0.434886877002999994
0.434926823705999999
0.434768796873000019
0.434622935997000026
0.434874308978000002
0.435008696249999993
0.434814253947000018
0.434893820140999976
0.434741268462999986
0.434832098456999994
0.434921253003999975
0.434865901396000010
0.434812821708000008
0.434738686052999979
0.434976537950000020
0.434803799484999975
0.434846006289999976
0.434846701213999987
0.434700517170000023
0.434751012764000022
0.434550787213999978
0.434559550926999993
0.434669779699999981
0.434649217179000014
0.434566961320999978
0.434606235254999973
0.434710050457000008
0.434649059818999983
0.434547127649999976
0.434593852840000017
0.434760402797000012
0.434630410216000018
0.434577228069999988
0.434648499417000012
0.434746312144999980
0.434939950003000009
0.434812848738000024
0.434832546957000021
0.434693125387000001
0.434768627299999988
0.434879990614999989
0.434898948120999995
0.434841594278999988
0.434912351462000024
0.434784302078999985
0.434768314727000005
0.434740041906999997
0.434812415557000009
0.434653178408999974
0.434696603354000011
0.434591443159999979
0.434679053729000009
0.434735269985999984
0.434929763096999988
0.434980471289000026
0.434856485540999982
0.434694117481999986
0.434437800107000005
0.434545980768999973
0.434811289637999976
0.434754569270999980
0.434694338153000015
0.434830651675999991
0.434883022504999994
0.434736925893999981
0.434812805394000024
0.434744489316000016
0.434680051831999981
0.434532570938999996
0.434716776442999997
0.434779103381999987
0.434590259284000024
0.434755464192000007
0.434628739415000021
0.434550281561999985
0.434731969411999986
0.434631637808999993
0.434775322535999986
0.434864811588999978
0.434923446503000022
0.434959394293000012
0.434578530216000014
0.434737441928000012
0.434696551360000016
0.434748063229999981
0.434793400574000011
0.434758364025000010
0.434763683763999986
0.434721616074999984
0.434757078512999995
0.434857913132000007
0.434575567827999998
0.434920991731999995
0.434901542605000024
0.434592969659999995
0.434516514726000003
0.434542863163000004
0.434744903851000009
0.434823270046000021
0.434756296413999987
0.434767649433999981
0.434631755499000016
0.434661177288000022
0.434806298169000016
0.434726169734000023
0.434695528225000016
0.434820126806000018
0.434838622893999993
0.434712911749999986
0.434704337180999989
0.434703280661999980
0.434551991806999993
0.434682745378000002
0.434618103736000017
0.434642040160999998
0.434579151845000011
0.434852363630999994
0.434881456594000015
0.434851015858000012
0.434707419978999976
0.434754008924999991
0.434856877003999998
0.434871617197999993
0.434768737916999992
0.434825665533999983
0.434855071300999985
0.434793695370000011
0.434619146032000025
0.434812661207999995
0.434977070653000009
0.434942721427000023
0.434838963550000013
0.434820250226000016
0.434768886853000025
0.434772254289999993
0.434729913352999986
0.434736713712000011
0.434722937511999974
0.434658760817000001
0.434507314621000007
0.434659237403999976
0.434815094552000014
0.434803066302999974
0.434918944332000013
0.434765452912000028
0.434705930304000010
0.434819805494000011
0.434918777995000005
0.434912518295999972
0.434954770890000009
0.434873279692000014
0.434848915171999972
0.434602785661000024
0.434668746247000026
0.434682645147000002
0.434727640184000008
0.434782240553999999
0.434850122160000019
0.434620135344000014
0.434697917360000019
0.434920493131999986
0.434962281491000025
0.434856916485000022
0.434810825366999998
0.434787642982000011
0.434763449111000011
0.434661060920000009
0.434841941873999993
0.434786666351999973
0.434728268063000023
0.434900657294000015
0.434899079480000006
0.434826286419000008
0.434690837391000007
0.434716148354999998
0.434795769130000009
0.434852830588999983
0.434780290580999984
0.434705509611000018
0.434637660431999973
0.434772743010000018
0.434814369106999998
0.434892640396000008
0.434760697089999981
0.434683219595000003
0.434751657592000018
0.434802225654999985
0.434906477638999978
0.434865826896999985
0.434780633202999978
0.434857661951000007
0.434975680561000000
0.434928820747000011
0.435007816968999983
0.434878354490000008
0.434856830937999983
0.435073668847999973
0.434952888194999998
0.434814096051000021
0.434916126028000005
0.434669192473000010
0.434673779817999983
0.434737971928999989
0.434797955648999979
0.434920142677999999
0.434840516730999993
0.434863792342000011
0.434720084936000006
0.434803755146000004
0.434740967611000007
0.434782496016999975
0.434726983805000022
0.434844573620999986
0.434792558793999973
0.434897602035999975
0.434814087929999982
0.434994582788000017
0.434873348443999996
0.434707214273999998
0.434797530684999989
0.435097403381999981
0.434866046323000022
0.434961323000000011
0.434956394317000006
0.434730321646000006
0.434851863379000003
0.434890119532000019
0.434680744941000008
0.434649163020000007
0.434639327475999981
0.434675001273999995
0.434715893252999974
0.434747765419000010
0.434597454757000012
0.434564423039999981
0.434611762161999982
0.434444742102999992
0.434596473348999979
0.434752542578999979
0.434527415892999980
0.434678733779999993
0.434715389612000014
0.434615298064999989
0.434579341705999989
0.434683439469999988
0.434647781715999992
0.434725883089999987
0.434815622625999987
0.434775549830999974
0.434704896442999977
0.434705661716999980
0.434637247685000006
0.434891902823999976
0.434742149036000003
0.434684626934999985
0.434670265956999979
0.434921171963000008
0.434973976794999995
0.434811503007000000
0.434714166575000005
0.434591220261000000
0.434705152865000000
0.434805445259000001
0.434781992487999980
0.434625280524999991
0.434736995615999988
0.434767933150000008
0.434870124922000001
0.434974725371000015
0.434747000193999977
0.434817206276000012
0.434800847099000021
0.434982558221999993
0.434804016364999990
0.434760273116000018
0.434636439536999986
0.434674148056000020
0.434808319466999993
0.434988772653999989
0.435007248959999981
0.434837556999999986
0.434820937962999976
0.434840130918000001
0.434755765800000027
0.434887760143000013
0.434671435479999979
0.434720306291999981
0.434971104222000027
0.434806083464999993
0.435013517033000008
0.434997453466999973
0.434865292939000003
0.434808177981999999
0.434864133609999981
0.434765227091999995
0.434904315245999984
0.434771237792999976
0.434975780355999986
0.434959634172999987
0.434916471267000004
0.434753811188999972
0.434653320893000017
0.434672982258999974
0.434643823215000003
0.434693980741999997
0.434651607519000005
0.434709284408999974
0.434784993968000022
0.434815821626000021
0.435022977259000021
0.435131702381000018
0.434851949949999983
0.434764849000000009
0.434790981282999978
0.434955464693999982
0.434554408514999990
0.434798852450999973
0.434827147743999998
0.434731637529000015
0.434717274009000010
0.434982409758999988
0.434857084376999992
0.434817535018000023
0.434780980895000002
0.434855631776000007
0.434971947417999993
0.434861873756999973
0.434911721083000025
0.434842282156000015
0.434976627537000005
0.434798685565999987
0.434851909174999995
0.434754564441000024
0.434551562554000015
0.434718409319999999
0.434738443844000011
0.434704469144999994
0.434568729012999977
0.434694734131999994
0.434678468122999984
0.434598140485000006
0.434518077988000018
0.434530027672999974
0.434563525683999974
0.434711900130999973
0.434757426612999986
0.434790323172999982
0.434700790386999991
0.434927133588999981
0.434847630817000008
0.434838963676999979
0.434751162088000020
0.434809481732999992
0.434862518086999994
0.434760530628999997
0.434772112902000019
0.434656805071999996
0.434800716217000005
0.434908324992999973
0.434983557869000004
0.434928712373999993
0.434934359434999973
0.434911153579000009
0.434744076950000002
0.434904608600000020
0.435027449953000023
0.434970275454999999
0.434885151246000023
0.434820649374000001
0.434813334892000025
0.434877516746000004
0.434802863398000006
0.434688500217999985
0.434574006608999974
0.434521657374999981
0.434607922435999994
0.434677359140999975
0.434573732440000027
0.434644448055999999
0.434694741047999988
0.434731488830999990
0.434755926999999986
0.434710284552999981
0.434749055903999981
0.434842678535000027
0.434783119012999986
0.434845721264000007
0.435050406802000023
0.435082759917999995
0.435133039097000018
0.434914882925000024
0.434811001232999983
0.434855940220000015
0.434670048382000018
0.434771177974000000
0.434662205284999992
0.434796719627999984
0.434823471891000013
0.434871539485999992
0.435106894887999973
0.434966010996999997
0.434821022266999979
0.434763596116000017
0.434753912560999989
0.434836137801000000
0.434941326681999973
0.434849599771000017
0.434806895222999978
0.434769812947000012
0.434782326414999976
0.435059960635000020
0.435111140645999983
0.434958451316000028
0.434984628528000017
0.434896955189999990
0.434638645388999989
0.434799096029999999
0.434859565221000000
0.435004300279999978
0.434907062550999979
0.434760221998999996
0.434884087538000008
0.434973988500000019
0.434724690189000007
0.434780433538000000
0.434932240575999995
0.434894010659999997
0.434754415682000017
0.434836134930999985
0.434786990283999975
0.434657708927000008
0.434629905890999979
0.434647032697999980
0.434624793233999995
0.434533206625000001
0.434778290821000002
0.434875588144000014
0.434642948086000014
0.434648783596999988
0.434870331376000008
0.434810585759999979
0.434727328445999983
0.434654331737999999
0.434576353671000004
0.434760467420999996
0.434740838374999994
0.434879498939000020
0.434789242798999997
0.434774132047999973
0.434692616039000002
0.434927164595000026
0.434869631428000003
0.434743497726999995
0.434687743542999994
0.434560489451000009
0.434449760269000007
0.434508883964000003
0.434695686650000024
0.434864825718999981
0.434887094345000003
0.434784342578000027
0.434694334445999975
0.434585809709000015
0.434578812611000009
0.434805856980000016
0.434547045811999988
0.434482147180999978
0.434635332466999980
0.434686963006000016
0.434737057967999996
0.434795410779000024
0.434755450805999977
0.434978491565000014
0.434745212812000015
0.434708177282999986
0.434485449691000003
0.434584251578999992
0.434667138017999999
0.434580120236000012
0.434648286158999975
0.434479372573000011
0.434664449534000019
0.434658259273000003
0.434815604241999998
0.434815216180000019
0.434992440034000005
0.434831767408000003
0.434746256852000024
0.434893427374999975
0.434809122873999976
0.434793083081999987
0.434930029127999995
0.434863679888000010
0.434899238567000024
0.434908107805999977
0.434766232493999982
0.434840113656000005
0.434766276657999995
0.434693617378999975
0.434798430061999974
0.434847221539999995
0.434806132412999979
0.434819595599999997
0.434767549131999997
0.434811901113999977
0.434713317471000005
0.434813754632999983
0.434831116828999997
0.435005905061999987
0.435062741011000009
0.434896777825000025
0.434836653163999998
0.434777111644999992
0.434776309031999986
0.434598656161999997
0.434897664236000014
0.434741025966999983
0.434892343680000015
0.434828051584000008
0.434714557180000016
0.434880446375999985
0.434954380126000018
0.434685738639000008
0.434553905302999977
0.434502061014000018
0.434430284574999992
0.434632358095000004
0.434792243518999977
0.434899020470999986
0.434712121941999985
0.434735753575999972
0.434572652541000026
0.434720102356999982
0.434556438353000007
0.434735988429999998
0.434953373232999985
0.434666748953999982
0.434707640216000002
0.434702594080000004
0.434844324715000008
0.434681983127000016
0.434809738619000019
0.434607534532999995
0.434733946031000018
0.434722704387999981
0.434673506817000010
0.434913684071999984
0.434798955731000025
0.434806702114999999
0.434814074591999999
0.434819271258000017
0.434755550466999985
0.434862293562999991
0.434836364944999998
0.434978347917000019
0.434960037838000024
0.434808925467999985
0.434915395925999981
0.434883553481999974
0.434819126225000019
0.435093081308999985
0.434941962583999975
0.434840978611000017
0.434967443429999989
0.434954948617000015
0.434723585683000013
0.434691542973999978
0.434748669209000016
0.434636838033999995
0.434634778847000025
0.434861277514999978
0.434770543999999981
0.434803705411999974
0.434707267539999997
0.434892171905000013
0.435014474373999982
0.434743672995999975
0.434785499786000007
0.434907320963999977
0.434881168814999997
0.434572855806000025
0.434677222357000015
0.434774566124999984
0.434759966283000010
0.434681897805999973
0.434895548954000011
0.434996047157000021
0.434994871607000011
0.434907970206000027
0.434888166573999979
0.434950651949000011
0.434665324264000008
0.434403330658999998
0.434798025004999977
0.434591502515999983
0.434719411717000015
0.434845149872000014
0.434925735822999981
0.434877239347000011
0.434848400422999992
0.434709972047000015
0.434704410689000009
0.434738712846999997
0.434578178136000026
0.434735147586000015
0.434793300611000022
0.434786242584000004
0.434756210438999979
0.434692040976000005
0.434820258894999978
0.434912800380000020
0.434820158168999993
0.434725055280999972
0.434716701496999980
0.434713841937000023
0.434617398094999996
0.434695007201999994
0.434904305759000021
0.434823696180999975
0.434874162823999988
0.434923412535999976
0.434977181627999976
0.435043857442000026
0.434862740099999978
0.434881628736999981
0.434810033360999992
0.434956616470999979
0.434768204942000025
0.434814249300000011
0.434784851520000015
0.434945589492000018
0.434922592667000008
0.434683477895000003
0.434729283015000023
0.434784385162000020
0.434892620146999975
0.434847306499999975
0.434984144139999973
0.434917823531999981
0.434800190277999987
0.434627149544000002
0.434702006789000006
0.434631931701000007
0.434707282076000012
0.434775117817000012
0.434560510085000018
0.434464013237999991
0.434580777691999987
0.434721175075000021
0.434726601523000022
0.434782426182000026
0.434787461581999990
0.434791967251000000
0.434847483323999973
0.434918056418000021
0.434973780009999977
0.434826168010999992
0.434839603715000023
0.434895690301999982
0.435038729741999974
0.434689872508999986
0.434928068265000023
0.434821683178999996
0.434754804509000004
0.434673629238999992
0.434915939493000003
0.435127999985999991
0.434985630602000017
0.434987807883999988
0.434876096837000015
0.434764858854000014
0.434706637632000015
0.434718120767999983
0.434872449609000011
0.434718746075999973
0.434598768480000008
0.434559504014000009
0.434673324784000004
0.434679430267999989
0.434686440150000020
0.434851711330000001
0.434720153845000012
0.434709519652999976
0.434884688603999980
0.434849230816999999
0.434756530164999988
0.434779932114000012
0.434842541467999999
0.434687507769000003
0.434795171184000018
0.434742216755999999
0.434865040573000017
0.434834571512000001
0.434897540274000016
0.434703333508999978
0.434683533680000012
0.434718412127999998
0.434697303232999988
0.434833047189000010
0.434906900345000014
0.434760261900000000
0.434774445479999994
0.434822026106000015
0.434606180948999998
0.434752672223000014
0.434835081545000002
0.434632942166999992
0.434701108108000001
0.434809683788000001
0.435047053464000022
0.434961219037000024
0.434849150665000017
0.434906837350000020
0.434828417317999982
0.434708706115999988
0.434692713188999991
0.434477888689000002
0.434492124804000013
0.434757091824000019
0.434757653397999988
0.434891240504000021
0.434937244065999984
0.434937391983999999
0.435031272063000019
0.434864756733000013
0.434776672383999974
0.434954771751999980
0.434902091203999974
0.434896372711999990
0.434688312773000018
0.434665225504999975
0.434733406799000022
0.434883041264000014
0.434738536810000020
0.434765539013000024
0.434815069659000020
0.434755280735000027
0.434820387676000009
0.435010164716999992
0.435013513678999986
0.434750874226999984
0.434684731318000006
0.434628412620999993
0.434869935940999985
0.434618440572999976
0.434687700700000013
0.434731771341999973
0.434789883902999996
0.435018029069999979
0.434888740745000002
0.434701274463999976
0.434738502666000004
0.434864585881999999
0.435088235985999994
0.434913290627000015
0.434788412264000002
0.434667768678999977
0.434517009008999977
0.434672196745999995
0.434634646587000018
0.434777550735999996
0.434793928127000018
0.434743933842999974
0.434934333185000022
0.434886788375999978
0.434747025903000017
0.434695838546000024
0.434811733749999985
0.434671746520000013
0.434708651213000008
0.434715403850999993
0.434641525962999986
0.434725312435000011
0.434771873217999982
0.434755484216000021
0.434857083187999982
0.434975611500000026
0.434807692068999996
0.434820505106000010
0.434710525028000005
0.434843159776000021
0.434801304499999985
0.434914937459000006
0.434870033649999987
0.434890852122000016
0.434869830866999985
0.434873539934000020
0.434883433250999984
0.434967821508000008
0.435073996565999987
0.434567448316000027
0.434716608823999984
0.434939269540999984
0.434851503099999981
0.435018396959000020
0.434681195834000000
0.434725198174999994
0.434801158671999977
0.434931234310000026
0.434805905577999974
0.434956869749999975
0.434838633413999975
0.434672201548999992
0.434439732563000003
0.434569800873000012
0.434895742523999984
0.434958116130000016
0.434783250725000014
0.434733249483000017
0.434777502905999980
0.434659087903999986
0.434949372389000000
0.434864299923999997
0.434840619568999998
0.434990170474999993
0.435097379873000012
0.434923039605000006
0.434988681935999988
0.434652482790000017
0.434871848253999993
0.434811826976000015
0.434874040653000005
0.434705642918999990
0.434811392921000017
0.434927371791999973
0.435063353292999999
0.434899701103000025
0.435058726168999987
0.435185747913000021
0.434995222951000016
0.434939503406999994
0.434846370653000025
0.434771618937000004
0.434687427103999990
0.434779597934000006
0.434709369697000025
0.434842496462999994
0.434733747379999980
0.434778529533999980
0.434683796344999984
0.434862364908999988
0.434894800776000012
0.434933523784000020
0.434864969308000004
0.435017050010999995
0.434829498965999983
0.434604937458999974
0.434739362006999974
0.434715845624000008
0.434895191826999983
0.434812181681999976
0.434742234183000009
0.434700007261999977
0.434632751611000012
0.434754965396000004
0.434891208274999996
0.434812762525999985
0.434780599185000005
0.434886999832999999
0.434670300254999975
0.434634888428000021
0.434692843183999977
0.434750400732999975
0.434543175632000012
0.434506219957000006
0.434552044688999994
0.434621308395999995
0.434774137251999981
0.434896556335000017
0.434669250047000022
0.434817495246999974
0.434725598930999990
0.434794958906000006
0.434819650319999973
0.435118536082999996
0.435030635213999983
0.434972358968000017
0.434895701164000004
0.434825591196000005
0.434922306558000016
0.434829732076000008
0.434887982253000016
0.434749913398000010
0.434723596767000009
0.434802345576999982
0.434813805632999983
0.434514364338000003
0.434649137703999988
0.434866206859999993
0.434715609221999977
0.434953566299000005
0.434901506905000013
0.434955131546000018
0.434924928631000018
0.434761588332000015
0.434421863257999974
0.434596525555000002
0.434603980722999994
0.434625902429999988
0.434768721252000001
0.434842738143999985
0.434908532263000025
0.434887717949999975
0.434613621672999995
0.434868412536000004
0.434624680533000018
0.434795112870000000
0.434806660451000027
0.434814326646999982
0.434841968786000010
0.434889940417000020
0.434650479867999984
0.434576966043999979
0.434828213879000003
0.434960363548999973
0.434815227267000004
0.434744931025999981
0.434842052209999996
0.434837794629000018
0.434874416268999975
0.434775632681999979
0.434772334373000002
0.434613879541000003
0.434663862884999974
0.434503626023000022
0.434480183623000005
0.434604531316999998
0.434535063193000004
0.434670268773000024
0.434784836589000023
0.434782695248999984
0.434608973248999997
0.434749911883999973
0.434528317519000007
0.434462078194000012
0.434498497285999985
0.434552526054000021
0.434564352812999988
0.434870888062000027
0.434765434098999981
0.434859193663000021
0.434894882132000005
0.434755428429999979
0.434628049224999979
0.434642534073999998
0.434392775961000011
0.434638601289000004
0.434698327054000022
0.434895791681000010
0.434736822483999974
0.434583049981999980
0.434723464655999980
0.434733708330000024
0.434786034039999991
0.434951258888000014
0.434827667636000004
0.434769893286999998
0.434792068769000006
0.434892706028000009
0.434663234567999990
0.434692349528999988
0.434719370137000016
0.434941908686000023
0.434827751852999989
0.434864581960999974
0.434729604223999977
0.434912116366000023
0.434952293154000025
0.434834602964999983
0.434808728430000013
0.434836875419999991
0.434816500301999975
0.434740444113000002
0.434821784190999983
0.434823242145999989
0.434690262574999986
0.434666383614999985
0.434700751747000014
0.434679977983000010
0.434699101797999976
0.434889328889999982
0.434718432920000009
0.434839561729000013
0.434757928269999983
0.434883337240999979
0.434786614362999979
0.434962628364000015
0.434669388677999979
0.434631140058000021
0.434585273202000022
0.434697658892999994
0.434604241386999990
0.434711574774000020
0.434927093960000011
0.434837001529000011
0.434743039589999991
0.434749923968999974
0.434750688730000001
0.434645813908999978
0.434881328499000019
0.434888427434000024
0.434859180336000017
0.434866353558000018
0.434855061887999994
0.434796700598000019
0.434874914509000010
0.434959905965999982
0.435029361255000024
0.434841631349999980
0.434781468875999999
0.434841980480999979
0.434975783030000007
0.434858037462000024
0.434981190858000022
0.434887059176000013
0.434938940305000021
0.434899305570999983
0.434931606643999991
0.434922312023000024
0.434756191607000020
0.434625782108000014
0.434823142393999995
0.434622786077000001
0.434669489829999978
0.434815107061000017
0.434756893224000018
0.434671438216000017
0.434652009918999993
0.434856069023000003
0.434905940260999990
0.434690281557999991
0.434605963907999993
0.434709945099000017
0.434841054484000011
0.434704175613999988
0.434620171619999995
0.434676185223000000
0.434745449464999989
0.434555760040999994
0.434712342084000003
0.434891012859000003
0.434818000456999976
0.434821476714000010
0.434804122135000026
0.434991576114000023
0.434879253492000017
0.434741785704000017
0.434629096029000017
0.434857943500000010
0.434778687241999973
0.434781266210999995
0.434916887470999991
0.434862710165999977
0.434942598263000024
0.434889141152999981
0.434973486522999997
0.434746567636999981
0.434912489178999995
0.434893901322000009
0.434750821123999986
0.434789849095999992
0.434657310390999974
0.434792390169999987
0.434823269291999992
0.434718885025999979
0.434867732040999988
0.434717769799999987
0.434744534969999985
0.434950973934000007
0.434925903856999974
0.434887936726000013
0.434959797244000024
0.434805318123999973
0.434805607915999981
0.434757732191000001
0.434992128455999993
0.434846748088000001
0.434843319582999988
0.434722941412000019
0.434925499345000022
0.434921597333999987
0.435083862192999993
0.434808444987999976
0.434742133340999981
0.434688270242000019
0.434556056700000026
0.434482481387000019
0.434400160964000026
0.434411746285999989
0.434609400455000017
0.434679672133999995
0.434575548711000015
0.434683567639000012
0.434714937946000024
0.434764295881999996
0.434618881299999982
0.434638752321999999
0.434831388817000009
0.434845704938000011
0.434693134779000012
0.434794012795999996
0.435105654278999998
0.435032589020000027
0.434945994496000021
0.434714752019000006
0.434766270740999994
0.434616815262000022
0.434614486676000000
0.434810893925999975
0.434814892239999973
0.434783763177000016
0.434657610601000000
0.434713081235000021
0.434810704636000023
0.434792931476999989
0.434892013329999993
0.434921289262999999
0.434854119420000018
0.434893383118999999
0.434822104845999979
0.434750340259999979
0.434861001914000012
0.434749610057000024
0.434863350872999987
0.435030029290999987
0.434768563795000007
0.434765549127999973
0.434901244274999987
0.434726354403999982
0.434764922923000008
0.434715355340999976
0.434974185193000018
0.435061463358999978
0.435159506099999982
0.435088480642000008
0.434785493036000004
0.434840736047999998
0.434774493543999996
0.434703538030000003
0.434718064933000026
0.434877495027000016
0.434777971338000002
0.434961601929000019
0.434856274272000021
0.434978034173999994
0.434927303358999984
0.434976775087999978
0.434915984731000016
0.434977177541999993
0.434757685512999981
0.434613068784000023
0.434806073943000027
0.434685969996999988
0.434703846436000019
0.434772395440000015
0.434780043695000007
0.434745881747999996
0.434579547675999989
0.434847046113999991
0.434731897385999988
0.434840506738999988
0.434755007701999985
0.434901700512000000
0.434899903628000017
0.434833140509000016
0.434666524050000003
0.434747948853999977
0.434747281466000002
0.434618226951999975
0.434751140606999986
0.434810428857999975
0.434565577707999973
0.434828539361999999
0.434975485155999986
0.434818982237999974
0.434905201026999977
0.435009964670000027
0.434839142156999980
0.434963073127999977
0.434761234719000023
0.434835524781999994
0.434811164621999979
0.435016873475000010
0.434871471998000025
0.434748616219000017
0.434828592419000015
0.434653395998000014
0.434847612981999976
0.434754992015999986
0.434683551168999982
0.434866417504000013
0.434913433557999995
0.434651493265000022
0.434878697227000011
0.434825499971999985
0.434837562672000022
0.434766107048999983
0.434908753375000012
0.434774868905000000
0.434830889336000004
0.434665484732999985
0.434736321430999995
0.434735923299000016
0.434803135871000002
0.434840625102999978
0.434759513461000002
0.434542129559000012
0.434615855030999976
0.434792615132999993
0.434602592993000025
0.434858618274000019
0.434559383638000007
0.434613339526999987
0.434774294256000005
0.434671410935000002
0.434581615453000003
0.434752467585000024
0.434943085723000000
0.434899897816000025
0.434839997704999981
0.434814976771999984
0.434686484955999985
0.434563638480000014
0.434531342054000014
0.434525777406000013
0.434599695314000001
0.434676439964000016
0.434661842364999995
0.434944272565999990
0.434896821135999978
0.434701571123000008
0.434755797602999983
0.434598218556999982
0.434829982487000000
0.434925010738999973
0.434907761976000007
0.434732950349999980
0.434524603939999976
0.434704005338000021
0.434675321148000005
0.434629231989999976
0.434587873627999999
0.434775067327999976
0.434750411158000005
0.434544548156000021
0.434732458124000021
0.434610276126999984
0.434709468827999990
0.434802758060999994
0.434749270706000002
0.434708593804999988
0.434773566644999998
0.434872813209999987
0.434831882288999994
0.434697123194999979
0.434800945562999974
0.434841002754000006
0.434602754985999984
0.434531552456000003
0.434528364080999985
0.434599575246999992
0.434880517404000022
0.434810777553999994
0.434964557510999994
0.435204672706999973
0.435080963353000005
0.434826283004000003
0.434824171280000005
0.434734713421999985
0.434741327866999983
0.434877461681999977
0.434727890434000008
0.434533927691999999
0.434660298955000024
0.434842988441999978
0.434757936720999993
0.434798289409999983
0.434757458890999982
0.434889822059000009
0.434733294971999973
0.434623172444000005
0.434539575633999975
0.434709402992000005
0.434784934485999974
0.434763645543999988
0.434809840085999988
0.434878982214999987
0.435104854202999991
0.434821605363999997
0.434781477904999991
0.434936636022000001
0.434760962696999986
0.434879134925000022
0.434743680986000025
0.434572733827000013
0.434759654965000020
0.434566928058999991
0.434513512223999976
0.434495699223000020
0.434541483795999994
0.434809250094999988
0.434825687233000024
0.434835455842999985
0.434849972568999987
0.434749579057999991
0.434923085240000007
0.434886850311999973
0.434787469944000027
0.434912165256999994
0.434939219220000006
0.435056713190000000
0.435006580714999980
0.434723336236999991
0.434815308665999989
0.434984455985000018
0.434902162762999978
0.434810464632999993
0.434692155831000016
0.434691252849000009
0.434774579677999984
0.434778057837000020
0.434734868384999973
0.434654693013000026
0.434544859534999994
0.434541429726000017
0.434560380360999976
0.434795190928999986
0.434585795348000015
0.434710176492000000
0.434632328035000015
0.434737400155999987
0.434851609458999977
0.434665968449000018
0.434687699433999986
0.434656961878000014
0.434739197068999994
0.435070318600999983
0.434981672456000001
0.434794651375000007
0.434935962313000024
0.434986484815999996
0.434800006896999991
0.434744768020000005
0.434826474166999988
0.434752687169999985
0.434753191957999996
0.434979985366999999
0.435029152942000008
0.434776732572000002
0.434593866975000021
0.435013114447000027
0.435111071492999990
0.434831066574000003
0.434906462888999978
0.434833664778000006
0.434956587803000005
0.435065003509000015
0.434813881690000015
0.434616791901999977
0.434518006022000025
0.434692848414000022
0.434923551339000014
0.434778193475999997
0.434784707928999981
0.434650562635999993
0.434832515915999973
0.434664369248999982
0.434662926032000019
0.434770574635000018
0.435214496939999973
0.434938665310000028
0.434786736973999999
0.434740504086000012
0.434648522239000024
0.434664336977000021
0.434632163718000009
0.434732261477999982
0.434674396469000024
0.434739042851999991
0.434750585463999972
0.434879982619999994
0.435007506122000009
0.434791559729999999
0.434807673118999982
0.434822033624999993
0.434680724859000001
0.434845836756000026
0.434775758381000021
0.434641166715000027
0.434805948828999977
0.434826255057999989
0.434976042090000015
0.434942403716999992
0.434788637109000009
0.434783442116000007
0.434945025210999980
