0.437752207775000013
0.438046126987999995
0.438046751695999992
0.437916788547000002
0.437933315694000014
0.437880303708000018
0.437920113802000022
0.437787401058000014
0.438014899617999998
0.438172689818999983
0.438054532491999993
0.437965302938000012
0.438019241619000022
0.438105052070999978
0.437973135929999979
0.437872501769000000
0.438021265009000016
0.437909792972000000
0.438054675482999978
0.438146458226000013
0.437878119221000006
0.438025271453999998
0.438099377028000003
0.437898903077000023
0.438100156736000002
0.437995607510999974
0.437938096348000017
0.437765232537000004
0.437709973733000024
0.437754056619999998
0.437937285486000027
0.437706478068000004
0.438041568238000001
0.438172985304000007
0.438120527317000019
0.438264894179999975
0.438067875308999988
0.438153179238999990
0.437872985203999976
0.437815436991000007
0.438011553554999988
0.438064225083000025
0.438150838714000013
0.438082722084000009
0.437832079405000019
0.437825850492000013
0.437829554371000018
0.437921983218999999
0.438072379823999991
0.438192505304000002
0.438270854117999986
0.438213313257000026
0.438083537764999975
0.437909928105999990
0.437998492718999988
0.437812183615000017
0.437881564748999974
0.437991453691000010
0.437978486210999995
0.437973485142999996
0.437868972374000021
0.437797825046999989
0.437894688513999986
0.438029753849999981
0.437982626245999984
0.438004402166000006
0.437871096696999973
0.437998653228000023
0.437947681982999992
0.437789628754999993
0.437809031361000023
0.437867519410000017
0.437645864888000002
0.437581709533999996
0.437782497333000009
0.437709103840999980
0.437639693449999978
0.437817481570000000
0.438049592210000005
0.437912971935000006
0.437950996511000001
0.438005284253999982
0.438155632414000018
0.437924841522999986
0.438003451626000018
0.438016992390000026
0.437923197694999988
0.437929575572000018
0.437844247454000024
0.437887899236000022
0.437678051025999992
0.437780378743000020
0.437978603833000024
0.438189559070999990
0.438136601379999990
0.438193692944000013
0.437983041151000008
0.438125895759000017
0.438135542852999993
0.438150248001999976
0.437913501408000005
0.437822075739000005
0.438054341311999995
0.437870565993000005
0.437766889306999973
0.437700190285000013
0.437843594434000005
0.437682175728000000
0.437697916530999986
0.437703093468000015
0.437811005882000004
0.437938452892999985
0.437854431983999981
0.437673446864999982
0.437715723825000014
0.437985327463999985
0.437891662530000003
0.437937907211999988
0.437795796362000000
0.438106786766000011
0.437952190525999985
0.437938783650999974
0.437775904956999973
0.437810395118000018
0.437951872021999977
0.437921083518999998
0.437859520015999981
0.437937152935000018
0.437867421844999993
0.437839313156999976
0.437847256045000022
0.437934400644000021
0.437963929578000011
0.438015193854000007
0.437910060759999997
0.438121922935999997
0.438063750206000024
0.437956377913999995
0.437803285386999974
0.437905396645000000
0.437801149592999983
0.437668145449999990
0.437616760059999999
0.437717271326000024
0.437842580510000023
0.437839405761999978
0.437713041159000005
0.437584683448000000
0.437834896159999987
0.437805386148999998
0.437711913160999999
0.437800618159999988
0.437815010893000012
0.437965606545999975
0.437918630857000002
0.437783754367999989
0.437721018515999982
0.437670852606000027
0.437792786526000011
0.438008255525999979
0.438218631560000016
0.438070292423999974
0.437939750063000011
0.438027024333999981
0.437922467551999983
0.437940569634000021
0.437905482904999976
0.438116847897000006
0.437979987369000012
0.438300136973999999
0.438231218275000001
0.437974289088000013
0.438043735940999990
0.438013664219000010
0.438104286236999985
0.438143734085000014
0.438006180482000018
0.437908017540000027
0.437783850129000007
0.437932276424000011
0.437870904123000004
0.437831172388000012
0.437762745700999989
0.437679831435999978
0.437731895521999981
0.437858518312000011
0.437676242381000002
0.437669353438999986
0.437774021010000014
0.437941856786000006
0.438089978770999977
0.438057620686000015
0.438123080614999993
0.438208873785999986
0.438073371195999983
0.438033021698000014
0.437995694820999981
0.438072565523999979
0.437812686833000009
0.437855635236999996
0.437890997826999973
0.437910222652000025
0.437874076730000006
0.437972840400999985
0.437935637135000000
0.438143279062999991
0.437940477330000022
0.437989206091999983
0.438063206159999996
0.437847497101999994
0.437919511016000018
0.437883048280999998
0.437806370253999988
0.437731271307999992
0.437683406303999989
0.437564988250000009
0.437867792280999979
0.438030796795999988
0.437944207949999997
0.438023614339000000
0.438014296601999975
0.437966924541000002
0.437846842023000005
0.438034502938000003
0.437999989608999996
0.438050714055999990
0.437833119790999981
0.437792164111000026
0.437595391787999999
0.437947048584000020
0.437956762473000027
0.437969709076000024
0.438103292962000013
0.438008790451999974
0.437834127442999987
0.437785666495999981
0.437837464833999990
0.437802340161999981
0.437837769453999992
0.438134187196999980
0.438155044446000008
0.438206777521999991
0.438193316808999977
0.437968872427999978
0.437910585786999984
0.437913568081999993
0.438036400970999995
0.438002149532000007
0.437969847050000027
0.437908106661999974
0.437859842140999989
0.437742515534000010
0.437997198488000006
0.438168427919000014
0.438171000310999981
0.437998947510000014
0.438140041643000022
0.437936457200000018
0.437984826730999977
0.438075143310000026
0.438081216150999986
0.438080166833999973
0.438222635023000018
0.438185533884999978
0.437891686742000019
0.438007773601999995
0.437920548201999993
0.437999110997999985
0.437816972947000005
0.437856425677999983
0.437884220320999995
0.437922968219000008
0.438011904422999976
0.438000065770999980
0.437916444547000017
0.437945658583999975
0.437878945924000007
0.437877048466000007
0.438026343242000016
0.438053333343000006
0.437956919308999992
0.437790967041000012
0.438082009823999974
0.437930220443999985
0.438070432108000007
0.438039429358999977
0.438003374012000013
0.438034340824999979
0.438044885338000012
0.438004670493000015
0.438100147488000025
0.437962628716000002
0.437904885528999976
0.437843202686999999
0.437871437184000012
0.437830200853999985
0.437671383841000017
0.437758393046999983
0.438040346783000023
0.437955725788999994
0.438005716443999993
0.438098754634999976
0.437784083087000009
0.437887724365999986
0.437875406681000001
0.437856988858000007
0.438040666909000009
0.437940904126000008
0.437941857297000026
0.438047806413000007
0.437853871810000017
0.437841989044000013
0.437783649714000023
0.437948463532999988
0.437915481905000015
0.438036125343999994
0.437899630405999996
0.437889272305000021
0.437873758529000012
0.437934848415000022
0.437863896924999996
0.437751401220000003
0.437793166866999983
0.437990119414999990
0.437944641261000023
0.437911655248000020
0.437742427468999995
0.437631343090999991
0.437699904073000023
0.438016462606000023
0.438080558605000003
0.438000640426000010
0.438063008287999989
0.437804168310999997
0.437871229264000017
0.437758765780999981
0.437720099673999996
0.437809326888999983
0.437832813699999990
0.438012734098999990
0.438027950095999985
0.437882398123000005
0.437841583114000010
0.437980108408000002
0.437874713374000024
0.437898618475000001
0.437927688977999996
0.437811501463000019
0.437939665832000002
0.437969043148999981
0.437777625958000016
0.438070994900999988
0.437809948022999995
0.437842553179000005
0.437855819573999994
0.437896434027000014
0.438078786115000007
0.437912728713999999
0.437688009026000024
0.437810928872000016
0.437837284910000013
0.437902027487000023
0.438083612966999991
0.437856037269999998
0.437822638323000002
0.437796666858000005
0.437800535898999976
0.437765075087000022
0.437814674226000011
0.437812358123000012
0.437846696812000002
0.438073015485999973
0.438078993528000005
0.438031728093999984
0.437804819191999983
0.437805975658000002
0.437987138345000027
0.437728160442000025
0.437750929419000012
0.438125679346999974
0.438060341530000008
0.438074224206000007
0.437999524447999999
0.438071027584000017
0.437901619078000015
0.437902950969000004
0.437824683544000004
0.438097716980999974
0.438034021346999980
0.437934871933999992
0.437823360895000013
0.437590481543000009
0.437657892632999979
0.437643313054000005
0.437870279678999996
0.437945516210999974
0.437857224227000019
0.437985999655999991
0.437902833777999989
0.437856343852000007
0.437783745579000017
0.437944551459000020
0.437729020021000004
0.437832892171000021
0.437742695244999980
0.437720358354000028
0.437804806155999982
0.437882352279999998
0.437746740040000026
0.437759424688999976
0.438003833100000017
0.437853017557999991
0.437819278212000007
0.437806649361000000
0.437767132168000006
0.437836680044999982
0.437767231505999999
0.437859426825999987
0.438029761994999989
0.438008374531000000
0.437891420264999998
0.437976952726000013
0.438027986841000028
0.437961656149000012
0.437794708392999998
0.437838666945000010
0.437921935940999985
0.437901244174000004
0.437995230635000010
0.438063566457000009
0.437892512723000005
0.437982143800000001
0.438034380675000001
0.437921989421000024
0.437938922715000012
0.437972746967999982
0.437966949321999977
0.437913258034999975
0.437804819196999984
0.437719845448000022
0.437723677137999978
0.437707196710000024
0.437862236158999996
0.437779001481000019
0.437909179817999983
0.438149414844999974
0.438140189768000010
0.438021930243000013
0.438035622441000028
0.437681199382000008
0.437658359333000013
0.437728695251000000
0.437796904014999988
0.437899264121999976
0.437831668452000000
0.437796461897000000
0.437790636351999995
0.437941867619000003
0.438039193129000026
0.437915766983999977
0.437774279734000016
0.437709763054999978
0.437968923602000015
0.437950797409000003
0.437926372027999999
0.438008775537000017
0.438013565009000017
0.437973337700999998
0.438000229216999992
0.437970958344000016
0.438212863525999974
0.438059666090000022
0.438162460229000017
0.438254559220000006
0.438199622020999990
0.438175164487000002
0.437985237555999996
0.437983737724000011
0.438164019314999986
0.438069161729000012
0.438009408398999989
0.437850186699999977
0.437851683488999999
0.437829623348000019
0.437762922265999999
0.437840078088999995
0.437864509818999992
0.437916987395000012
0.437844649129000008
0.437686573071000007
0.437923995768999985
0.438031531969000021
0.438105031829999991
0.437851434588000021
0.437810028562000020
0.437719020140000026
0.437641941427000025
0.437947333815999984
0.437856058652999980
0.438004972202000020
0.437967571296999980
0.437800725777999999
0.437984542550000022
0.437872438533000008
0.437920667245999984
0.437860532746999986
0.437806986876000004
0.437809359195000025
0.437895388983999989
0.437837343569999982
0.438058376279999995
0.438137640469000000
0.438109912466999984
0.437908521504999981
0.438229017320000025
0.438256518278999974
0.438161601851000004
0.438099583673999982
0.437918941012999996
0.438013644034999983
0.437972768479999996
0.437729473887999987
0.437847614765000004
0.437864279236999998
0.438029146373000000
0.437791303477999993
0.437928573852000014
0.437790864715999983
0.437615135925000009
0.437545087197000027
0.437804936019000002
0.437562872990999996
0.437677253734999994
0.437691078710999992
0.437771930796999997
0.437816621632000025
0.437848683321999999
0.437816650691999987
0.437763767364000023
0.438035624173999993
0.437892651311000025
0.437733400010999973
0.437665919153999994
0.437786159600999980
0.437944786325999980
0.437933706051000016
0.437767043317999982
0.437812867883000001
0.437992379451999980
0.437778886796000022
0.437847963128000006
0.437814190506999990
0.437836986990999988
0.437831092074999983
0.438114613869000025
0.437983514572999999
0.437893159723000025
0.437827856553999972
0.437819023975999977
0.437830783042000016
0.437808530548999986
0.437913148342000014
0.437646045925000005
0.437845055546000006
0.437620347234999985
0.437789086669000016
0.437817958702999999
0.437885140755999991
0.437912148832000026
0.437881436070999996
0.437978968748999997
0.438030736413999977
0.437956760187000027
0.438100813004999978
0.437980320856000027
0.437979765008000010
0.437818018315999979
0.437722450676999997
0.437703816558000003
0.437968529341999979
0.437783707477000017
0.437799590105000025
0.437984819380000001
0.437915425093999999
0.438001492966999972
0.437841752696000008
0.437948082123999993
0.437833520776999996
0.437894855284999995
0.437894701965000022
0.438082157492000024
0.438019868751000019
0.438176834916000013
0.437836513726999998
0.438105321168999973
0.438069467001000024
0.437864951511000022
0.437817097037999980
0.437669587962000006
0.437929700525000021
0.438072146074000024
0.438196146703999978
0.438148168253999992
0.438185346018999999
0.438038330882999982
0.438003833534999998
0.437884116215999986
0.438104500768000005
0.437966968382999977
0.437966785300999972
0.437917703087999988
0.437859918592999997
0.437772494705999993
0.437831964515999983
0.437960856248000019
0.437966793482999994
0.437957272402999975
0.437683584663000003
0.437767687868000022
0.437845411630000014
0.438045672931999974
0.438075110104000021
0.437906054606999995
0.437882514168000003
0.437881614049000001
0.438199870247000023
0.437888931641999990
0.437836161948999991
0.437999455970999985
0.437889032861999983
0.437903060258999999
0.437734467849999975
0.437876173849000017
0.437735172146999973
0.437934388369999983
0.437814927387000008
0.437872557739000023
0.438114705260000015
0.438048829508000004
0.437918746615999999
0.438084718824999997
0.437982512297000026
0.437891098869000017
0.437776883035999986
0.437760215291000010
0.437945616526000003
0.437976848651999984
0.438144028813000019
0.438114177298999985
0.438120143891999991
0.438032362833000011
0.438161973762999979
0.437982304667000000
0.437968955952000027
0.438028527476999996
0.437804176694000013
0.437896847161000025
0.437797996234000009
0.437905664119999982
0.437645211275999979
0.438053041508000007
0.438117260321999991
0.438235036284999990
0.438258427552000007
0.437886878726000017
0.437777642287000002
0.437722601006000023
0.437768480914999980
0.437833138253000020
0.437973155928000013
0.437887931078000003
0.438072747661999995
0.437997642242999974
0.437941937196999975
0.438000067060999976
0.438045275057000028
0.437915989800999994
0.437639184061999975
0.437671604709000017
0.437864256484000014
0.437937543564999976
0.437992472538999977
0.437943472858000005
0.438014513295000019
0.437921370792999975
0.437990652294000027
0.437693621560000024
0.437708220596000008
0.437711684065999973
0.437679467253999976
0.437919822675000014
0.437889503000999991
0.437746493675000015
0.437646510119000021
0.437862151106999997
0.437831796632999981
0.438153575284999985
0.437853255341999981
0.437965844130999982
0.437909485056000025
0.437996721031999992
0.437864439328999988
0.437970035889000020
0.437928630805999974
0.438160684678000012
0.438070840818999996
0.438142474499999990
0.438184935522999974
0.437987863029999980
0.437978144151000004
0.437816661735000001
0.437813795241000003
0.437820784766000004
0.437993362017000010
0.437880007469000021
0.438087620870000027
0.437922320302000012
0.437935052629999988
0.438054731528000008
0.437986724518000026
0.438045215945999988
0.438039815416000011
0.438220923323999978
0.438101200149000003
0.438012223588000016
0.438206864284999997
0.438275453844000018
0.438159255008999993
0.437779981761000025
0.437672130062000009
0.437838549700000024
0.437813638931000004
0.437917752175000008
0.437887311496000020
0.438034708438000020
0.438106092692000015
0.438051088106999997
0.437961962480000022
0.437816208553999997
0.438008297007000003
0.437909271980999992
0.438049015596999991
0.437823704024000004
0.437748810223999973
0.437901494103000000
0.437835210360000004
0.438032714094999998
0.437956580559999975
0.437859080043999982
0.437954223423000000
0.437981788576999986
0.437711356973999988
0.437929100711999975
0.437816333191999973
0.437734065033999975
0.437785035583000026
0.437722464940999978
0.437833246743000004
0.437762315431000026
0.437536769634999989
0.437931407769000025
0.437931701994000000
0.437942576031000008
0.437997390125999975
0.437972885520999999
0.437900106151999979
0.438016905811999979
0.438011489711000013
0.437825786158999974
0.437870476238999995
0.438039126634000020
0.438108976666999994
0.438037731524999974
0.438123585895999978
0.438009546261000027
0.438065403304000012
0.437970450524000021
0.438079964732000005
0.437908035174999988
0.437905888515999986
0.438107661724999986
0.438078301394999980
0.438125045671000024
0.438137749173000024
0.437998328672000004
0.437896183020999974
0.437886414770999988
0.438138475776999992
0.438082406109000011
0.437987971279999999
0.437837397176000009
0.437866044725000014
0.437912315293000010
0.438076086673999998
0.438172292876000014
0.438171854119999982
0.438152613048999995
0.438092747331999988
0.438153875239999990
0.438049250680000002
0.437803633051999985
0.437721837567999983
0.437693653183000020
0.437853077197999985
0.437912982045999988
0.437777205386000012
0.437817438547999982
0.437619997265000005
0.437730892967999996
0.437763671791000009
0.437883460328000018
0.437887440914999981
0.437870516656999997
0.437937170426000000
0.437993003499000000
0.437844139181999992
0.437814862389000026
0.437775818992999999
0.437799733882999975
0.437785556440000001
0.438004181090000000
0.437898731210000003
0.437934676942999979
0.437927722098000016
0.438020225895000004
0.437964006936999994
0.438042180659000024
0.438056690786000014
0.438047272887000017
0.438139189835999976
0.438027471782000022
0.437896479895000024
0.437874343787999998
0.437730093913999974
0.437763564802999994
0.437988186571000027
0.437997464642999990
0.437928460153999999
0.437828186614000026
0.437811112984999973
0.437787107753000004
0.437905906763000008
0.438129160010999996
0.437906038592000002
0.438010915659000022
0.438170363326000012
0.438021610896000002
0.437811112737999997
0.438001836387000021
0.437861142423999983
0.437624761149000008
0.437667918177000015
0.438017865717000021
0.437939277873999999
0.438056553093000012
0.438083368423999975
0.437981385333999995
0.438072153075000026
0.437842123079000001
0.437861810793999995
0.437888626132000025
0.437927388232000003
0.438149719750000000
0.438034461651999996
0.438072745340000014
0.438063701886000023
0.437996163942000027
0.438085011601999974
0.438000513470999997
0.438150241250000017
0.438078725627000010
0.438098705754000006
0.438241911501999981
0.438314769285999994
0.438188755829000021
0.437876947086000001
0.437907240430999989
0.437750564085999994
0.437917188853000017
0.437815525644000003
0.438014611694000022
0.437864494007999983
0.437636991493000005
0.437860869247999995
0.437869300861999988
0.437733844506999981
0.437785401321000023
0.437878611028000020
0.437913351936000006
0.437864358231999984
0.437918917119999973
0.437829890820999990
0.437842574882000013
0.437833150657000014
0.437896382349000024
0.437858648997999977
0.437799942283999988
0.437982877787999991
0.437846835795000000
0.437823267731999977
0.437637201493000005
0.437588234106999985
0.437781807035000026
0.437858867448000011
0.437883227707999978
0.437867868105000002
0.437949030600999989
0.438057841178000007
0.437840798982000012
0.437693721892000009
0.437690453704999982
0.437975430188999981
0.437844527910000003
0.437763989292999978
0.437886864749999993
0.437608920254999978
0.437976291868000023
0.437844894604999979
0.438030325381999985
0.438030827818999990
0.438069189982000007
0.438138138542999989
0.437918522462000026
0.437794352559000011
0.437793801322000020
0.437803150207999980
0.437889802413999996
0.437898052919000025
0.437913609322000019
0.438062618291000017
0.437866648552000026
0.437986039800999982
0.437833967551999992
0.437795304413000019
0.437939223636999997
0.438089516617000019
0.437818798236999984
0.437972151827000000
0.437997192124999990
0.437787685960999984
0.437791022649999972
0.438086021760000000
0.437977900036000012
0.437922901932000008
0.438014306686999977
0.437909263453999997
0.437891554374000014
0.437833857336999976
0.438124783251999994
0.438039068094999984
0.437925358145999977
0.438032693974999998
0.438014984072999991
0.437876782553999977
0.437967241341999991
0.437946166841000017
0.438031648396999984
0.437897502358999990
0.437910035066999992
0.437988647956000010
0.438030329709000021
0.437897061310999980
0.437927304056000000
0.437901421969000004
0.437924393093000019
0.437666041208000012
0.437710637256999990
0.437715735471999989
0.437768398582000007
0.437907946887000021
0.437930712027000013
0.437885982574999999
0.437747382911000016
0.437691064154999976
0.437750946576000000
0.437788240248999982
0.437722839954999998
0.437860710850000001
0.437914886125999991
0.437956728231999992
0.437807822414000014
0.437937612172000001
0.437904253005000021
0.437824117761999976
0.437999837802000025
0.437885131621999990
0.438034444387000010
0.438075715152000000
0.437950989595000006
0.437813470613000022
0.437683357978000009
0.437836294700999995
0.437971806249000006
0.437984418977000023
0.437816386409999980
0.438047224723999984
0.437897997325999988
0.437698406488999991
0.437744056243999979
0.437975575274999973
0.437966549963999974
0.438075012897999994
0.438093361248000024
0.437933921474999988
0.438084500917999997
0.438109480147000019
0.437979322712000019
0.438012861954999999
0.438017792648000004
0.438140750319000016
0.438139506441000026
0.438128148253000005
0.437942651828999996
0.438081099076000013
0.438116936397999979
0.438139604660999993
0.437948846692999993
0.438085525202999981
0.437950539139999984
0.438076386584999977
0.437957042076999981
0.437856746419999998
0.437753612374999990
0.437873227265999976
0.437880602384000006
0.438005511479000020
0.437777283236000014
0.437822932035999979
0.437808742302999987
0.437931778739000022
0.438039451929999990
0.437787663040999975
0.437685243128000001
0.437911383333000004
0.437890353372999974
0.437846496960999976
0.437932912138999986
0.437938896937000000
0.438034711008000011
0.437833293612000019
0.438058593298000010
0.437940612349000002
0.437694152763999977
0.437826785423000020
0.437906754261000009
0.437865815323000007
0.437804111918999983
0.437872075399000027
0.437822354588999985
0.437904983013000015
0.437781317414000004
0.437662481809000026
0.437829104871000019
0.437904746369000009
0.438047112178000020
0.438031529119999985
0.437765648427999976
0.437863907064000024
0.437788226860999996
0.437906773655000026
0.437979027211000016
0.437889627198000009
0.438061686826999974
0.438073122885999977
0.437843883022999980
0.437819810653999997
0.437903509294999993
0.438035369632999994
0.438119477471999974
0.437984952746000022
0.437890890884999995
0.438049620219999991
0.437965409074999978
0.438016336602000012
0.437760931731999980
0.437793366630000014
0.437875100670000017
0.437937781091000011
0.437889527752999996
0.437835899914999993
0.438053099996999984
0.437777664806000000
0.437753065612999981
0.437845424925999982
0.437634675764000003
0.437682855435000018
0.437805117369999997
0.437721475329000020
0.437950917195999989
0.437883716551000002
0.437905904096999976
0.437975495255999991
0.437924930150999980
0.437905707979000025
0.437964178300000007
0.437905046854999980
0.437999268463000024
0.437879405679000022
0.437833441217000019
0.438044128910999975
0.437969764353000002
0.437859660476999979
0.438050456694000001
0.437879272912000017
0.437827378805000000
0.437906879535000015
0.437810965998999990
0.437892260869000016
0.437762889888999973
0.437925613513000023
0.437988504178999982
0.438040081874000009
0.438016229596000006
0.437964938269000015
0.437991446002999996
0.437865834761999972
0.438020476069000020
0.438026637522999973
0.438067855050999988
0.438002851545000016
0.438108699217000019
0.438059649953999986
0.438078974921000008
0.438045093225999993
0.437914996318000016
0.437866550397999987
0.437922499663000009
0.437917990882999986
0.437999551785999974
0.438080810546999988
0.438256061279999998
0.438096461855999986
0.438216565853999984
0.437991145866000020
0.437839734435999994
0.437623526717999978
0.437865871341000024
0.437828344729000007
0.437910933619999998
0.437745924015999988
0.437887146146999973
0.438015318139000021
0.437875365098000013
0.437893359925000003
0.437857758212000014
0.437908030456000019
0.438070726247999975
0.438085950802000024
0.437954003170999973
0.437982651845000015
0.437949629075000013
0.437881054164000028
0.437913480625000018
0.437903889110000000
0.438061737507000004
0.438132797903000026
0.438160968596000011
0.438122160611999989
0.437858903994999993
0.437858648648000004
0.438092801796999998
0.438120376244999998
0.437861655053000010
0.437699638042000017
0.437683098444999974
0.437669390032999983
0.437697712337999978
0.437917382611999972
0.437866964196999997
0.437820310619000008
0.437913529919999989
0.437754813758999994
0.437959631083999990
0.437906350050000004
0.437956884792999990
0.437971842230999997
0.437797243005999981
0.437934491967000017
0.437999577186000022
0.438237215929000001
0.437956388236000027
0.437997516902999984
0.438136943419999980
0.437891642984999996
0.437950672885000003
0.437914058082999991
0.437895784208999994
0.437976460843999993
0.438031914234999986
0.437875104317999975
0.437947911051999983
0.438040668144999978
0.438141897132000024
0.438200519545999978
0.437967139946999984
0.437881082262999988
0.437792857072999975
0.437856878825999996
0.438049419494000003
0.438070221531999981
0.437885557385999991
0.437867071669999997
0.438078077303000024
0.437956881826000011
0.438081465093999978
0.438017818527999980
0.438122551347000011
0.437916358336999989
0.437828353812000026
0.437871722794999974
0.437963109703000009
0.437881168518999997
0.437848754855000022
0.437902123566000001
0.437921891557000009
0.437763626301999997
0.438013820439999979
0.437817960735999989
0.437595057025999989
0.437654722398999996
0.437772409468999979
0.437853101470000006
0.437803167393999992
0.437890725950999982
0.437728961621000001
0.437719223135000002
0.437976323143999979
0.437859793519000007
0.437791252026999977
0.437824291347999994
0.437804710044999990
0.437764993049999995
0.437790717273999985
0.437913452395000014
0.437907339512999982
0.437886190838999989
0.437972809788000017
0.437824254226999998
0.437850514003000013
0.438045996513000024
0.437849754520000023
0.437763777169999979
0.438046266587999999
0.437942215683999991
0.437840679268999999
0.437844311810999975
0.438011980196000017
0.438116009470000012
0.437846498061999989
0.437762886843000021
0.437934503897000005
0.437947026603000000
0.438054793504000006
0.438070261911999992
0.438171261304000026
0.438502939041999995
0.438289017662999991
0.438155104969999987
0.438069308779000022
0.438158514481000017
0.437924998008999977
0.437747820452999981
0.437774855412999986
0.437954725461999983
0.437849710519999991
0.437734316013999980
0.437864878896999987
0.438026994205999998
0.437946731847000004
0.438052471310000024
0.438091002166999977
0.438148915385000004
0.438157400257999985
0.438118826690000018
0.438033704821999992
0.437924960919000017
0.437934642739999991
0.437878852081000025
0.437898765174000004
0.437840159647000016
0.438082045219999994
0.437930180426999993
0.437982858438000000
0.437893208121000022
0.438063651915000019
0.437873767816999993
0.437962630869000002
0.438008017257000004
0.437966403413000027
0.437985061150999999
0.437817284643000015
0.437962814772999975
0.438119747251999980
0.438053332369000015
0.438039853598000017
0.438092634518999990
0.437942946434999980
0.437722543713999990
0.437763763465999989
0.437826749858999997
0.437927054420999995
0.438014793427000004
0.437790446526999999
0.437822287493000006
0.438081762997000024
0.437924284506999995
0.438131369885999988
0.437972483937000001
0.437881731245999994
0.437922767303999982
0.437932684060000021
0.438131871163999986
0.438117529539999995
0.437987748306999991
0.437835805716999982
0.437806981561999986
0.437816261031000020
0.437742538123000013
0.437984430638000022
0.437839572893000017
0.437862758803000018
0.437856801906000015
0.438156359637000004
0.438063457041000026
0.437862858151999990
0.437820802151999977
0.438091836422000003
0.437886344501000002
0.437916259606000002
0.437975628499999992
0.437846265821999980
0.437749597799000023
0.437708468660000016
0.437884063278000002
0.437761790910999982
0.437884164658999986
0.437967401121000022
0.437827264813999972
0.437844706603000011
0.437964222487999988
0.437943999427000019
0.438017908384000010
0.437812584998000021
0.437880433040999995
0.437820989845999986
0.437630234168999988
0.437759310572999993
0.437973433553000002
0.437978171319999998
0.438055623427999974
0.438026853218999979
0.438105380717000004
0.437944053343000017
0.437756947110999994
0.437808941000000007
0.437838310314999979
0.437858541499999976
0.437831844167999973
0.438056216516999997
0.437900593700999985
0.438019041481999993
0.437834520306000008
0.437963529625999992
0.437873519603000028
0.437988576562000020
0.438020056167999994
0.437934153935999992
0.437963011497999988
0.438160779857000027
0.438093244970999995
0.438070941227999999
0.437991751629999981
0.437948077631000021
0.437962943102999991
0.437869161901000004
0.437887689648999989
0.437889368027999992
0.437755583416000016
0.437739650731000018
0.437662056691000001
0.437871800164000013
0.437889271836000016
0.437726516258000020
0.437975596580999993
0.437817439887999982
0.437855279292999999
0.437847651742000021
0.437682774260999996
0.437634448592999992
0.437701167707000016
0.437898821069999999
0.437676154277999996
0.437654521783999995
0.437653664330000025
0.437682775287999981
0.437842553932999978
0.437991400558999988
0.438036622067000003
0.438021720253000013
0.438167020339000013
0.438042956884000023
0.437886960298000005
0.437889540937999977
0.437865617521999984
0.437879276940000006
0.438062210981999989
0.437776483187000021
0.437819925037000013
0.438008751876000024
0.437916090084999987
0.437993601366000018
0.438064000344000004
0.437927864785000009
0.438144538289000018
0.437906619255000018
0.437804864741999977
0.437809830406000022
0.437686703858999993
0.437657710563000013
0.437801660139000015
0.437846764521000020
0.437806407550999976
0.437826686884000005
0.437572485766999975
0.437687552242999989
0.437917926421000026
0.437943094244000020
0.438023607408000004
0.437935029611999982
0.437813612558999976
0.437633424893000000
0.437859997727999994
0.437942169383000013
0.437991867576999983
0.437797991177000023
0.437902756386999992
0.437873845563000019
0.438056301826000027
0.438175552028999993
0.438060205087999976
0.438010976931999974
0.437972496094000019
0.437812758281000025
0.437831193018999976
0.437780675150999998
0.437741057508999998
0.437903569975000018
0.438085924969999985
0.437996320474000000
0.437965641339000011
0.437958320356999997
0.437899289018000015
0.437865802300999973
0.437663623810999991
0.437802898052999989
0.437910230855000027
0.437817304395999973
0.437884483963000004
0.437861829528999991
0.437985264804999996
0.438147270164000013
0.438137754174000027
0.438190518990000000
0.437991735913999980
0.437781902145999990
0.437898147038999985
0.437969831054000003
0.437952958915000023
0.437775985816000024
0.437901516855000006
0.437994296775999992
0.437936954888999974
0.437877242010000001
0.437908417320999999
0.437745931709000002
0.437756480035000006
0.437918012676999979
0.437881237310000004
0.438019270033000008
0.437942115154000000
0.437756860417999993
0.437828554884000021
0.437944088946000010
0.437863163238999986
0.437837211710000007
0.437541214289000002
0.437744470579000011
0.437839814524000004
0.437897745886000000
0.437860713836999982
0.437860536161000014
0.438001994747000023
0.438034310403999982
0.437899102937000018
0.437937169218000022
0.437817368722000000
0.437780850180000014
0.437876399081000012
0.438009646977999989
0.437934210365999999
0.437914441832999990
0.437750076822000012
0.437999510297000016
0.437959190709000024
0.438017474317999977
0.438065971035999979
0.438052979195000025
0.437906959847999988
0.437721117692999984
0.437813910954999996
0.437732788155999974
0.437856886788999977
0.437897237981999976
0.437934030565999999
0.438010413699000012
0.437877073065000011
0.437986222945000003
0.437861063511000015
0.437683496961000007
0.437830950094000027
0.437972559037999976
0.438147974411999985
0.438074463078999998
0.438099239620000025
0.438039461299000010
0.437900092597000024
0.437900135708999994
0.437769534505999980
0.437655311837999994
0.437815499833999977
0.437740039668999992
0.437722452106000026
0.437859185510000026
0.438020941978999989
0.437908583442000010
0.438222638394999975
0.438097581904999978
0.438092779230999985
0.438006823388000011
0.437810628860999973
0.437828923840999973
0.438003368346999988
0.437814713302999980
0.437836521679000001
0.437757257484999995
0.437849832105000003
0.437890989968000022
0.437941096309000022
0.437967747053000012
0.437707233570999998
0.437870438653999994
0.438057865185000006
0.437882569601000027
0.437902743004000006
0.437973480234999990
0.438002344278999978
0.438039683617999998
0.438117255491999980
0.437971833410000011
0.437867125033999993
0.437995261129999980
0.437861768026000020
0.437880752558000019
0.437946751979000015
0.437783565034999989
0.437707726562999999
0.437634063206999990
0.437877860687000020
0.438073456751999990
0.438095438898999989
0.437784330426000012
0.437619453963999983
0.437714442435000017
0.437807590111000011
0.437718034219000018
0.437903080158000002
0.437966278094000017
0.437973360887999985
0.438045988920999996
0.437963086963999992
0.437831894103999975
0.437856251515999995
0.438011187736000007
0.437936624356000004
0.437897025586000022
0.437878706351999991
0.437949217903000010
0.437940986443999980
0.437865689168000005
0.437848343689999975
0.437702292238000001
0.437833902870999991
0.437980329416000014
0.437833888825000017
0.437953958023000023
0.437989443862999983
0.438032842212999984
0.437964343954000024
0.438075724591000026
0.437972810247000022
0.438052894994999997
0.438224567130999998
0.437931961709000006
0.437787236435000005
0.437795237933000014
0.437868877985999994
0.438014737534999976
0.437931840592000021
0.438014551974999999
0.438030343812000011
0.438073658076000017
0.438039123751999993
0.438030566173999991
0.438169352943000023
0.438195813237999998
0.437988152527000019
0.438258485759000005
0.438264674143999999
0.438163232580999984
0.437888153567000005
0.437935359984999995
0.437972676725999988
0.437868813332000006
0.437996457296000008
0.438074922719000004
0.438066119600000026
0.438013943718999987
0.438119861150000012
0.437708134392000014
0.437812394933000004
0.437751647169999980
0.437789726649000011
0.437777994321000008
0.437914876210000026
0.438047450745999989
0.438030270552999978
0.437875373110000021
0.437856891058000020
0.437881167849999975
0.437979365264999976
0.437933628751999982
0.438067172487999978
0.437997854567000022
0.437979960534999990
0.437886910770000026
0.437853871349999979
0.437853215542999996
0.438015728504000001
0.438091342408000017
0.438042972995000002
0.438078093772000021
0.438035643628000015
0.437780786585000026
0.437799845577000024
0.437731416250999983
0.438053839753999974
0.437882292547999985
0.437833851281999975
0.437804466057000019
0.437960236966999983
0.437922327772000020
0.437957235679000023
0.438004984418000010
0.437915186906999987
0.437798183993000023
0.438020477424999999
0.438018386337000021
0.437847378781999974
0.437967053484999980
0.437755403107000007
0.437747939302000011
0.437857869238000019
0.437858715614000027
0.437983458880000009
0.438181204105000000
0.437957677692000003
0.437991933140999989
0.438015415322999979
0.438102563840999992
0.438122643041999993
0.437868101798000009
0.437929528665999990
0.437975299032999976
0.437887503941999989
0.437936469506999992
0.437997346999999981
0.438021141916999979
0.437861300678999976
0.437821124250000027
0.437795879649999997
0.437931520753000014
0.437767681557999999
0.437930009233999995
0.437974760267999974
0.437921672051000022
0.437871694204999995
0.437949367437000026
0.438087742346999987
0.438185197937000004
0.438002605358999986
0.438205447784999980
0.438207948841999984
0.438042500456999995
0.438010988499999976
0.438092871546999996
0.437918813901999993
0.437966939931999977
0.437794206874000003
0.437856930699999980
0.437996884984000023
0.437806698526999993
0.437994426922000024
0.438065547433000024
0.438102893182000019
0.438092897666999992
0.437895476516000026
0.438019591965000010
0.438035996611999989
0.438042206468999995
0.438061106420999991
0.437935675743999997
0.437886976922000015
0.438080302360999985
0.438015113514999999
0.437808811198000025
0.437975056433999976
0.437873896172999988
0.437840486500999992
0.437711223835999974
0.437747723004999978
0.437699159735999987
0.437760920449000002
0.437887554314999983
0.437792005531000006
0.437788622201999988
0.437994676894999990
0.438083034839000018
0.438147626961999992
0.438123887255999989
0.438077901824000027
0.438097762928999990
0.438130785756999985
0.437877859342999998
0.437688464361999985
0.437800427735999975
0.437858737285999999
0.437902325987999996
0.437864409786999975
0.437749788137999973
0.438007391292000003
0.438012034092999991
0.437980287768000021
0.437795291796999997
0.437877009016999996
0.437894660764999999
0.437801275978000004
0.437659402152999977
0.437771672075000007
0.437871572608000026
0.438026993405000009
0.437953860186000021
0.437643530865999997
0.437713408312999985
0.437984360146000007
0.437765223671000014
0.438070032722999991
0.438091230087999994
0.438252596386000004
0.438122988880000008
0.438002036237999992
0.437894099209999998
0.438044757875000024
0.437993089283000014
0.438036464655999991
0.438046633277999975
0.437925202765999999
0.438012610309000017
0.437997186481999978
0.437953988387999982
0.437863282033000012
0.437748839133000001
0.437805347800000022
0.437739214002999977
0.437951661709999995
0.437969061278000005
0.437897515060000020
0.437758979553000027
0.437629501121999998
0.437808362439999987
0.438029298437999981
0.438072715911999977
0.438133462523000006
0.437986657489999986
0.438034399136000008
0.437984238927999980
0.438014841420000023
0.437909902642000026
0.437807974380999998
0.437639739006000006
0.437686679279000013
0.437628105968000003
0.437697382420000003
0.437971738742999994
0.437967640498999999
0.437924388275000021
0.437835012668000012
0.437890586482000022
0.437693192452000002
0.437797159794000024
0.437697467652000016
0.437732146240999986
0.438047358511999996
0.438076658481000025
0.437920208711000014
0.437884612299999976
0.438084700366999980
0.438025547687000028
0.437979994252999993
0.437980658452999994
0.437916184192000013
0.438034394248999981
0.437830773567999987
0.437993436153999993
0.437841788253000019
0.437822473581999994
0.437962760389999983
0.437960869151000021
0.437905915244000021
0.437803828883999990
0.438028185878999998
0.437988203439000023
0.437953199088000011
0.438043596468999985
0.437954224206999976
0.437759470273999973
0.437759793223000016
0.437956900568000018
0.438061789126000023
0.438060926159999975
0.437779517489999992
0.437959290150000013
0.437912899907999975
0.437803676957000010
0.437849639544000024
0.438064513142999989
0.437893974435000000
0.437881590644999985
0.438016420773000015
0.438019918924999974
0.437907777449999980
0.437934790349000014
0.437960831273999984
0.438018743850000003
0.438066596588000012
0.438061482024000026
0.437945376283999988
0.437823675650999999
0.437966170041000025
0.437875419333000004
0.437801915681999998
0.437879736733000013
0.438198284461999987
0.438153617025999975
0.437838692714000000
0.437988892738000013
0.437917387541999992
0.437801021597000017
0.437568280109000007
0.437794443387999999
0.437805442099999997
0.437925496046999985
0.438018714784000007
0.438055619251000006
0.437954136173999975
0.437810147317999998
0.437762660736999987
0.437799427909999983
0.437823411887000025
0.437885134587000013
0.437799294228999991
0.437963395191000027
0.437843807513999983
0.437957491538000010
0.437915678668000019
0.437913471079000027
0.437955919927999981
0.437885941123000000
0.437760987423000014
0.437676741212000009
0.437710541314000001
0.437750625906000002
0.437898746153999985
0.437878498841999975
0.437935458823000001
0.438106172871000010
0.438022072657999972
0.438027006220999993
0.438157246501999997
0.437979732994000004
0.438048325060999999
0.438059141147000008
0.438039877307999981
0.437932271905000003
0.437943287196999986
0.437930414877999996
0.438058177406999982
0.438044284728000000
0.437852167816000004
0.438025199332999993
0.437822385280000004
0.437955417427000004
0.437931400912000002
0.438034116121000017
0.438021028945999980
0.437935004904000003
0.437847355840999986
0.438059134670999994
0.437937218168999998
0.437869547452000019
0.437821734296999998
0.437599558677000011
0.437717769686000013
0.437842614726999979
0.437824189289999999
0.437787100646000016
0.437803148676000009
0.437872402130000005
0.437792643624999978
0.437984037318999986
0.438043207315000016
0.438138679275999976
0.438019020024999983
0.438124467246000016
0.437880219791999981
0.437908462220000017
0.437872608115000006
0.437833293038000004
0.437923637862999982
0.437932833203000027
0.437900049035999994
0.437791716434999978
0.437752655162000015
0.437983561705000024
0.437814588785000014
0.437894451251000016
0.438089023089999974
0.438102283159000017
0.438035655272000002
0.438017151539999983
0.437876028806999995
0.437798348205999999
0.437768662638999995
0.437883154024999999
0.437757902209000016
0.438030288285999991
0.438051405078999978
0.437898622156999984
0.438142148815999999
0.437948676252999991
0.437933675321000027
0.438037524110000021
0.437938697952000022
0.437924695172000000
0.437797984935999973
0.437902568667000003
0.437905689202000015
0.437875457178000027
0.437658835535999990
0.437723344760999999
0.437779988276000009
0.437753988024000007
0.437786156102000001
0.437902236517999977
0.437945465742999973
0.437825735167999996
0.437922178832000020
0.437935789577000023
0.437932082576000026
0.437744627512999973
0.437441794092999992
0.437704067975999978
0.437673151516999981
0.437689735575000016
0.437954352391000001
0.438010056352999999
0.437922595289999994
0.437812895799999990
0.438022348920000026
0.437947414516000000
0.437950931534999977
0.437987635187000013
0.437924843030999988
0.437740923705999985
0.437855460468000002
0.437847625523999973
0.437940702966999995
0.437954235039999973
0.437978727490999975
0.437945257189000015
0.437803813380999995
0.437640677066999995
0.437871688260999981
0.437818142555999990
0.437870513691999974
0.438075172455999973
0.438152743394999988
0.438032680595000001
0.437915704534000028
0.438019898765000026
0.437955872866000018
0.438038180951999978
0.437823745210999982
0.437930420019999989
0.437836787780999992
0.437759768090000001
0.437750690905000017
0.437879770100000010
0.438111124605000013
0.437857741272999978
0.437778402126999977
0.437660806198000019
0.437812745424999983
0.437900523927999996
0.437689130378000002
0.438021213360999973
0.438079210117000017
0.437992056349000014
0.437958577113999992
0.437904934355999975
0.437702959537999980
0.437787642307000013
0.437643369200999999
0.437940271646000023
0.437778535897999976
0.437898567329999988
0.437769194902000003
0.437718739153000025
0.437947221049000024
0.438329390041000022
0.438214198875999994
0.438199591138000000
0.438152740214000025
0.438031774664999984
0.437774379696000027
0.438082759061000027
0.437989276405000016
0.437890806434000024
0.437876340498999983
0.437777141099000011
0.437771335528999994
0.437814875044000018
0.438050869417999977
0.437952657347999985
0.438028589086999987
0.437861541768000018
0.437734345066000008
0.437831315484000005
0.437911442900999981
0.437789339770000008
0.437903516998999986
0.437943718568000018
0.438047621433000023
0.437954338714000024
0.437951782537999990
0.437949636235999973
0.437964759915999979
0.438013653702000016
0.437853671293999991
0.437764137642000006
0.437694223777999991
0.437786257454999994
0.437959154532000017
0.437813809226999973
0.437744375449000023
0.437675773250999989
0.437763163765000018
0.437970209614000017
0.438137003324000018
0.437950407957000021
0.437899181314000019
0.437893604415000026
0.437806525368000021
0.437854596011999997
0.437887905650000020
0.438105639687000004
0.438067676552000018
0.438028988253000018
0.437760032853000025
0.438011985970000017
0.437997776356000013
0.438028035566000007
0.437997541122999989
0.437995558564999998
0.437974679292999991
0.437979234975999998
0.438029775853999992
0.437878298607999983
0.437833262374999976
0.437925790312000018
0.437979647605000022
0.438141543086999985
0.437853375727999983
0.437967846587999976
0.437826528117000013
0.437845529720999993
0.437817113731000018
0.437928999910999983
0.437908298635000026
0.437893797683999997
0.437917856777000014
