0.442908611065000013
0.442985187732000019
0.442952616706000002
0.442771933885000024
0.442954146353999989
0.442843504311999980
0.442765847280000013
0.442754784170000026
0.442723297904999979
0.442750750322999986
0.442852053565999992
0.443096558586000000
0.442894898395999992
0.442849197008999995
0.442845098509999979
0.442889145864000022
0.442879376611999998
0.442643051966000012
0.442757216808000009
0.442769541862999993
0.442698522972000019
0.442689973572000017
0.442688339642999973
0.442839020565999997
0.442752502827999994
0.442746416149000011
0.442733257689000015
0.442897237511000019
0.442932875815999993
0.442998878907999993
0.443175735876999988
0.443089848771999972
0.442800722698000027
0.442793343173999987
0.442766103189999982
0.442739100243000006
0.442767131579999973
0.442855657612000020
0.442881464444999984
0.442917463637999997
0.442749913772999992
0.442527714223000024
0.442613537659000023
0.442617867335000026
0.442861881125000023
0.443006168324000027
0.442975059900000023
0.442938305688000022
0.442878766468000007
0.442778530870999998
0.442781958337999992
0.442858182654999988
0.442700563177999995
0.442849561374000000
0.442913791338000018
0.442881470978999991
0.443034079259000013
0.442891868149000001
0.442902322871000009
0.442954034225999993
0.442985692669000009
0.442983057564000027
0.442914513148999989
0.442655367123999999
0.442649888172000017
0.442901327572999992
0.442885921929999982
0.442711138080000011
0.442813599537999980
0.443008625631000019
0.443106286189999976
0.443118026639000018
0.443013718908000009
0.442898314075000021
0.443052253888000014
0.443037211857999991
0.443016737102999991
0.443001304480000024
0.442935972979999981
0.442899665489999983
0.443062395935999997
0.443049565638999998
0.443098694361000023
0.443022401617000017
0.442922180183999981
0.443006134913999983
0.442960063603999976
0.442911134955999986
0.443019187669000003
0.442914703593000003
0.442758451715999979
0.443033904476999973
0.442906756322999973
0.442860988938000022
0.442787472706999974
0.442845249509000005
0.442669467757000001
0.442631846930999995
0.442888329344000020
0.442972890790000018
0.443002057359000001
0.442926970442000023
0.442883082350999990
0.443046486633999981
0.442958208650000018
0.442869124619999999
0.442668342228999978
0.442671666181000012
0.442605774753000003
0.442653866412999975
0.442735998931999997
0.442774284076999980
0.442816514433000019
0.442961136997999994
0.442951859459000008
0.442943273056000009
0.443051321313000013
0.442780689585999976
0.442771719429999988
0.442801598836999988
0.442973841603000018
0.442935884527999979
0.442729903370999989
0.442710802733000008
0.442799946335000028
0.442981010203000014
0.442924121271999982
0.442916703445000004
0.443083076655999997
0.443045981945999978
0.442979882822999993
0.442942066763000020
0.442907869871000004
0.442791681451000008
0.442816162740999997
0.442856712769999994
0.442925498912999982
0.442985401976000004
0.442844240135999989
0.442862455917999998
0.442926765760000007
0.442742997013000017
0.442702912394999981
0.442788471251000015
0.442886366794000008
0.442706127941999983
0.442721861163999975
0.442765241746999993
0.442864002673000023
0.443079595132000015
0.443076349578999995
0.443087253148000015
0.442911364696000009
0.442865102906000008
0.442918902974999973
0.442867185172000022
0.442923297070999977
0.442935303027000016
0.442867447821999993
0.442933944347999986
0.442890567848000016
0.442669696486999997
0.442996517127999978
0.443065986299999992
0.443029733982000018
0.442969127879000002
0.442918617374999990
0.442865325686999989
0.442894228931999978
0.443209976186999977
0.443016582277000026
0.443005783709000012
0.443159282062999982
0.443073183681000016
0.442957022320000005
0.442703397125999987
0.442687757161000006
0.442947463849000023
0.442850942897999977
0.442878965309000006
0.442849472131000010
0.442814250121000008
0.442975877208000024
0.442944019384999998
0.442828533327000007
0.442870832732000008
0.442574490772999984
0.442684981531999977
0.442901230299000026
0.442839217753999981
0.442778291581000016
0.442664641457999997
0.442642192147999991
0.442589367065999995
0.442713258938999987
0.442856334555999986
0.442914149197999985
0.442672306060999998
0.442719104478999981
0.442684021982999998
0.442681325527000014
0.442848745228999974
0.442724818131999986
0.442671865923000007
0.442837069299999997
0.442573403408999977
0.442620599960000027
0.442592495257000007
0.442741535542999998
0.442604542421999980
0.442799515668000021
0.442742577653000013
0.442839838885000003
0.442527511101000026
0.442841681127999987
0.442829049290999976
0.442935446090000018
0.442966017230999987
0.442908889169000008
0.442789537750999995
0.442766477662000002
0.442718443434000020
0.442680419544000003
0.442714569662999990
0.442829107115000009
0.442838307164000022
0.442829585944999993
0.442675426478999989
0.442654138982000012
0.442945730315000008
0.442962076754999989
0.443060790518999992
0.442999610888999973
0.442718824155000024
0.442695945061000018
0.442780304928000024
0.442788867127999974
0.442747796071000010
0.442961806402999980
0.443116895002000022
0.442888071506999992
0.442950372350999988
0.442774073581000016
0.442758922810999989
0.442697884132000008
0.442928638543000019
0.442976277254999995
0.442854155018999995
0.443061335022999991
0.443050226335000019
0.443016726724999976
0.442758331936000005
0.442928490090000015
0.442940173898000000
0.443104614767000027
0.442843004094000015
0.442892453685999998
0.442827580850000013
0.442874604075999989
0.442968450926999990
0.442849114137000011
0.442836932156000007
0.442835081000000019
0.442859359655000007
0.443090666194999983
0.443133063780999981
0.443134065668000010
0.442866425118999985
0.442685612140000018
0.442782293627999979
0.442928346753000024
0.443052057331000004
0.443141780599999979
0.443007961273999995
0.442955449072999996
0.442917992380000014
0.442786828382999986
0.442907009161000009
0.442799845410000004
0.442832414303999999
0.442881346141999976
0.442835150033999980
0.442900681856999989
0.442927749952000016
0.442892714593999981
0.443004620605999988
0.442986527713999989
0.443032201622999999
0.443025500638000003
0.442991462925000024
0.442915934379000009
0.442822352608999992
0.442824083503999988
0.442838399044000020
0.442728424158999989
0.442914932135999972
0.442935046594000015
0.442755255140000026
0.442890757018999992
0.442834576511000000
0.442805870965000015
0.442730052267000018
0.442901328825999974
0.442861606846000011
0.442852237985999986
0.442740197025999982
0.442768548515000027
0.442956442645000004
0.442996487469000000
0.442689336074999995
0.442563101075000020
0.442892681574000024
0.442733244359000022
0.442843680562999997
0.442862216339000025
0.442993341340000013
0.442845331349000004
0.442772113106999987
0.442832165527999977
0.442855433748000016
0.442854551405000019
0.442824266224000007
0.442911118795999981
0.442741035788000004
0.442910176857000015
0.442691701014000016
0.442681417252999976
0.442680578265000013
0.442774975294999984
0.442678709752000021
0.442722481830000014
0.442637758140999982
0.442692668106999976
0.442923380014999979
0.442812894741999974
0.442798537132999992
0.442906430269999984
0.443003450853000025
0.442913398665000013
0.443056169758999974
0.442892892152000006
0.442905198158000002
0.442884235808999993
0.442862907380000004
0.442856430979000015
0.442857458282999994
0.442760967181999976
0.442790500520000019
0.442864450863000025
0.442962116482999990
0.442848343536999978
0.443031930863000023
0.443051984853000014
0.443043208909999986
0.442952171333000022
0.443034368407000001
0.442986423999000012
0.442967431415000001
0.443076255671999986
0.442725394132000016
0.442641205571999985
0.442712695937000023
0.442828956059000023
0.442854905508999974
0.442923389559999992
0.443066893645999993
0.442888016572999976
0.442944113493000002
0.442841570397999984
0.442767455413000000
0.442879634979000014
0.442996618466000025
0.442898001702999977
0.442921860371999987
0.442833409976999992
0.442749444930999991
0.442964813637999999
0.442882430604000010
0.442847270889999978
0.442820503761999995
0.442689200938999994
0.442854263626999978
0.442890558516999988
0.443055146233999997
0.442973930617000022
0.443050869012000026
0.442917615248999974
0.442909538637999978
0.443011426350000015
0.443021571449000007
0.442948483695999984
0.442514642545000003
0.442564280684000000
0.442695847719000002
0.442659931695999986
0.442702293485000009
0.442739762526999980
0.442611353546999986
0.442686859589000004
0.442789408260999995
0.442831021900000010
0.442674440993000018
0.442789769980000025
0.442724787439999989
0.442580994820999996
0.442697179115000006
0.442804459298999975
0.442966328487000016
0.442799122576000015
0.442829288496999984
0.442907434593000027
0.442949116886000027
0.442838336640999974
0.442679730910000013
0.442838987258000027
0.443011434824000017
0.442893801872999981
0.442714822853999990
0.442700683958999974
0.442766670379000027
0.442784859226000027
0.442785683609000003
0.442683423480999982
0.442576172524000000
0.442617240427000014
0.442699126948000010
0.442902469206000016
0.442930144500000011
0.442761714726000011
0.442892082663999986
0.442825523391999987
0.442812251120999978
0.442866030065000027
0.442823084648000020
0.442707931644999997
0.442807952140999994
0.442763095622000002
0.442926120423999981
0.442869687073000007
0.442920432636999983
0.442965440390999998
0.442750522503999988
0.443009698146999975
0.442864853931000002
0.443053381038000016
0.442990923363999978
0.443006090788000018
0.443047218259999986
0.442999315738999977
0.443114344810999983
0.442954670135000006
0.442696091876999986
0.442900367916999993
0.442963682758999999
0.443153812712999973
0.442926433253000018
0.442930158191999990
0.443079736072000019
0.442775874303000028
0.442797024692999974
0.442841224024000002
0.442616736946999989
0.442790371076000000
0.442881478554000008
0.442768566794000007
0.442941991794000012
0.442841092310000017
0.442888504020999996
0.443039621403999995
0.442915147866999981
0.442834999605999979
0.442558765675000021
0.442736957275999987
0.442735923912999985
0.442723324104000004
0.442860085803000014
0.442786843802999985
0.442997213629999997
0.442850326502999991
0.442726158305000006
0.443048828476000023
0.442828970609999983
0.442953683282000021
0.442955373518999995
0.442723689450999991
0.442941684386999990
0.442887285883000026
0.442976534980000003
0.443004985974000010
0.442870806637000014
0.442962494493000014
0.443099636643999983
0.442944439783000021
0.442802837512000003
0.442840074342000012
0.442820825635000026
0.443100954955999993
0.443012123787000001
0.443013448036000013
0.442982392438000028
0.442818845650999993
0.442985262192000018
0.443000343924000006
0.443087184974000015
0.442992738479999981
0.442737773208999985
0.442841694612000014
0.442926372811000002
0.442725662627000027
0.442830901306999980
0.442847614873000006
0.442750547499000002
0.442905927836000024
0.442798211657000007
0.442794476237000023
0.442715363490000013
0.442632928302000017
0.442746672605999980
0.442884520156999972
0.442947944549999972
0.443012325709000010
0.443050878581000007
0.443141794202000006
0.442980119311000009
0.443012329784000014
0.442999796404999979
0.443002831260000007
0.442997667704999987
0.442854390486000005
0.442947639838999985
0.442965561773000005
0.443046805691000023
0.442756074343000017
0.442712979625999981
0.442604314175000013
0.442680319365000019
0.442589801346000011
0.442785738985999988
0.442787367890000005
0.442581342041000025
0.442756463222999996
0.442923941425000023
0.442800698423000016
0.442885599389000018
0.442864381768000026
0.442895354480000003
0.442975949252999990
0.442987676993000012
0.442890315721000016
0.442761147227999974
0.442780978927000024
0.442890404608999977
0.442952450025999978
0.443004117724999980
0.442967317219000012
0.442921323187999982
0.442756630573999999
0.442873156725999972
0.442857949605000023
0.442730718124000000
0.442872184464000007
0.443054259110999993
0.442953887943999980
0.442911325251999999
0.443047991807999975
0.442783864222999979
0.442827606616999991
0.442828802026999979
0.442768570157999974
0.442807040285000009
0.442708210669000013
0.442872847959999982
0.442916837308000022
0.442772458144999992
0.442859135271999993
0.442816050407000006
0.442669914253999985
0.442651182021000011
0.443061959190999999
0.442998751133000024
0.442860020710000024
0.442769928932999990
0.442753793050000011
0.442906041836000020
0.442909394427999981
0.442897061869999997
0.442859848042000015
0.442850986965000026
0.442870832998000008
0.442778027681999975
0.442970394847999993
0.443170588598999993
0.442948373424999986
0.442949284567000001
0.442969551434000020
0.442851737974999993
0.442844378132999983
0.442631952070999979
0.442934105799999978
0.442909200654000024
0.442921283511000019
0.443016029373999976
0.442874871705999984
0.442915889763000004
0.442883758213000023
0.442881416289000018
0.442864565702999979
0.442917152475999998
0.443093788420000023
0.442903016839000019
0.442998065614000014
0.443245978528000018
0.443025179428999993
0.443011791094999996
0.442958826259999994
0.442864612431999982
0.442904740153999998
0.442857210517999977
0.442936823375999988
0.442820406928000010
0.442781797460999993
0.442971012461999991
0.442925671743999994
0.442966816164000021
0.442874988766999989
0.442886235989000010
0.442710744777000009
0.442705257257999973
0.442838766770000003
0.442730126315000028
0.442639621169000019
0.442550501159000020
0.442698397612000027
0.442812325856000000
0.442729746756000020
0.442836678636999992
0.442935169078000013
0.442958847100999975
0.443255119167999978
0.443086426483000007
0.442869581294000003
0.442922285917000003
0.442940030194000023
0.442921690749999986
0.442756155506999982
0.442656406291999982
0.442754761152000020
0.442718631076000013
0.442681430245000007
0.442855736978000014
0.442753408537000015
0.442664429708999996
0.442821932340999980
0.442722846988999996
0.442738333353999980
0.442832771841000006
0.442791837555000012
0.442681637173999998
0.442861161905000023
0.442817904513999994
0.442939259887999981
0.442955397390000005
0.442884907710999975
0.443066118703000000
0.443088369247000013
0.442862372614000022
0.442769580147000019
0.442884633003000017
0.442832415018000025
0.442951286946999978
0.442675216684999984
0.442660304828999984
0.442645931292000028
0.442767688235999990
0.442847049599999987
0.442802235830000002
0.442720460380999992
0.442751591060999983
0.442822890189000007
0.442789562276000026
0.442828494723000010
0.442738454675000004
0.442889523241000005
0.442859694447999996
0.442898841114999997
0.442819706997999996
0.442820438541999983
0.442783279962000009
0.442691414750000012
0.442717048305000027
0.442822272635000014
0.442616203292000021
0.442844695550999978
0.442811018295000025
0.442849962519999973
0.442983144569000009
0.442748265678000019
0.442715348609000026
0.442859233043999989
0.442978895559999974
0.443014712402000022
0.443027714889999980
0.442992597912000019
0.443151241603999990
0.443025051424000005
0.443132124414999995
0.442927289452999973
0.443025942313000021
0.443151494131000023
0.442935852191000012
0.442777486722999991
0.442890475683999973
0.442942319149000008
0.442940635034999974
0.442635031424000014
0.442676508759999976
0.442596247960000022
0.442751521126000025
0.442854208831999996
0.442888342360999998
0.442974366888999993
0.442888436009999997
0.442903375812000011
0.443021336195999982
0.442990046061999987
0.443135211984999999
0.442979903336000014
0.442936420288999988
0.442956967787999978
0.442972549928999981
0.442761901924000001
0.442631032977000016
0.442869369266999990
0.442749546564000007
0.442876873293999995
0.442933309032999989
0.443111460475999974
0.442931870113999981
0.442907762706000019
0.442826650814000022
0.442928334197000007
0.443030913580000019
0.442756977594000012
0.442753036493999996
0.442863568739000013
0.442819557585000023
0.442941075668999984
0.443088088089999999
0.442933319471000009
0.442755920033000017
0.442736318533999973
0.442836345646999974
0.442846672878000003
0.442802796246999975
0.442687858820000002
0.442597206876999993
0.442761021518000009
0.442779210742999974
0.442768848832999995
0.442867938053999988
0.442890815017000006
0.442959362936000023
0.442815214973000026
0.443087984245999988
0.443078182857999991
0.442974963087000018
0.442824347396000018
0.442947551539999984
0.442706861381000016
0.442680775533999982
0.442709703893999995
0.442722080791000006
0.442682105104000023
0.442756294875999989
0.442773399103000009
0.442737576696000001
0.442590252974999987
0.442846978491000021
0.442674898380000015
0.442779915533000001
0.442992204604000017
0.442928087681999982
0.442615376625999979
0.442527344039000015
0.442729336658000017
0.442936659953000023
0.442756135789000027
0.442684999864999984
0.442690153156999999
0.442971315874999994
0.442947234377999988
0.442803423327000012
0.442804270335000028
0.442787009133000009
0.442784491356999987
0.442932199590000020
0.442904347249999997
0.442993719263000019
0.443020358479000009
0.442935261954000015
0.442943154748999979
0.442687055890000014
0.442622874015000001
0.443062645488999984
0.442826112390000026
0.442936583298999986
0.443064106617000020
0.442925337523000007
0.443005522240999983
0.442893734202999989
0.442798092816000022
0.442917981339999989
0.443174439749999982
0.443227070961000003
0.443114882019999989
0.442810368683000000
0.443016570903999984
0.442978639903000015
0.442841248038000013
0.442809112514000014
0.442725643250000023
0.442905712419999986
0.442916394601000019
0.442844725870999989
0.442812967004000024
0.442920763607999979
0.442787321861000005
0.442875099446000009
0.442753403915999988
0.442700713267000001
0.442563160467999983
0.442548976777000003
0.442865278992999989
0.442950183990000024
0.442860552931999996
0.442811784957999999
0.442852615903000013
0.442703077903999986
0.442646673084999998
0.442789237677999992
0.442887083399999992
0.442917412062000027
0.442850132968000021
0.442904362802000018
0.442896627893999972
0.442670322592000010
0.442762865271000006
0.442778373040000006
0.442948908601000002
0.442738776544999990
0.442787999938999977
0.442978754349000026
0.443166158483000006
0.443277506840999980
0.443090805924999998
0.442995650698999988
0.442905490831000004
0.442918008583000011
0.442975027515999986
0.442970616677999973
0.442961045862000025
0.442759813431999993
0.442674199845999983
0.442620487103999982
0.442651262438000015
0.442606788664999973
0.442897921227999980
0.442917147449999993
0.443054054106999995
0.443101732713999996
0.442768223929000004
0.442703823165000010
0.442946093491999981
0.442881460013999972
0.442855515546999978
0.442840205001000020
0.443001398007000002
0.443013989617999981
0.443006845207000011
0.442845884982999982
0.442811722415999975
0.442820121391999999
0.442834654378999992
0.442908334406000026
0.442843366055999998
0.442686385946000016
0.442967134036000021
0.442986942484000001
0.442926969690000005
0.442975562784999999
0.443090127338000017
0.443152893222000022
0.443021783122000024
0.443084851030999982
0.442896450507999973
0.442748434861000018
0.442685313518999979
0.442727914155999991
0.442876864759999989
0.442772516120000015
0.442838015892999981
0.442707051409000019
0.442855797426000009
0.442758100074000016
0.442850654938999999
0.442873926540999996
0.442997043207000007
0.443034779461999983
0.442953006410999994
0.443087718048000012
0.443101192034000002
0.443001296606999995
0.442632318861999996
0.442830454064999990
0.442949324310000003
0.442837777516999986
0.442806928619000006
0.442875607871999977
0.442912015529999981
0.442785390546000024
0.442824800683000008
0.442785406998999986
0.442981575228000024
0.442892137971000022
0.442863588899000016
0.442870575027000002
0.443046583230999991
0.443213871706000018
0.443113689711000014
0.443061552631000000
0.442875545134000015
0.443059613683999987
0.442887106307999989
0.442734550963000018
0.442816161358000004
0.442964057678999990
0.442690117922000026
0.442708833811000013
0.442901750890000001
0.442736336635999983
0.442805628181999977
0.443032246357000004
0.442918452969999987
0.442973926371000026
0.442959253782999995
0.442800507263999998
0.442983405765999982
0.442849830426999991
0.442970289548999974
0.442940229282999975
0.443003087440999976
0.442890028021000026
0.443001126121999989
0.442736771395999984
0.442676116682000020
0.442924994469000022
0.443059273842000001
0.442957546370000010
0.443032758753000022
0.443031871937999977
0.443038249150000008
0.442936298426000019
0.442580935326999991
0.442416788284999973
0.442850715840000020
0.442779266978999997
0.442754311264000000
0.442761867290999978
0.442881718478000008
0.443003857078999974
0.443041297662999989
0.442979438424999983
0.443029749630000025
0.443003460811000005
0.443032808497999975
0.443027461384000010
0.442868294469000001
0.442961699551000010
0.442715548766999978
0.442684721108000001
0.442917598708999993
0.442927190345999977
0.442784187820999986
0.442757414987999975
0.442810520343000003
0.442916276273999987
0.442957361305999997
0.442732762707999994
0.442794274609000005
0.442701499968999990
0.443110326750999983
0.443123551474999988
0.443098350157999976
0.443067353443000023
0.442895280123000001
0.442807506108000015
0.442703246270999995
0.442709114522000013
0.442896544451999996
0.442817985222999977
0.442742558547999987
0.442805010040000002
0.442818991163999975
0.442748135862000014
0.442778424793000003
0.443095108924999981
0.442843728341999976
0.442683370314000013
0.442811935606000018
0.442939847266999975
0.442850545777000004
0.442744297698999978
0.442686325285000015
0.442889456685000016
0.443021617611000007
0.443095037013000015
0.443105373231999999
0.443046986836000023
0.442768028508999989
0.442882891539999990
0.442963244673000023
0.442893832064999993
0.442884143700000010
0.442911223515999986
0.442719545541000015
0.442639173913000006
0.442641724043000007
0.442635206630999978
0.442762495844000015
0.442781677242999994
0.442701514400999974
0.442532305292999972
0.442696998225000027
0.442741249299999973
0.442780446760000002
0.442887280022999985
0.442883442540000005
0.442935687033000014
0.442901584846000007
0.442870843198000019
0.443084492476999992
0.443056291607999975
0.442892357886000010
0.442567191939999993
0.442597329189000022
0.442848920006000013
0.443161649850000006
0.443227756013999996
0.443200675578000025
0.442876678966000026
0.442725235511000015
0.442884424030000001
0.442886903828000000
0.442868022465000011
0.442923825506999991
0.443054045629000026
0.442907275042999982
0.442996467640000002
0.442909405741999995
0.442777839996999989
0.442854826904999999
0.442659836224000014
0.442862188238999976
0.442744768959000001
0.442939708930999987
0.442943060745000006
0.442943877797999985
0.443015472545000011
0.443018431817999991
0.442851117013000006
0.442987244941000002
0.442929115395000017
0.442850477377999985
0.442781221971999983
0.442816412513000024
0.442882853284000011
0.442946410060999995
0.442847851183000019
0.443041797357000000
0.442914243488999992
0.442885878771999975
0.442950972356000006
0.442802499728000010
0.442771038396000016
0.442876912537999989
0.442979323370000011
0.442941973378999987
0.443085310545999977
0.443014389077000026
0.442858153395999987
0.443004476333999975
0.442781464966000016
0.442777158742999999
0.442790314163999998
0.442822846075999976
0.442599918739000009
0.442706722108999973
0.442773924473999991
0.442731335318000019
0.442781743449999987
0.442788756835999997
0.442742237021999996
0.442827823582999991
0.442814578919000001
0.442709490435000019
0.442698796639000025
0.442754022668000013
0.442797867409000012
0.442819260212999999
0.442657953190000009
0.442844740239999979
0.442865828550000007
0.442968281342000003
0.442949652244000014
0.442924329795000016
0.442984827583000007
0.442629789670999974
0.442755572250000007
0.442698274522000002
0.442903496569000021
0.443047266636000026
0.443074763990000009
0.442793409907999980
0.442819242186999973
0.442830640621000027
0.442949273142000000
0.442931210791999985
0.442903283884999999
0.443037936447999992
0.442899941213000026
0.442890223839999986
0.443034322375000011
0.442853962722000005
0.442697661771000006
0.442739305676999984
0.442838983025000021
0.442781374482000001
0.442954018414999984
0.442858467468999983
0.442735985065000004
0.442707313777000011
0.442748751905999993
0.442899517788000019
0.442739134475000018
0.442888399458000015
0.442827291529000022
0.442699610733999993
0.442666188020999996
0.442864690667999994
0.443031845925000001
0.443015043735000003
0.442926373445999999
0.442980916963999993
0.442899250977999981
0.442882964290000014
0.442788000715000019
0.442805523237000009
0.442889775656999996
0.442888217354000024
0.442909998811999994
0.442658102739000026
0.442701492932000007
0.442833375997000012
0.442844625137999992
0.442856951246999975
0.442781785004999984
0.442586715698999988
0.442863331392999993
0.442716794191999996
0.442731402878000002
0.442676490895999974
0.442820655851999978
0.442861866473999999
0.442891089394999993
0.442968506214000024
0.442664544451000008
0.442902893151000010
0.442829340856999987
0.442752625770000019
0.442870363968000003
0.442801128338999983
0.442845425620999988
0.442803756973999985
0.442972630044999982
0.442954134675000000
0.443051675059000005
0.442653245212000002
0.442780368043000028
0.442763480343999982
0.442867981454000026
0.443054900600000023
0.442788919833999983
0.442753423257999990
0.442634599342000001
0.442671020623000011
0.442652317231000014
0.442701956577999989
0.442724944078000004
0.442822445883999993
0.442678558986000004
0.442812141187999997
0.442767814215000000
0.442564828337000005
0.442564979791000013
0.442722596691000003
0.442900092681000002
0.442939064990999998
0.442813886416999980
0.442907627174000007
0.442787691092000002
0.442783115186999976
0.442777847938000013
0.442846493574000022
0.442725816428000019
0.442856135536999984
0.443008956632999995
0.443047811595000007
0.442897603018999997
0.442782989420999973
0.442753389398999997
0.442927762379999979
0.442864350194999978
0.442959206453000021
0.442895431421999997
0.442929259617000026
0.443044933698000021
0.442941278672999983
0.442711463643999992
0.442808003190999999
0.442873162649000007
0.442879097536999999
0.442906038052000017
0.442889065181999997
0.442821495750000016
0.442934879940000026
0.443044912552999992
0.442912790348000018
0.442868651998999996
0.442977985284000009
0.443013994879999984
0.443048645332000002
0.442953872625000022
0.442866284039000024
0.442913331261999998
0.442795630697000009
0.442677844393000008
0.443093018404999983
0.442793573326000001
0.442827837966999982
0.442768863218999997
0.442821030236999980
0.442761365464000023
0.442847786678000011
0.442968054644000020
0.442795674472000023
0.442679091942999980
0.442784175200000019
0.442756022586999975
0.442782861066000011
0.442620907324000001
0.442747236474999972
0.442665890494999992
0.442759363081999979
0.442736452223999988
0.442670121934000016
0.442714214622999980
0.442770159998999990
0.442753868629999991
0.442798176002999977
0.442850167515000004
0.442762973035000007
0.442786171329999978
0.442848159898000027
0.442743581885000015
0.442860630330999983
0.442835107634000025
0.442813949224000025
0.442891112392999997
0.442859340052999984
0.442868695445999994
0.442796502018000027
0.442952339262999983
0.442840155452999984
0.442667228593999984
0.442636263954999998
0.442840490372999995
0.442767799851999988
0.442951393074999977
0.442895420638000026
0.442842430271000009
0.442879341465999998
0.442931396242999986
0.442742967849000024
0.442943438467999995
0.442791757600999980
0.443003516603000025
0.442909389172999990
0.442937446537000012
0.442947576364999984
0.442934643011999973
0.443008153296999996
0.443077797853999977
0.443028307522000009
0.443154819365999986
0.443089039926999995
0.442883919662000025
0.442989177911999987
0.442807503686000026
0.442818396532999980
0.442778361286999989
0.442831252106999973
0.442896888007999978
0.443020336266000014
0.442814261747000004
0.442855627751000014
0.442730210906000010
0.442773465513999986
0.442646258065000020
0.442715410194000014
0.442719431378000017
0.442807180216999996
0.442967207684999975
0.442645976365000027
0.442731151107000009
0.442767500044999984
0.442855359200999998
0.442853293092000000
0.442648286539000013
0.442670787552000011
0.442610904251000026
0.442755267697999999
0.442753180864000007
0.442886033115000022
0.442823022407000000
0.442808397937999976
0.442767377728999989
0.442945547441999987
0.442894719970999995
0.443060686287999994
0.442732161853000017
0.442705944229999981
0.442878027650999984
0.442953016799000010
0.442843248129999978
0.442816042846000013
0.442863422993000022
0.442975474214000020
0.442899266761999977
0.442945055197000004
0.442973394041999979
0.442876019994999981
0.442755364727000000
0.442786588598999997
0.442783830273999979
0.442781754039999975
0.442848682823999973
0.442936928900000026
0.442855235497999988
0.442746028928000024
0.442736971724999984
0.442791554174000013
0.442764262583000001
0.442961783611000026
0.443059463287999999
0.442880313696000005
0.442912369242000004
0.442951521407999982
0.442980177611999981
0.443007043661000022
0.442946191722000004
0.442987711406999995
0.442796807081999977
0.442733966664999978
0.442886151042999998
0.443094416335999997
0.442976919583000006
0.442922705571999975
0.442933043593000009
0.442875760095000015
0.442936265870000012
0.442986341875000023
0.442998692304000019
0.443203359911999994
0.443088534900999975
0.442814408175999985
0.442770986330999983
0.442563594270000027
0.442687095626000005
0.442700353772000010
0.442707395246000002
0.442819064694000009
0.442716699283000004
0.442889727652000020
0.442881380207000019
0.442915549944999987
0.442886998837999979
0.443050839483000003
0.443008395787999998
0.442964463295999977
0.442871169258999997
0.442776589757000016
0.443001293783000016
0.442910955263000006
0.442744740211000021
0.442590958310999982
0.442792269700999996
0.442751254643000025
0.442869235074000001
0.442751050197999985
0.442947528418000003
0.442828855833000024
0.443026619652999998
0.442982256068000013
0.442742884833999983
0.442888527510000019
0.442854614034999983
0.442887977067000005
0.442932563110000010
0.443106877489999995
0.442741100350000027
0.442681855266999991
0.442685944032000012
0.442883470577999983
0.442730521973999980
0.442886166661999980
0.442948999964999979
0.442738472770000002
0.442909829478999983
0.442786795567999991
0.443074552770000019
0.442843634129999997
0.442871553859000011
0.442695105553999990
0.442634441737000006
0.442860804818999976
0.442843766522000026
0.442930198669000019
0.442756909194000015
0.442758747048000001
0.442582047425999991
0.442778833046999998
0.442977320013999976
0.443041397971999984
0.442859215216000024
0.442884265333999994
0.442900362827999994
0.442849650950000007
0.442922326659999976
0.442912685417999996
0.442885569907999987
0.443017088416999993
0.443026699763999998
0.443143193597999974
0.443093949415999999
0.442895488574000018
0.442828717855999976
0.442977081712999987
0.443008134268999987
0.443048587195999988
0.443008285017000014
0.443089337370000003
0.442911015779999973
0.442971292720999998
0.442994602331999998
0.442875365292000001
0.442963089458000003
0.442957018608999997
0.442780993941999990
0.442736013531000006
0.442859320378000021
0.442861132052999984
0.443030179610000019
0.442997515655000007
0.442938869013999981
0.443086291462000015
0.443061641446999999
0.443131378708000012
0.443141987271000015
0.443022486438000018
0.442966263781000014
0.443041418854000002
0.442964685540999992
0.442943682186999976
0.442962080641000011
0.442934503470999996
0.442881666856000000
0.442730384385000009
0.442780834086999975
0.442794002808999998
0.442892769261000019
0.442861193428999989
0.443079705089000020
0.443042292155000017
0.442790581337999978
0.442728784177999990
0.442949648990999978
0.443014602889999998
0.442810524779000014
0.442823746480999980
0.442691980190999979
0.442761754349000003
0.442738955425000025
0.442656895381000004
0.442728683376999999
0.442556431001999984
0.442710150891000020
0.442701312148999993
0.442700871082000014
0.442809749295999977
0.442661222394000020
0.442921466624999982
0.442933335516999982
0.442843454159999983
0.442808928022000003
0.443018263191000017
0.442973953448999980
0.442911124117000010
0.442630635596000022
0.442543814741000019
0.442635548825999980
0.442671340844999983
0.442690673897999987
0.442778469677000019
0.442831300293999974
0.442864769298999983
0.442786211785999972
0.442658547848999995
0.442680066267999994
0.442799855414000021
0.442610735663000021
0.442762289939999998
0.442665851148999978
0.442755855101999996
0.442718372289000017
0.442796741082999989
0.442932559507000001
0.442811825662000003
0.442793450960000001
0.443068617617999982
0.443231432678000026
0.443102688395999977
0.442866174581000027
0.442951084273000006
0.442839039114000022
0.442851093987999989
0.442976213043000000
0.443026787470999994
0.442908108899999986
0.443033991615999989
0.443075738935000019
0.442863955031000012
0.442613503123000018
0.442608239505000001
0.442768723367999995
0.442658839605000021
0.442567765258000012
0.442751241126999984
0.442911392163999995
0.442993060255000015
0.442920477744999985
0.443168044411999973
0.443066093215000012
0.443038276377999973
0.442976726481000005
0.443076446761999976
0.442999470609000023
0.442959185061000016
0.442927137821000017
0.442911788952000007
0.442904436800000023
0.442913071110000001
0.442871342245000021
0.442726271190999998
0.442837227266999978
0.443001349255000010
0.442869055344000007
0.442984115419000013
0.442891605794999976
0.442750828335000013
0.442793043494999983
0.442908568082000020
0.442894337721999987
0.442765763338999974
0.442630315913999983
0.442686940046000010
0.443100928509999992
0.443182675317999986
0.443018301507000001
0.442943315223999989
0.442928473070999973
0.442882356816000022
0.442952379823999987
0.442931794744999996
0.442850599988000027
0.442859282590000014
0.442844973450000012
0.442830095006000013
0.442946923611000021
0.443053997420999990
0.443014107977000027
0.442930089565000018
0.443004284553999983
0.443019585434999974
0.443015322428000013
0.443075400343000025
0.443163296606000012
0.442852714533000014
0.442614047645000008
0.442692475768000027
0.442687812369999989
0.442948646946999980
0.443097714455000014
0.443015310760999981
0.442884121460000002
0.443043878331999985
0.443104485674000015
0.443039090826999993
0.442968589618000008
0.442876561142000025
0.442847586096000001
0.443108807405000027
0.442965792854000007
0.442766602923000019
0.442795327055999999
0.442847874009999976
0.442911406256000006
0.442780279832000023
0.442826614276000008
0.442944261215000024
0.443158559271000008
0.443072512392999995
0.442936444508999994
0.442790380405000017
0.442923056970000006
0.442861071812000018
0.443013551191999977
0.442964305843000006
0.442927248697999987
0.442896328900000025
0.442875734851999991
0.442720301752999978
0.442746795793000025
0.442932931792999973
0.443040351042000013
0.442978197987999978
0.442871185416999991
0.442882930647000017
0.442899791674000010
0.442855537789999976
0.442848978745999988
0.442915515353000000
0.443122745784999994
0.443018972479999995
0.442931567769999979
0.443002109249999998
0.442992276507999994
0.443091288851999998
0.442999679427000026
0.442901793494999974
0.442882165393999994
0.442748954151000018
0.442798186106000025
0.442918035827000012
0.442730740919999977
0.442616710332999985
0.442913908422000013
0.442957973539000016
0.442907050851000017
0.443018680070000004
0.442732978980000025
0.442658837021999985
0.442719717803000012
0.442793498647000017
0.442698361649000005
0.442827407931000006
0.442741470980999974
0.442685938113999977
0.442740451144999991
0.442887430836000018
0.442792090282000006
0.442700331908999989
0.442970897611000003
0.443031764346000001
0.443015616660999978
0.443014547041000017
0.442944092652000021
0.442785084882000024
0.442997953032000014
0.442988468354999998
0.442876527261999997
0.442918181510999986
0.442775864450000001
0.442971018860000010
0.442949013702000016
0.443063582951000012
0.442838988920000010
0.442825326861999991
0.443206905451999977
0.442916750126000014
0.442941614046999999
0.442947574968000024
0.442830469836999974
0.442709797638000002
0.442680922924000020
0.442769149179000010
0.442955475004999988
0.442851915869000023
0.442671875671000026
0.442772281699999992
0.442842663257999980
0.442731864071000014
0.442922050037000026
0.442993167612000027
0.443078590607999978
0.443164713739999994
0.443152098639999992
0.442835334359000021
0.442925991592000023
0.443096643108999988
0.443041008130000025
0.442940668141000027
0.442963884814999986
0.442870214350000013
0.442858987702999973
0.442873768180000016
0.442796927620000003
0.442825208497000022
0.442971940424000010
0.442894998506999982
0.442987212066999980
0.442697364287000017
0.442679413613999984
0.443023438258000002
0.443039894029000014
0.443051688393999998
0.443015667685000003
0.442908278857000015
0.442782146358000006
0.443036224595000028
0.442963011590000011
0.442878266199999981
0.443010758321000009
0.442964550076999974
0.442845568317999982
0.442933624889000011
0.442694311364000004
0.442802125461000007
0.442873613401000010
0.442976829159999974
0.442810780116000002
0.442750957665999978
0.442575139201000001
0.442802035844000019
0.442830892990000002
0.443134399981000016
0.443002966546000021
0.442896928186000016
0.443006921494999983
0.442897267842999987
0.442850790310000020
0.442890533064999981
0.442880138884000019
0.442752967197000025
0.442685214777999991
0.442732218888000018
0.442663244484999996
0.442679673968000009
0.442907414213999984
0.442994244774000012
0.442907701312000024
0.442743734632999986
0.442936102971000001
0.442962764971999989
0.443009329971999988
0.442930100877000021
0.442917076487000017
0.442863993386000021
0.442817059515999978
0.442753661094999973
0.443011140859000008
0.442934026960999983
0.443044328780999974
0.443118163831000000
0.443067656274999999
0.442878361060000003
0.443042304451999991
0.443027818984000010
0.442841931098000019
0.443095548825000018
0.442870715119999980
0.442918045264000027
0.442943623404999987
0.442942202690000009
0.443029608992000001
0.442975688061000017
0.442955768934999994
0.443154010669999987
0.443182207857999999
0.443046268364000018
0.442925908124000012
0.442781189169999978
0.443023564362000022
0.443068018828000010
0.443214546543000021
0.443048701240000009
0.442963831204999992
0.443108404203999995
0.442929062837000009
0.442921578362000024
0.442844975031999988
0.442944215997999990
0.442947671711000024
0.442745862228999976
0.442842144646000024
0.442630010196999990
0.443017382929000003
0.442829214224999990
0.443074505833000010
0.442863337068000018
0.442632732046999988
0.442766373526999990
0.442986535176000007
0.443019258964999996
0.442828160384000025
0.442826379293000005
0.442915025600999990
0.442729428016999993
0.442593611064000025
0.442813236715999980
0.443005837542000014
0.443000304607000017
0.443085617019999989
0.442875283773999984
0.442887813592000024
0.442789305500000008
0.442959761145000019
0.443015337082000027
0.442677263900999984
0.442745504863000017
0.442739878194999992
0.442653904945999987
0.442576610894000022
0.442829618252000012
0.443062398568000004
0.443035641920000001
0.442926169854999996
0.442873977678000019
0.442790080889000015
0.442573411651000004
0.442600666297999989
0.442561590622999990
0.442629213296000024
0.442720348139999997
0.442771722703000026
0.442863399963999982
0.442819782137999995
0.442819094874999986
0.442894186467999995
0.442887799241000024
0.442856367181000021
0.442697198145000026
0.442582269023999997
0.442774670709999985
0.442783884372000003
0.442896041051000000
0.442882309347000014
0.442760769398000020
0.442887797708999997
0.442721832044999986
0.442751532841999973
0.442739203064999975
0.442986546624999977
0.442939300930000002
0.442922745088000003
0.442936451610999982
0.442836795898999991
0.442988594293000026
0.443036502517999975
0.442817750673999977
0.442939210202000000
0.442896635099999991
0.442706999469999973
0.442702752678000022
0.443054692570999997
0.443051363350999983
0.442953073521999974
0.442983563869999986
0.442905566302999987
0.442951441888000008
0.442895097356000023
0.442817679470999981
0.443047900469999978
0.443022740994000019
0.442937482247000025
0.442997319895000019
0.442998253175000023
0.442901158101999981
0.442919672184000024
0.443027775650000011
0.442859305352000021
0.442704302070000000
0.442678553028999999
0.442614957899999995
0.442564711215000017
0.442641824570999987
0.442886916502000016
0.442953450786999992
0.442881700501999986
0.442847493737999975
0.442962801367000003
0.442877330979999984
0.442837137087999988
0.442924401856999994
0.442975279858999982
0.442848283313000024
0.442747243464000018
0.442834226170999989
0.442768745688999987
0.442623355366999982
0.442771389095000023
0.442696293655999995
0.442899285937000009
0.443033805585999974
0.442885561909000025
0.442877662050000009
0.442800633429000001
0.442872302526999995
0.442762930496999996
0.442733866709000001
0.442823458700000006
0.442773313684000025
0.442821867864000018
0.442749226908000004
0.442956651576999982
0.442939544615999992
0.442789045095999978
0.442766089417999997
0.442850869192000007
0.442804585656000005
0.442877412467999998
0.442722213440999990
0.442877868191999979
0.442940937044999983
0.442638508885999982
0.442785273550000025
0.442929150995000021
0.442911804093000017
0.443022899997999986
0.443116874163999974
0.443057804153000001
0.442860266476999997
0.442741011351000024
0.442688366742000017
0.442867484345999984
0.442791240543999987
0.442796846563999980
0.443046560234999998
0.443090994964999985
0.442828632991000004
0.442799615915999978
0.443047313057000014
0.442872540731000019
0.442905002674999992
0.442929960502999986
0.443029070462000019
0.442931074568000016
0.442857105831999998
0.442818623262999977
0.442628589314000009
0.442756748302999992
0.442572829052999994
0.442587045690000014
0.442789420840999981
0.442890215358999972
0.442829496687000002
0.443038174361999992
0.442988123201000006
0.442803862233000001
0.442697033665999995
0.443014266388000011
0.442895828827000015
0.442839649260000023
0.443043173522000011
0.443072080653000022
0.443145416974999984
0.443012178603000017
0.442932372627000026
0.443049998795999989
0.442881578564999989
0.442902520703000013
0.442870436418999980
0.442735020262999990
0.442722069594000012
0.442923848171000001
0.442978975170000011
0.442964441965000011
0.442955066190000024
0.442892325462000025
0.443046656774999992
0.442883562642000017
0.442911900344999998
0.443055062298000013
0.442922543863000007
0.442773532738999998
0.442653876363000021
0.442816793897000016
0.442894181449000002
0.442686327995999995
0.443006768594000011
0.442980441878999986
0.442845509784000002
0.442735042733999995
0.442910358863999987
0.442811397446000010
0.442941362238000014
0.442985316748999991
0.442798173577999998
0.442672799720000010
0.442742928661999990
0.442767509758999978
0.442780002883999990
0.442822130046999995
0.442940330536999993
0.442799904134000000
0.442745201653999998
0.442756576720999995
0.442712748009000012
0.442915867372999983
0.442919107307999993
0.442990452563999992
0.442830718815000024
0.442853703430000023
0.442964547835000000
0.442802270255000019
0.442783113093999980
0.442721170085000004
0.442861669828999993
0.442986475526000012
0.442728197586999994
0.442609315198999986
0.442823463799000006
0.442860401793999992
0.443071227515999977
0.443196122836999995
0.443300264918999987
0.443032887593000024
0.442826601260000008
0.442856131139000020
0.442877033423999977
0.442752568093999987
0.442784782134000021
0.442731889784999999
0.442756936689000014
0.442913109689999973
0.442870309354999991
0.443031968090999984
0.443049696285999994
0.442852262198999980
0.442909902189999982
0.442842178083000027
0.442547654223999998
0.442649504676000005
0.442831595927999977
0.442913925697999977
0.442975974649000015
0.443028704401999984
0.442959775296999980
0.442874336352999998
0.442882080203000017
0.442927947084000018
0.443128660660999985
0.442959223593999973
0.442984953673000004
0.442765837325000022
0.443122918942000010
0.443057852872999980
0.443011887704000018
0.442999420925999976
0.442934191114999987
0.442809528075999992
0.442941529311000004
0.442877757418000007
0.442870770078999998
0.442598836082000013
0.442859707745999975
0.442925593354000002
0.442954402738999997
0.442774593995999999
0.442695308838000012
0.442823265706000002
0.442788806137000002
0.442595472461999984
0.442607497226000013
0.442793865120999997
0.442791362341000028
0.442798464012999993
0.442855227731000001
0.442915103841000024
0.442746404930000004
0.442951331319999975
0.443061308152999989
0.442927097466999986
0.443095760311000009
0.443002332399999976
0.443122273896999985
