0.434952498256000020
0.434893306275000002
0.435164940582999982
0.435035449658000006
0.434866883779000013
0.434951757602999978
0.435049730119000000
0.435127914276999983
0.435200145968999974
0.435112953018000015
0.435064960562000003
0.434905920853000005
0.435212633683999983
0.435051552253000018
0.435095609150000007
0.435179446917999979
0.435179579157000007
0.435309934552000011
0.435201011758000023
0.435085248107999978
0.435223474318000014
0.435285224176999996
0.435224391837999991
0.435176269745999988
0.435114903669999997
0.435308035970999985
0.435102465333000010
0.435070814957000007
0.435206619753000012
0.435351817674999975
0.435291579779000015
0.435210750691000015
0.435222561723999979
0.435146046582000012
0.435285343363000010
0.435170305802000001
0.435145046556999981
0.435222300667999995
0.435152592870000021
0.435067123760000007
0.435297073792000000
0.435221370059000023
0.435216514729000026
0.435400222152000027
0.435397326939999996
0.435210943505000003
0.435304784132000022
0.435033392106999983
0.434975102271000003
0.435204591448000000
0.435145197247000015
0.434985460712000005
0.434958144137999991
0.434942588149999976
0.434784312113999982
0.434987026208999983
0.435062264661000009
0.435240584210000003
0.435216190238000011
0.435012008876999978
0.435220145647000012
0.435313090517000012
0.435292725589000007
0.435099381846999977
0.435137292062000025
0.435128628379999993
0.435088959057000013
0.434966186965000001
0.435189395914000021
0.435214760350000007
0.435173462198999994
0.435210334234000018
0.435077457298000014
0.435229990790000021
0.435114257110000013
0.434963432516000004
0.435248836493000002
0.435197644511999993
0.435218620574999993
0.435124757630000025
0.435137717059000007
0.435175759032000009
0.435206745707000020
0.435082882607999988
0.435080900905000012
0.435359990999000024
0.435046500808999981
0.435149956166999974
0.435171664150000026
0.435198182508000020
0.435125239438000022
0.435143838807000027
0.435017615136000013
0.435203680169999996
0.435146625730000014
0.435420563769999991
0.435098460094999973
0.435119344191999990
0.435072453834999984
0.435100978679999972
0.435266691268999972
0.435143564664000004
0.435209199519999979
0.435151807404000002
0.435207328589000020
0.435227798597000004
0.435366926099999996
0.435330611473000006
0.435501163129000002
0.435375719463999999
0.435496073820999974
0.435344269472999978
0.435200929198000019
0.435074602290999979
0.435185682535000007
0.435231084765999976
0.435188150065999979
0.435082490847000014
0.434960425152999985
0.434968364316000000
0.435218787981999977
0.435203036885999983
0.435079762897000011
0.435461834777000012
0.435208048918000023
0.435102815884000016
0.435186671314000018
0.435233452547999999
0.435123081698999992
0.435087092482999982
0.435252482582000000
0.435166401136000025
0.435150609562000024
0.435090675541000005
0.435220663993000023
0.435257276766999990
0.435221340060000017
0.435227387602000027
0.435079679192000024
0.435333499628999976
0.434996577646000027
0.434943570243999988
0.435244733034999998
0.435241719360999979
0.435038213895000025
0.435028618573999992
0.434969768325999984
0.435098050241999990
0.435244830591999976
0.435293434225999976
0.435158454703999997
0.435153283587999984
0.435120483213000009
0.435210923209999989
0.435036616767000006
0.434999863064000014
0.434887614314000026
0.434978519795999996
0.435021463965000021
0.435084787259000016
0.435105041111999991
0.435282203229000020
0.435098980369999999
0.435244718098000027
0.435169525457999973
0.435371520095999998
0.435163132725999990
0.435304615798999983
0.435204499698999991
0.435394268064999979
0.435214848388999986
0.435229835070000015
0.435127240877999977
0.435065870931999998
0.435086113554000009
0.435057794331999981
0.434915918066999974
0.435154793880999979
0.435257781702000024
0.435359249584000019
0.435271920337000018
0.435180426958000022
0.435337611030999994
0.435241465448999998
0.435366444903000027
0.435395086411999976
0.435146578939999973
0.435198851228000005
0.435039853551000000
0.435093582229999998
0.435123132809999980
0.435326313683999988
0.435207777311999999
0.435166407922999987
0.435360066795000000
0.435055163517000021
0.435048667100999986
0.435083548300000011
0.435073066469999992
0.435177402621000020
0.434984234721999985
0.434971150159000008
0.435121501999999993
0.435150349825000005
0.435109669159000012
0.435175882703999983
0.435000919159000021
0.435062747124999982
0.434995912667999973
0.435130769588999988
0.435198936699000005
0.435110628526999998
0.435055230208999999
0.435322724175000009
0.435101599193000010
0.435127748678000026
0.435027718379999984
0.435187582851000010
0.435333888125999990
0.435203934934999981
0.435014149108000014
0.435118704450999982
0.435370232666000001
0.435224984077999977
0.434955880239000003
0.434931656335000028
0.434854183065000011
0.434934241923000009
0.435105301920999998
0.435128103180999981
0.435045077604999997
0.435012342930999996
0.435117179287999978
0.435172795762000020
0.435107823361000012
0.434929117285000000
0.434927596417999995
0.435060390720000023
0.435214275789000016
0.435114238162000011
0.435074814196000026
0.435108376266999997
0.435008727561999986
0.435148362495999974
0.435046561913000007
0.435248727328999996
0.435350689919999978
0.435240656181999974
0.435329333400000018
0.435261630735999994
0.435365156074000004
0.435134938071000010
0.435074646371000018
0.434980948420999991
0.435170751621999974
0.434952107206000027
0.435160385767000002
0.435207813996999981
0.434980163390000008
0.435134978567000008
0.435010534040999985
0.434867671231999986
0.434920136311000016
0.434898228052999991
0.435036205785000019
0.435378934750000002
0.435311729839000017
0.435249213139999980
0.435222093807999977
0.435133048700000025
0.435136520410000005
0.434981995216999984
0.435199017784999975
0.435430737273000024
0.435215278508999992
0.435137710929999977
0.435152893297999999
0.435271362341999979
0.435281894745000009
0.435468910694999989
0.435302741742999988
0.435182639789999992
0.435240538527999987
0.435228629001000011
0.435337664354999987
0.434981611785999978
0.435069929685000023
0.435105286433999983
0.435062383788999973
0.435146310663000024
0.435180070763000026
0.435090345765999975
0.434913030355000008
0.434928965951999980
0.435004849003000016
0.435078838804999979
0.435028019614999983
0.435256221642999985
0.435126526788000012
0.435034824037999979
0.435020467608999983
0.435096956518999989
0.435139743946000024
0.435400239698999991
0.435115902358999995
0.435128671231999997
0.435270704552000010
0.435308265819000006
0.435150030861999992
0.435185557988000016
0.435167679187999978
0.435255406582000015
0.435062162807999975
0.435110329051999978
0.435109584722000009
0.435072152147000013
0.435263139176000013
0.435362071000999995
0.435259097242000015
0.435151212328000025
0.435295700585999978
0.435454794121000022
0.435345978344999995
0.435326329013000002
0.435249491830000002
0.435243622138999975
0.435220776262000009
0.435264489862000004
0.435245962633000028
0.435520649709999985
0.435249340315000011
0.435255557098000012
0.435363397139999997
0.435152844129999994
0.435361957497999996
0.435278101989000021
0.435474650284000009
0.435359990819999987
0.435232787951999989
0.435193920542999990
0.435088061470000009
0.435066601275999998
0.435141102055999984
0.435278054502000022
0.435244908666000019
0.435365567600999981
0.435032456527000011
0.435110172015000018
0.434902919832000023
0.435039520273000024
0.434975360202000005
0.434985680553000020
0.435215309052000010
0.435337158547999981
0.435357256433999973
0.435242265979000009
0.435080585786000007
0.435210883995000020
0.435084007040999976
0.435210061608000021
0.435243159095999976
0.435394163737000017
0.435311842411999994
0.435127563958999986
0.435232976805000005
0.435064741252000009
0.435090132871999991
0.435113808416000003
0.435087641016999982
0.435301980111000020
0.435117116342000010
0.435173544829999981
0.435169187658999979
0.435167431727000009
0.435206920333999991
0.435033689684000024
0.435136667731000015
0.435139939277000010
0.435075143019000021
0.435081058626999972
0.435241644857999987
0.435341320596000003
0.435278290663999978
0.435214140786000014
0.435341479944000020
0.435113908587999976
0.435236129425999985
0.435214134149999987
0.435100405294999992
0.435077994414000024
0.435203883362999977
0.435296102070000024
0.435234478673000025
0.435088263447000023
0.435002921978999979
0.434909510792000020
0.435107252030000002
0.435277880991000010
0.435266641555000000
0.435126568883999976
0.435225707748999990
0.435326510722000015
0.435165785937999983
0.435181481982000018
0.435066355879000000
0.435091924583999978
0.435031832996000012
0.435115129436000003
0.434854715652999990
0.435114578573000010
0.435100827620000019
0.434968761842000007
0.435149189671000025
0.435071470507000013
0.435084204402999997
0.435279441263999978
0.435101125252999987
0.435254404513999993
0.435071138927000001
0.435127565451000009
0.435197001887000001
0.435141789943000012
0.435166248330999983
0.435268859298000022
0.435322121451000021
0.435495556710999987
0.435360446291000014
0.435391571051999993
0.435193518526000023
0.435170575100999990
0.435049720176000021
0.434996429001999974
0.435139731176000022
0.435251892804000007
0.435110111091999985
0.435172529869999991
0.435318385935999974
0.435220120747000006
0.435265425867000011
0.435240254020999973
0.435334885384999981
0.435055807926000015
0.435218182888999994
0.435238141528000000
0.435127101131999983
0.435128808580000026
0.435201590427999996
0.435390685087000018
0.435265576609000004
0.435190978748000001
0.435127717407999992
0.435112026804000018
0.435121691605000027
0.435010407145000000
0.435029762207999993
0.434973775093000004
0.435188761019999981
0.435118819782999988
0.435156498870000019
0.435100267011999997
0.435198884319000001
0.435213585530999980
0.435334089024000004
0.435361864476000004
0.435290821958000007
0.435117703309000015
0.435143189234000027
0.435078617699000025
0.435086872080000020
0.435337930729000011
0.435299428822999990
0.435166534152999995
0.435167404581000006
0.435293125083999977
0.435341736756999997
0.435151128158000000
0.435322805535000024
0.435269230264999973
0.434972845883999981
0.434894700583000005
0.434929525481000001
0.434868626505000022
0.435088074529999980
0.435164730070000005
0.435199118519000006
0.434951371508000006
0.434836123397999985
0.434716928188999985
0.434818477476999976
0.434897727903000020
0.434891292992000023
0.434895719351999999
0.435152752014999977
0.435316909625000026
0.435401877391999981
0.435270199588999984
0.435105253794000002
0.435221626219000013
0.435211269514999999
0.435096637286999988
0.435071939926000018
0.435257334902000026
0.435233638212999985
0.435138152933999989
0.435021377097999984
0.435028073856999986
0.434891970841999986
0.435087175908000001
0.435133455451000017
0.435137671915000024
0.435255490045000026
0.435115313065000009
0.435170006755999983
0.435145330413999998
0.435226019008999987
0.435119113913000011
0.435261294184999981
0.435157971550000022
0.435147868109000024
0.435133124744000011
0.435172142235999981
0.435106295204999993
0.435334604038000006
0.435266252297999978
0.435175350753000012
0.435053678301999980
0.435074019804999990
0.435077093842999973
0.435275819918000018
0.435085160335999976
0.435170114991999979
0.435176763941000022
0.435327554738999978
0.435191291382000023
0.435066005016999990
0.434949063279999992
0.435146993897999990
0.435221331465000028
0.435073649130000017
0.435069372050000014
0.435265534595000003
0.435300479947999974
0.435338314564000017
0.435271634984000011
0.435361591306999973
0.435268434044999986
0.435281207773999979
0.435182829564000007
0.435225458173999991
0.435297352776000013
0.435333475425999983
0.435082921627999997
0.435088800975000023
0.435117133102999987
0.434989345586999976
0.435241952016000022
0.435178710668999991
0.435383927243999991
0.435328619081000012
0.435295279395000012
0.435057879623000021
0.435085176688999986
0.435298929271999979
0.435165678037000014
0.434926612431999982
0.435130603994999976
0.435211403461000013
0.435340067217000026
0.435222114950000016
0.435146555790000000
0.435017589092999979
0.434927080385999976
0.435017036959999992
0.435121219858000008
0.435171088076000023
0.435051141217999982
0.434837837836999974
0.434754251874999997
0.434959822926999973
0.435117803247999979
0.435183276058999979
0.435146763629999989
0.435186318259000005
0.435047317724000016
0.435216549652000018
0.435256798632000008
0.435279675403999977
0.435214050259999985
0.435268263874000028
0.435119217147000026
0.435344322637999992
0.435325211657999978
0.435353091734999975
0.435235766424000026
0.435315773351000024
0.435114163291999978
0.435316798366000013
0.435251308364999978
0.435250801158000022
0.435307530393000019
0.435150759606000026
0.435364611060000017
0.435183985286999975
0.434925683938000018
0.435046958016999996
0.435274244959000023
0.435329308257999981
0.435006409917000014
0.435028842475000010
0.435099007317999997
0.435077372976999999
0.435120347420999976
0.435120751914000015
0.435182534038999980
0.435166332381999976
0.435337709530999983
0.435374303791999984
0.435256017988000010
0.435246247658000018
0.435224205555999999
0.435073434488000010
0.434903304441999983
0.434933477078999986
0.434956812420999983
0.435250099060999984
0.435113834837000002
0.435252677591999981
0.435212230533000011
0.435259719714000015
0.435270524238000001
0.435069409239999982
0.435149896495999999
0.435157381953000022
0.435328096333999992
0.435221258572999981
0.435238457261000022
0.435215995570999992
0.435421798871000021
0.435327549465000019
0.435273709680999987
0.435146134563999976
0.435317698106999995
0.435353975107000024
0.435360523363999996
0.435220315548000003
0.435188274696000021
0.435152384983999996
0.435133177445999997
0.435239096880999987
0.435218774580000023
0.435172480909000015
0.435126789743999987
0.435073895400000021
0.435118259856000000
0.435149457673999984
0.435408388347000019
0.435233141036000026
0.435178252082999983
0.435085304881999979
0.435033636817000025
0.434957015732000019
0.435201192254999980
0.435028323451000010
0.435048445171999976
0.434908356536000018
0.435106760920000002
0.434837825838999992
0.435093025806999989
0.435156677526999991
0.435503192077999979
0.435238201985000017
0.435217751476999981
0.435435584293000000
0.435185285407000022
0.435013211136999978
0.434875330647000014
0.434993707705000010
0.435072818483000001
0.434983290517999999
0.434959233873000006
0.435097786692999977
0.435125904324999979
0.435086603005999994
0.434864177994999990
0.434885992961999979
0.434916411150000015
0.435060005831999996
0.435022761317999995
0.435150155692999974
0.435057979365999992
0.435279674841999975
0.435284141710000017
0.435220655883000018
0.435095583230000027
0.435254445346999974
0.435072169986000012
0.435004605893999974
0.435059443825999981
0.435361491255999988
0.435228564172999988
0.435274111961000021
0.435345597327999989
0.435469565502000000
0.435526145578000012
0.435437888383999994
0.435249465743999975
0.435056627473000002
0.435103515504999983
0.435040810190000016
0.435037165258000014
0.435039348366999978
0.434986920662999987
0.435283438952999979
0.435322246370999977
0.435296932555999994
0.435362627552000003
0.435297369225999986
0.435334416805999991
0.435306490325999995
0.435210688888000019
0.435058218394999974
0.435088109306000004
0.435028168220999989
0.435155379673999976
0.435352445099000007
0.435177856839000010
0.435240411928999982
0.435433579281000016
0.435408767538000008
0.435178311249000027
0.435151720610999992
0.435146930722000003
0.435183643836000000
0.435233368559000022
0.435241558226000025
0.435326050078999993
0.435121128041000005
0.435341090681000020
0.435273592706000023
0.435131097555999991
0.435138500154999996
0.434970598544999976
0.435103578491000009
0.435079406612999986
0.435083232308999979
0.435310066755000002
0.435223033678000026
0.435191749625999991
0.435113194465000019
0.434943557779000012
0.435151251432000008
0.435122579386000019
0.435063995054000008
0.434953591575999998
0.435103187810000014
0.435138533935000016
0.435107439400999996
0.435222884458000003
0.435138100696999985
0.435288589511000024
0.435252360883000011
0.435297649269999976
0.435352510068000020
0.435202379324000022
0.435185229459999989
0.435209489216000001
0.435168809134000023
0.435232380696999988
0.435229045275999982
0.435137221763999993
0.435098057343999978
0.435090619753000007
0.435090992790000020
0.435063359370999991
0.435021901484999973
0.435250426395000001
0.435084387713999987
0.435119090416999976
0.435250503866999983
0.435168556874000023
0.435199750205999991
0.435222686468999975
0.435207024356000005
0.435252547320999994
0.435260461247999997
0.435266195600999994
0.435296231681000012
0.435217005235000010
0.435293297580999994
0.435254556369999990
0.435342299872999994
0.435421277180999988
0.435307977580999983
0.435267790722999981
0.435092646262999982
0.435112578445999987
0.435184258388000011
0.435254197803000009
0.435187349195000017
0.435231523306999990
0.435209382067999972
0.435183589423999984
0.435131926082000020
0.435007121215999992
0.435143614038999982
0.435150357200999982
0.435079436320999990
0.434893093898999994
0.434994109951000019
0.435247683838999977
0.435198449302000023
0.435427854497999978
0.435369401531000011
0.435406610812999972
0.435365677989999977
0.435424088047999980
0.435284169042000013
0.435181502085000005
0.435239267107999983
0.435337124874999981
0.435212787215000008
0.435259988420999999
0.435254778140000020
0.435405952117999984
0.435378535785000020
0.435332574362999991
0.435051748249000003
0.435161291163999986
0.435214759146999974
0.435235059500000021
0.435170583850000015
0.435169686333999994
0.435243951296000020
0.435255343322999977
0.435226408946000010
0.435370641516000023
0.435401669780000000
0.435432331720999988
0.435233294335999998
0.435324274136000000
0.435251871550999980
0.435383849373000009
0.435163660166999977
0.435193479153999974
0.435217570705000001
0.435111761842999989
0.435250683766000013
0.435226813649999988
0.435177333173999981
0.435334485814000027
0.435244316868000025
0.435319095453999994
0.435279886424999984
0.435097338933999989
0.435162745196000011
0.435065176627000005
0.434997825677999994
0.434979302409000013
0.434989649583999993
0.435136647639000007
0.435081121505000001
0.435197493145000003
0.435211318239000000
0.435416681495999991
0.435423915524999983
0.435182132511000019
0.435054423575000015
0.435080404679999977
0.435329700468000014
0.435180447031999984
0.435081644478999996
0.434772332556000007
0.434905888946999997
0.434988789785999974
0.435108744425000027
0.435271677530000012
0.435145700068000019
0.435234580927999992
0.435097094013999985
0.435215898112000010
0.435285921131000009
0.435318378918000015
0.435272735688000012
0.435277128613999975
0.435438335860000025
0.435323437518999989
0.435343181432999993
0.435407883684000019
0.435166895699000023
0.435190252308999992
0.435022635265999991
0.435085937166000025
0.435042909699000002
0.435132186861000025
0.434979508758999989
0.435007941788999986
0.435047939150999985
0.435079801295000013
0.435296289664000025
0.435349619976000024
0.435429145926999994
0.435527556701000018
0.435321749116000023
0.434916727128000002
0.435284625087999977
0.435141518604000022
0.435026154945000021
0.435175352058000009
0.435344375800999994
0.435329923728000001
0.435382185731000015
0.435324660962999987
0.435026559832000004
0.435241528511000009
0.435173902336999985
0.435305718017999999
0.435290023079999977
0.435127969379000001
0.435342929830999981
0.435276982937999990
0.435455194689999991
0.435412071018000002
0.435220383729999993
0.435215247681999984
0.435268418546999991
0.435180949097999981
0.435058225321000025
0.435008940156999979
0.435116233723000012
0.435304021616000014
0.435240739885999983
0.435264322375999990
0.435326932966000002
0.435195088105000016
0.435121372042999999
0.435031405724999987
0.435085285501999985
0.435186788112999989
0.435083982551000004
0.435112203340999981
0.434983878644000010
0.435184321373000005
0.435118881808999991
0.435018051096000002
0.434947070054000018
0.435300008183000020
0.435331754926999992
0.435344886295000011
0.435345715036000003
0.435182902082999978
0.435132912636000013
0.435044086251999973
0.435341041825999975
0.435295258504000027
0.435392464957000014
0.435162799962000024
0.435011390180000013
0.434909730305000020
0.435002134664999984
0.435173643531000021
0.435120155928999996
0.435296169412999978
0.435408606349000027
0.435310641757000016
0.435235086714000019
0.435141202665999982
0.435209468169000024
0.435184532058999984
0.435324720005999977
0.435269222221999985
0.435061154183999987
0.435182186350000000
0.435260067605000023
0.435186830049999973
0.435264457381999981
0.435172061920999997
0.435045258883999975
0.435008565733000008
0.435121481837999979
0.435257688501999973
0.435261548915999996
0.435192517567000003
0.435092911146000016
0.435221356667000014
0.435286946374000006
0.435160217078999989
0.434978922890999986
0.434853904289000004
0.434860691076999983
0.434916889734999979
0.435062545926000022
0.435093580584999973
0.435008592724999976
0.435205647493000003
0.435469266138000022
0.435414702523999997
0.435203629408999981
0.435193302389999981
0.434966649596000010
0.435121105715000012
0.435306528543000004
0.435185483619999980
0.435167370308000012
0.434971931628999997
0.435020615659999998
0.435198837592999987
0.435076909126000000
0.435046150816000010
0.435238156691000022
0.435424129461000009
0.435223447616000014
0.435088399916999991
0.435273165947999974
0.435126632544000025
0.435327333543000017
0.435239482893000018
0.435118967567000026
0.435153573201999988
0.435150673792000009
0.435102002308000002
0.435191544352000026
0.435079028377000021
0.435038000694000004
0.435214902728999986
0.435213837770000000
0.435239602569000017
0.435161284420000016
0.435166353193999988
0.435150769160000006
0.435047897244999981
0.434991279414000009
0.435058026879000026
0.435221151926000027
0.435227755263000005
0.435042822333999990
0.435209731453999993
0.435182194108000020
0.435229668517999990
0.435346089154000027
0.435160662079000005
0.434933504814999983
0.435127565012000006
0.435228473188000009
0.435100844491999983
0.435152008458999984
0.434996544641000016
0.435000964260999989
0.435135947620999997
0.435190811667000022
0.435078360198999980
0.435195275350999999
0.435329848863000024
0.435116343800000027
0.435075857007000022
0.435140708232999995
0.434926475993999972
0.435177054808000008
0.435222509117000000
0.435225179942999973
0.435268125707999998
0.435247847741999982
0.435300039086000012
0.435189409475000011
0.435351642802000005
0.435308983811000028
0.435114857723999993
0.435326102609000010
0.435329709820000021
0.435392654594000006
0.435253736865999996
0.435116129593000001
0.435272000622999977
0.435241449637000011
0.435149652925000019
0.435279952083000021
0.435273729173999979
0.435084381660000019
0.435225131524999975
0.435040809508999982
0.435123657965000021
0.435135285796000026
0.435197762446000003
0.435141874832999986
0.435005388363000012
0.435183087081999986
0.435141677489999990
0.435189444107999979
0.435293088032999986
0.435329830415000008
0.435263255519000025
0.435027099992999988
0.435090882211999985
0.435200074624999989
0.435274690773000017
0.435119463298999976
0.435157167869999972
0.435051243375999985
0.435135816140000020
0.435111101717000015
0.435285385505000011
0.435255775650999988
0.435005244248000023
0.434954249404000015
0.435244826663000017
0.435244018871000005
0.435146678437000001
0.435184817396000012
0.435174834080999995
0.435353102393999991
0.435455368015999988
0.435281159490000014
0.435293045436000003
0.435350781791000008
0.435382737201000014
0.435449998153000006
0.435214136252000006
0.435133843849999979
0.435238504555999994
0.435240547041999992
0.435295793446999979
0.435333490466999984
0.435133559165000017
0.435005341772999987
0.435165128863000017
0.435042146600999990
0.435250897889000010
0.435230241304999987
0.435144387144000000
0.435223557388999982
0.435264303010999998
0.435065564391000026
0.435096123971000004
0.435070329167999981
0.435214712273999993
0.435162493338999978
0.435115124618999982
0.435038744438000002
0.435181279533999987
0.435177504112000013
0.435329683041999982
0.435208849800000019
0.435248327930999990
0.435302626083000022
0.435270782886999996
0.435297199794999978
0.435211124296999985
0.435001749042000008
0.434947461515000022
0.435075212852000015
0.435124167153000008
0.435141194672000020
0.435163951812000016
0.435112889933000013
0.435149403330999995
0.435298675156999992
0.435229804564000011
0.435229928084999995
0.435188401652000012
0.435139310728999973
0.435042301128000020
0.435181679825000001
0.435216768545000021
0.435145964454000000
0.435118776909000027
0.434986042557000019
0.435205354802999989
0.435099482830999973
0.435327273484000021
0.435183049493999996
0.435214389285000003
0.435201703243000004
0.435111402116000023
0.435174385883999981
0.435069615814999977
0.435069468603999976
0.435247032979000026
0.435373067398000024
0.435159231719999984
0.435001952257999980
0.435123444384000024
0.435135899353000011
0.435127365973000002
0.435064242273000001
0.435058184959000005
0.435129620303000009
0.435011378891000000
0.435030568378000027
0.434971591137000013
0.435010389393000019
0.435254590900000016
0.435024156725000000
0.435156998866000011
0.435419184997999975
0.435427826281999997
0.435292644113999982
0.435328145833000002
0.435202666595000009
0.435095469545999980
0.435192760452000005
0.435186610407000019
0.435329315521000015
0.435217052145000005
0.435374401921000020
0.435382716519000013
0.435316579558000016
0.434969740341999977
0.435110676044999978
0.435059783794999988
0.435253032968999976
0.435221168027000005
0.435226670202999988
0.435157647285000004
0.435112679173999983
0.434996656940000004
0.435173349942999999
0.435211015086999997
0.435271864160000022
0.435194625903000010
0.435145691343999996
0.435091514765999998
0.435414146777000022
0.435532273703999995
0.435410797884000000
0.435296348770000008
0.435410641285999989
0.435467623856999997
0.435149353023000007
0.435062705980000020
0.435152545434000004
0.435253420338000019
0.435235487518999986
0.435222642878999977
0.435307123299999987
0.435343465064999990
0.435237672633000006
0.435193790518000001
0.435140313130999989
0.435290600465999988
0.435122090632000025
0.435290585482999981
0.435188137322999991
0.434907563499000005
0.434979808202999974
0.435018392169000012
0.434955922095999981
0.435339454931999992
0.435284229490000008
0.435295336101000019
0.435076456471000017
0.435119512890000004
0.435023196491000019
0.434934302242000026
0.435217259430999981
0.435513344099999977
0.435394916379999997
0.435200974364999993
0.435144917249999985
0.435132595682000023
0.435059798978000012
0.434975223784999976
0.434733521474999995
0.434810950216000025
0.435013057470000020
0.435209816887999978
0.435139116079999999
0.435333109750000002
0.435366738556999977
0.435380248309999995
0.435398751990999977
0.435036501109999973
0.435111959255999992
0.435058592207999972
0.435064205300000006
0.435208526365000015
0.435149903369000002
0.435062482319999999
0.435155072438000001
0.435105133217999984
0.434969247637999989
0.435080069750999998
0.435182530042000026
0.435172970799000025
0.435120665497000014
0.435096583944000026
0.435117011077000015
0.435073093821999990
0.435280037264999975
0.435229425010000004
0.435139848621000025
0.435377214984000005
0.435155733205000006
0.435133465208999981
0.435279777759999986
0.435269806769999990
0.435248235486000001
0.435053745867999997
0.435156643065000015
0.435143371150999991
0.435125734943999976
0.435268890025999999
0.435219238171999978
0.435299293822000000
0.435282781151999976
0.435238068214000018
0.435135903558000026
0.435152355800999979
0.435166168209000004
0.435192814460000021
0.435187621553999981
0.435225955315000024
0.435144499224000003
0.435302288435999996
0.435213358549999985
0.435441218366000027
0.435284585885999997
0.435200433195000014
0.435177312235999980
0.435067117703999973
0.435137922063000004
0.435091699102999996
0.435043889645000015
0.435005500724000016
0.435109239802999981
0.435223105877000027
0.435042779913999977
0.435034330508999978
0.434958179220000019
0.435130962557999990
0.435119742184999991
0.435067045807000008
0.435198204014000001
0.435234479040000011
0.435438511066999989
0.435572907038999979
0.435400259328000028
0.435169857852999997
0.435232488791999994
0.435092956359000027
0.434955490527999977
0.435010413395000017
0.435056169705999973
0.434954012383000022
0.435159654557999986
0.435083024180000000
0.435092457484999973
0.435060988659000003
0.435220236383999981
0.435352000480999979
0.435039316306999990
0.435149941002999974
0.435223091772000026
0.435193150921000027
0.435346756607000007
0.435240267241000012
0.435073372961999993
0.435174257803000009
0.435189157769000023
0.435140524761000014
0.435262697809000010
0.435174404994000008
0.435172469755000013
0.435083938309999974
0.435279749416000006
0.435147774702999979
0.435041156160999976
0.435113058188000001
0.435102858400000014
0.435096188243000004
0.435201341753000015
0.435264053017999974
0.435276881406999994
0.435085654032000002
0.435234432838000007
0.434962057238000022
0.435038025002000006
0.435126797411000021
0.435220535793000018
0.435382211477999992
0.435157059241999988
0.435078555096000019
0.435066428542999983
0.434956220517999981
0.435155697968999999
0.435215444326999989
0.435113059686000003
0.435138214741000007
0.435054194926999982
0.435213036554999988
0.435127037002000006
0.435231394428000018
0.435133492497000007
0.435167243320999986
0.435098923766999990
0.435176513521999986
0.435274839455000007
0.435439680943999985
0.435301327273000027
0.435200294947000021
0.435151018020000002
0.435068874366000002
0.435217077249999973
0.435246054338000010
0.435482896564000022
0.435171158634999999
0.434951075262999975
0.435293637896000007
0.435303446523999993
0.435228652780999981
0.435065734719999986
0.435267059354000008
0.435169745205999992
0.435320640368000000
0.435240336161999974
0.435126474945999986
0.435084761282000021
0.435142927281000014
0.435148159495999998
0.435317174965999976
0.435186452868999984
0.435273864841999980
0.435166521689999974
0.435198238633000001
0.435124189426999985
0.435303836211999973
0.435201341914000006
0.435028033704999983
0.435250659461000000
0.435250770409000010
0.435148922468999999
0.434914143656000007
0.435106313520999988
0.435040227188999984
0.434964705461000023
0.435108148171999998
0.435214678447999992
0.435132323613000027
0.435210821773000023
0.435151639649999977
0.435128007953999973
0.435063318764999984
0.435271624944000013
0.435288976855999987
0.435541721868999976
0.435362798052000011
0.435381440200000025
0.435206310255000006
0.435194003102999993
0.435215983410999985
0.435254661779999996
0.435440847417999988
0.435302001817999995
0.435421422890999998
0.435323186866000023
0.435247855259000005
0.435169893866000024
0.435377309302000026
0.435181945818999993
0.435179928067999988
0.435218707119999992
0.435302447500000023
0.435207518751999978
0.435142072536000013
0.435247014734999993
0.435169020246000016
0.435191997501000016
0.435343653183999979
0.435430982068000016
0.435457517394000015
0.435475167616000025
0.435357188848999987
0.435291707856000021
0.435322957855000026
0.435133875113999979
0.434878983599000013
0.435014288636999980
0.435027410168999984
0.435085183762000005
0.435238071178999986
0.435226270033999996
0.435169822252000016
0.435174111402000019
0.435286951277000012
0.435357164149999976
0.435192898940999995
0.435010843912000011
0.435068634876000004
0.435127475676999997
0.435231873386000001
0.435102355827000020
0.435195292324999983
0.435076922924000020
0.435134517443000024
0.435250603500999977
0.435127864811000020
0.435055787994999998
0.434931235003999994
0.434836818617000020
0.434833772848000011
0.435022313526000015
0.435064736931000007
0.435030697942000000
0.434793650812999977
0.434957493340000001
0.435236837739999993
0.435218250413999974
0.435334092787000027
0.435218749198000021
0.435259234501999992
0.435332708678000002
0.435274237798000008
0.435351585581000011
0.435406560326999981
0.435238245894999987
0.435241386901999983
0.435298622613000008
0.435149264751999998
0.435175415775999996
0.435061377357999990
0.434925555349999993
0.435011079048999993
0.435068165250000027
0.435079127555000000
0.435157107596999992
0.434982476735000012
0.435204081537000020
0.435200052738999976
0.435246989851000021
0.435192869097000001
0.435089906131000015
0.435239043420000027
0.435471747419999999
0.435368515918000021
0.435155526372000001
0.435145505586000014
0.435118432446999992
0.435335655082000006
0.435238935428000018
0.435250731605999974
0.435229566519000022
0.435118516150000023
0.435187959075999997
0.435249317006000003
0.435325563319000020
0.435332153408000022
0.435334501812000008
0.435373440281999979
0.435287694356000010
0.435255307294000027
0.434897461825999976
0.434977687808000002
0.434911758671999993
0.435076919532000006
0.434961535321999992
0.435045241892999979
0.435225794039000025
0.435241757040999988
0.435014400756000008
0.435010603556000019
0.435080694597999973
0.435136915765999999
0.435104421462999991
0.435051668439999983
0.435165308891000024
0.435110492440999974
0.435157210136000006
0.435149219028000023
0.435277581976000028
0.435146575132000002
0.435168294958000024
0.435145008163000002
0.435176452200999986
0.435183592181999979
0.434939511082999997
0.434924135719999994
0.435147317167999981
0.435090999277000012
0.435050848755999975
0.435039970027999989
0.435226076603000001
0.435298169600000007
0.435395041744999989
0.435378767966000002
0.435216892690000023
0.435081011088000014
0.435073130776000017
0.435203716499000026
0.435141573820000016
0.435096567662999978
0.435072876584000012
0.435174897527999982
0.435268506368000019
0.435189590971999996
0.435073336915999975
0.435058213861999998
0.435078057392999984
0.435121269543999989
0.434871697938000012
0.435132881728999998
0.435141439665000018
0.435163913527000012
0.435343486649000022
0.435308667441999975
0.435073908840000023
0.435269072327999995
0.435000967964999985
0.435121264881999981
0.434964758316999989
0.434920996798000004
0.435094315318000024
0.435189625066999985
0.435026765315000008
0.435152440217000003
0.435108126219000024
0.435224216970000022
0.435098363993999981
0.435234670144000024
0.435044339205999997
0.435207693100000015
0.435001740209000010
0.435211176781999998
0.434972397304000002
0.435163105938000006
0.434955163222000007
0.434959748558000014
0.435215765151000022
0.435186489760000017
0.435315448780999981
0.435390300085999993
0.435325656911000003
0.435483704068000022
0.435382721871000022
0.435369705554000008
0.435457755476999997
0.435289493573999986
0.435364296747999979
0.435307447982999973
0.435174909887000028
0.435101350687999988
0.435184546464000011
0.435312570755999995
0.435126261435999973
0.435207150405999998
0.434995223448999990
0.435242480282000022
0.435079452523000010
0.435152545042999994
0.435105714284000022
0.435131920865000021
0.435179748734999983
0.435129567310999998
0.434998662992999996
0.435075667351999984
0.435033222305000022
0.434981722668000004
0.435270849841000007
0.435225412867000006
0.435225170905999992
0.435122256124000018
0.435109190832999981
0.435276549108000010
0.435447529029000024
0.435392818971999995
0.435236741787000003
0.435029965603000002
0.435244791286999999
0.435243571679999997
0.435028041992000014
0.435084426447000017
0.435444723756999996
0.435481371963999997
0.435258831736999974
0.435306490067000007
0.435370162630999979
0.435437978248000013
0.435073253815000005
0.435146361686999994
0.435086275932999977
0.435319682915999984
0.435217793347000004
0.435357359482999973
0.435210945826999984
0.435213235994000025
0.435297883734000024
0.435409960092999981
0.435414672205999997
0.435237985742000011
0.435297711307999990
0.435177737803999987
0.435292557061999985
0.435174868009999993
0.435080594671999998
0.435109966339999987
0.435299440706999996
0.435187660144000010
0.435246688850000008
0.435213892149000026
0.435052904304000010
0.435249245093000003
0.435164265509000003
0.435139275649999990
0.435166299649999977
0.435143075729000017
0.435450469464000012
0.435476157583999990
0.435337096556999981
0.435213256551000016
0.435143595734999999
0.435271508583999989
0.435290396289000014
0.435285854974999997
0.435223507417999977
0.435277029789999992
0.435289561340000020
0.435091407398000007
0.435127412385000023
0.435165257593000010
0.435325906162999987
0.435242440432000000
0.435169638550000015
0.435260596679000022
0.435280645706999980
0.435031022677999979
0.435168180961000017
0.435294480947999995
0.435123525163999991
0.435014584461999976
0.435108063772000009
0.435093921609999990
0.435051573161999994
0.434979888930000003
0.435119786351999993
0.435271002889999981
0.435032668790000021
0.435262582883000015
0.435171419125000014
0.435050963068999985
0.435176691474000010
0.435103405024000023
0.435248399012999998
0.435113296686999995
0.435256060206999973
0.435060077268999978
0.435322524079999995
0.435270441976000011
0.435279892976000005
0.435177597653999992
0.435126303248999979
0.435234061728999977
0.435294424356999998
0.435243398092000022
0.435347805390000009
0.435437275585000005
0.435240993111999985
0.435147758971999976
0.435211883076000006
0.435216629226999996
0.435101113433999986
0.435105366386999981
0.435175304002999974
0.435169964721999980
0.435267295704000023
0.435125324038000028
0.435114905027000010
0.435220981183999989
0.435272107613000003
0.435179663747000012
0.435251879321000013
0.435196944802999974
0.435352192046000008
0.435377920450999989
0.435264169683000024
0.435088783340000007
0.435053499467000004
0.435045900011000020
0.435139478751000008
0.435164945001999981
0.435273017907999993
0.435124567040000021
0.435184666629000017
0.435244917429000011
0.435141105367000014
0.435032840545999999
0.435076224871000006
0.435325373118000014
0.435221704797999986
0.435245644699000012
0.435333191452999979
0.435075485757999980
0.435287236109999975
0.435168602399999993
0.435168329728000014
0.435189627279999991
0.435140803214000005
0.435183117981999990
0.435222269757000013
0.435166458774000009
0.435110982023000026
0.435072275743999981
0.434937288254000021
0.435048238076000016
0.435280526893000008
0.435199404846000004
0.435009577202999986
0.435149227467999999
0.435234411149000022
0.435274529417999989
0.435260798871999977
0.435008469296000011
0.435126009195999974
0.435041353404000020
0.435343264738000002
0.435258815861999993
0.435210595777999976
0.435257566727000000
0.435168176040000021
0.435115853820000009
0.435077846375999999
0.435024799030999998
0.435080377462999990
0.435084455126000025
0.435114634880999995
0.435121339506000016
0.435050637768000015
0.435074054165999979
0.434860424001999979
0.435032455694000009
0.434990956521000005
0.434954173418000023
0.435038161064999984
0.435292436517000003
0.435171064077000014
0.435200995729999984
0.435198745112000018
0.435322053037999979
0.435337319519999988
0.435250084651000013
0.435196049056999990
0.435282284271999997
0.435371105405000014
0.435274640970999993
0.435287952425999991
0.435281445711000026
0.435244668822000025
0.435109476128999972
0.435155988298999985
0.435131848679999989
0.435226341234999980
0.435040925952000002
0.435144830897999990
0.434927187692999984
0.435042697119000010
0.435020341646999986
0.435151381783000002
0.435343784477000006
0.435082270042999986
0.435203886576000010
0.434996530815000004
0.435099068357000018
0.435272176233000019
0.435360308224000014
0.435270463921999973
0.435232007066999993
0.435317079074000024
0.435395824338999982
0.435257340908000001
0.435218093455000010
0.435090789239999998
0.435003610365999993
0.435140370840000013
0.435010119492000025
0.435107054975000018
0.435102351378999996
0.435235545077999997
0.434951007938999989
0.434881640113999990
0.434864461756000020
0.435204410127000008
0.435376352723000015
0.435531848208000005
0.435306921432000005
0.435270013687000024
0.434972601015999993
0.435186158553000024
0.435306996918000011
0.435345639677000018
0.435186799766999977
0.434971297834000015
0.435017207778000015
0.435066607305000019
0.435056724431999997
0.434923964396000007
0.435069755604999997
0.435130034890999995
0.434904623446000005
0.434641736617000007
0.434780757818999997
0.434786479793000002
0.435048502850999996
0.435236086593999982
0.435192253054999978
0.435253644865999989
0.435421469944999973
0.435336300020999989
0.435417297689999983
0.435066965089999980
0.435067967614000017
0.434972676027999994
0.435033453770000023
0.435339273532000026
0.435415459027000018
0.435503683874000014
0.435414318640999998
0.435443638992999982
0.435324030598000011
0.435150738109000013
0.435141737653999994
0.435273587635999992
0.435065813387000011
0.434993900317000026
0.435104880783000025
0.434965191483000002
0.435137608311000013
0.435153418577999995
0.434981938093000009
0.434977017269000010
0.435121040013999982
0.435261832447000008
0.435210554874999989
0.435272384540000001
0.435355169686999999
0.435251122586000017
0.435149471662000020
0.434994702291999991
0.435030087878999994
0.435164712850000024
0.435313514043999983
0.435201603900000011
0.435117608534999978
0.434959115316999989
0.435069162013999977
0.435036676632000019
0.434962409524000004
0.435032594338999989
0.434858834332999988
0.435027359258999990
0.435156328094999989
0.435115787674999976
0.435058637224999989
0.434916891884000012
0.435003807246000018
0.434869648827999999
0.435011243478000020
0.435257646823999977
0.435208891519999974
0.434992453659000022
0.435161334417000001
0.435045648810999996
0.435177855158000004
0.435411799483999995
0.435098313891999988
0.435075473875000007
0.435112870922000017
0.435139693536000016
0.435157324103000009
0.435161200299000017
0.435066959498000005
0.435182424924000000
0.435305664792000002
0.434868210723000026
0.434921120057999988
0.434851242897999979
0.434703130408000016
0.434749821960999983
0.434934923126999995
0.434966370117999990
0.435169546404000018
0.435144249820999973
0.435078233734000008
0.435133000993999985
0.434991001576999992
0.434994035649999999
0.434913361724000025
0.435128358835999984
0.435120353854999975
0.435106119249000001
0.435356367048999993
0.435401243611000022
0.435543941315999994
0.435206642540999999
0.435172737003999999
0.435237805403999978
0.435432692469000016
0.435275631137000019
0.435269203629000012
0.435132745046000025
0.434956434921000001
0.435216165850000003
0.435195204973000016
0.435266754736000017
0.435149226843000003
0.435161293745000011
0.435201353703000005
0.435129292788999977
0.435138612801000024
0.435344665196000014
0.435281957218000004
0.435135167973999981
0.435041917288999991
0.435275617280000027
0.435134883217999979
0.435018148805999982
0.435196731570999973
0.435273142923999989
0.435169002535999994
0.435083350448000006
0.435118273782999998
0.435348126820000014
0.435386898635999997
0.435496952413000016
0.435354924453999981
0.435468303404000001
0.435226703516000013
0.435161780729000025
0.434975146930000001
0.435114872789999996
0.435216915902999990
0.435127150116999983
0.435011661057999988
0.434967932393000023
0.435077478414000018
0.435049424680999997
0.435145155865000022
0.435357531696999978
0.435299174816999979
0.435158050286000020
0.435155653269999998
0.435198512353000000
0.435333650442000009
0.435220733927999981
0.435159358469000002
0.435090167269999994
0.435220851399999997
0.435179408120999978
0.435069082105000005
0.435219619268999991
0.435167216028000015
0.435199266008999996
0.435233753965000025
0.435400262172000008
0.435476191861999984
0.435112186688000002
0.435293616162999997
0.435002017957999976
0.435005158903000011
0.435124417260999985
0.435083378040000024
0.435119335850000011
0.435077555143999983
0.434780132029999988
0.435088705528999975
0.435178929646000023
0.435254241777000006
0.435120919925999994
0.435251298757000027
0.435083372151000014
0.435263447929999991
0.435182426720000015
0.434996171305999990
0.435262552199000008
0.435228220763999973
0.435236669853000024
0.435218508422999972
0.435269184490000016
0.435201255949999977
0.435103267987999975
0.435166754609999984
0.434891683889000014
0.434984486361999989
0.435081139800999994
0.435124366177999988
0.435014781633999981
0.435317350498000022
0.435281465791000022
0.435276231236999989
0.435102076241000002
0.435138966849999975
0.435234420602999994
0.434941947491999992
0.434973695918000003
0.435000744276999973
0.435027120714999993
0.435381413409999973
0.435161275268000025
0.435138190701999994
0.435214207715000023
0.435089715145000000
0.435338770712000001
0.435376710168999981
0.435381730846999992
0.435326781579999988
0.435451969418999996
0.435159262458999996
0.435200421158999984
0.435191990711000010
0.435252734749000003
0.435287498546000018
0.435261823652999980
0.435019620993999989
0.435160111226999990
0.435063566321000017
0.435222099382000016
0.435077125693999978
0.435024538956999995
0.435136241530000023
0.435155382841000027
0.435163755091000026
0.435205398364999996
0.435056431294999990
0.435307840971999982
0.435216315552000022
0.435242882930999997
0.435493082769000006
0.435405881745000001
0.435434138149000005
0.435474100600000025
0.435396882167999988
0.435351460523999978
0.435353355280999998
0.435276081633000023
0.435328872955000001
0.435155403158999976
0.435183823276000026
0.435117873887000017
0.435100184246999977
0.435103570524000005
0.435181839575999985
0.435114401406999973
0.435194859604000006
0.435026799071000003
0.435229322287000009
0.435270758985999984
0.435232778661999997
0.435052396926000007
