0.431405370747000028
0.431404798631000008
0.431166507960999978
0.431186592812999980
0.431322067016999988
0.431290254473999990
0.431364230665000015
0.431446851173000023
0.431220048427999991
0.431268190178999977
0.431311652697999981
0.431321221202999983
0.431274195329999999
0.431369440863999976
0.431417651974000005
0.431259104908999991
0.431345390160000008
0.431293082632000002
0.431336653954999982
0.431317017470999986
0.431320886873999998
0.431330846704999993
0.431249732301999977
0.431351355408000015
0.431252172642999976
0.431285028515000002
0.431321105724999987
0.431308797575000014
0.431324725557000022
0.431194097255000020
0.431433350388999992
0.431698635724000024
0.431407892050999997
0.431263440737999992
0.431281514217000006
0.431242638221999985
0.431225169209000003
0.431168156412000014
0.431089294946000012
0.431367955387000013
0.431458026300000019
0.431343070360000025
0.431417968057999979
0.431556401804999989
0.431313691830999990
0.431142365064999977
0.431149384869999985
0.431156397307000006
0.431339984826000000
0.431432732400999996
0.431337664231999984
0.431416896609999989
0.431402004848000009
0.431291442643000011
0.431305744441000005
0.431277853160000002
0.431419381747000008
0.431067317853000009
0.431214533469000016
0.431231289179999977
0.431261685715999987
0.431376202709999990
0.431328569180999988
0.431285490702999985
0.431427156026999992
0.431651179710999977
0.431548104235999985
0.431460877204999982
0.431469034625000025
0.431307263582000000
0.431514954273999995
0.431470053362000006
0.431482992301999990
0.431444696078999990
0.431532018080000024
0.431468004504000024
0.431286902937999983
0.431272635314000008
0.431509344467999989
0.431607646803999989
0.431542691666000011
0.431373746705999983
0.431404094535000004
0.431434463554000003
0.431398820583999976
0.431500516915000021
0.431522320459999997
0.431540445933999983
0.431473438187999991
0.431327356529000006
0.431592140883000019
0.431614534840000008
0.431280936057999997
0.431639050705000027
0.431408260102000007
0.431561192791000026
0.431659582955999988
0.431493274142000005
0.431582716581000003
0.431556203319000020
0.431629777965000017
0.431540563594000004
0.431583910994000008
0.431285245021999997
0.431461658126999992
0.431232789334999977
0.431081739346000026
0.431262049460999997
0.431358994228000003
0.431442453976000007
0.431345061362999993
0.431443241018000023
0.431439969498999987
0.431218698246000010
0.431294549546999972
0.431280970403000008
0.431318351270999989
0.431399661282000024
0.431401933723000008
0.431196956941000020
0.431279718325999983
0.431405377511999977
0.431553024294999976
0.431665258097000015
0.431528661338999975
0.431693510946000003
0.431715556798999978
0.431673170941999973
0.431454447916999995
0.431436458901999997
0.431488336786999993
0.431392321475999985
0.431211533074000009
0.431271374237999994
0.431320573539999974
0.431288722259999979
0.431443087020999982
0.431547442446000018
0.431343695463999977
0.431280418000999977
0.431261095553000018
0.431339975425000022
0.431387202826000016
0.431187879581000022
0.431338790214999990
0.431406586709000006
0.431437082151000018
0.431192767999000026
0.431350761480999989
0.431376538217999983
0.431018550336000006
0.431285455458999989
0.431424978309000007
0.431465303272000000
0.431450411531999978
0.431394198793999983
0.431411506601000028
0.431356952913000025
0.431393385467000012
0.431448834183000007
0.431415280163000014
0.431387303807000022
0.431300483708000004
0.431379581806000001
0.431276755033000003
0.431392190291999988
0.431576077629999999
0.431639477358999990
0.431398566586999987
0.431468517737000012
0.431365647123000018
0.431441395640999981
0.431521431008999978
0.431478596897000022
0.431370592453000024
0.431246834646999977
0.431137589119999998
0.431101796229000023
0.431362358542000002
0.431388336154999996
0.431586975800999972
0.431324064476000024
0.431336409932000009
0.431305047336000003
0.431256970226000014
0.431320460337999978
0.431522243683000017
0.431334498555000001
0.431362441338999980
0.431459598233999986
0.431311522765999988
0.431210844051999997
0.431270532676999996
0.431220315962999978
0.431239080293000010
0.431464275193999991
0.431503630821999995
0.431500041113999977
0.431440008327000024
0.431424964824999979
0.431547538419999988
0.431437319398999986
0.431522211742999984
0.431494584153000016
0.431449147116999998
0.431433083315999999
0.431567279842999973
0.431499481753000014
0.431537937473000011
0.431391145011000010
0.431555193343999999
0.431492179980999979
0.431438325043999982
0.431361800457999989
0.431462123048000024
0.431102938651000023
0.431341587018000017
0.431297269007999973
0.431395500825000000
0.431410445380000007
0.431322834353000006
0.431344803311999980
0.431302674862000024
0.431398396931999994
0.431282473275000022
0.431349132673000013
0.431348799346999989
0.431394405589999974
0.431477671813999986
0.431334767012999998
0.431244834864000004
0.431403589927999986
0.431457128038999993
0.431457664593000001
0.431406837230000006
0.431404167246000003
0.431551680797999992
0.431499322043999989
0.431492656851000023
0.431352278157000002
0.431423243881999985
0.431391815424000014
0.431420459300999981
0.431447939399000002
0.431353651346000011
0.431517045185999981
0.431537556596000016
0.431633882008999992
0.431551189810000013
0.431485362132000005
0.431407450656999980
0.431475871115000020
0.431379541064000005
0.431266523763999987
0.431426695946000027
0.431485317912999988
0.431504978950999984
0.431398649425999980
0.431350505805000006
0.431153711903999981
0.431195465790000010
0.431149159245000024
0.431179438463999976
0.431086170381000000
0.431164154445000003
0.431210030395999977
0.431434728972000026
0.431597390332000008
0.431553562256999979
0.431372631572999987
0.431249766731999995
0.431413999152000016
0.431554900226000016
0.431399518433000007
0.431526080071000018
0.431262876163999997
0.431503137721999996
0.431357040106000011
0.431225978467000004
0.431379756110999990
0.431407296665999973
0.431549397313999994
0.431526895645000019
0.431542712682000007
0.431278931728000026
0.431164804906999988
0.431379198756999982
0.431537520429000010
0.431455116470000011
0.431505363586000001
0.431440328947999996
0.431518678057999983
0.431578040496000015
0.431408584217999991
0.431441102520999986
0.431353481711000020
0.431448571251999979
0.431412162232999996
0.431351635923000021
0.431501382240000009
0.431456263825000019
0.431344579329000000
0.431343353410999997
0.431253781803999980
0.431199610535999978
0.431507614485000024
0.431426926302000024
0.431599167652000015
0.431537823122999986
0.431350355462999990
0.431404978542999973
0.431648798770999986
0.431390489915999986
0.431340468019999979
0.431525142432000020
0.431332742416999981
0.431503736041000008
0.431229011775000004
0.431217276072999978
0.431159077201999974
0.431362443895000003
0.431526883819000007
0.431399540970999973
0.431348209352000023
0.431171052612999983
0.431238677008999982
0.431084148143000001
0.431216507412000016
0.431247887325000023
0.431302236612000012
0.431588760693000006
0.431457474068000002
0.431568529588999994
0.431525801855000002
0.431455340622000028
0.431256086548000017
0.431317440855999990
0.431417081275999981
0.431376949633999973
0.431419259690999979
0.431344783974999979
0.431298339724000002
0.431312440231000016
0.431246935421999988
0.431229866149999974
0.431349678174999973
0.431490043440000026
0.431638279552000015
0.431376515886000012
0.431471108428999994
0.431515832180999981
0.431432097718999985
0.431461413331000021
0.431582819499000014
0.431667272815000003
0.431595909920999998
0.431467397758000026
0.431459234224999988
0.431274801192999990
0.431338477522999975
0.431382124089000007
0.431422823820000023
0.431345198009999986
0.431562588553000004
0.431464899023000004
0.431362815357999974
0.431308819622999995
0.431324848137999983
0.431136669362999991
0.431238349909999985
0.431425363544000018
0.431385186174999991
0.431287679194000018
0.431370666214999976
0.431451472983000017
0.431385177294000000
0.431309053534999987
0.431435523782999986
0.431538442791000010
0.431511362534999998
0.431382274524999998
0.431497239332999993
0.431523134167000000
0.431539182683000011
0.431450081483999992
0.431368352544000022
0.431268724494999978
0.431289440101000010
0.431486515201999987
0.431539665030999997
0.431478940576000003
0.431419292530999976
0.431421449389999989
0.431358278940999984
0.431580575557000024
0.431548802657999997
0.431413609799000008
0.431387645496999983
0.431207938743000008
0.431253565218999990
0.431416297941999982
0.431191045213000002
0.431228540888999978
0.431317042809999995
0.431452010617000004
0.431287267458000001
0.431373661711000000
0.431064018671000027
0.431209508252999973
0.431220153951999974
0.431158206212999995
0.431279265700000025
0.431388769823000007
0.431292930949999986
0.431487651181999998
0.431463119444000009
0.431306261789000001
0.431324379202999986
0.431468613579999993
0.431389641245999989
0.431538659927000023
0.431372481297999988
0.431407159792999984
0.431297317274999981
0.431230406063999983
0.431125743722999999
0.431229240156999982
0.431369195817000006
0.431338451735000017
0.431266256640999990
0.431461649442999973
0.431285714009000010
0.431416859722000001
0.431634027059999981
0.431499452198999989
0.431435823823999975
0.431437333696000014
0.431367929268999972
0.431264017140999989
0.431496528114000022
0.431339929105000019
0.431199913501000009
0.431413548205999975
0.431308518847999978
0.431405008230999976
0.431444614996999987
0.431566063536000022
0.431514549583000007
0.431428786015000010
0.431291051079000010
0.431435635140999973
0.431384883484000003
0.431123152595000003
0.431205729393999981
0.431227993206000026
0.431222952907000023
0.431421862852000015
0.431282953254000012
0.431434682417000004
0.431400097684999984
0.431187401269999993
0.431291749966000004
0.431322314651999994
0.431491486383000000
0.431393957017999985
0.431234231959999992
0.431343601577000024
0.431338606467999985
0.431419522820000012
0.431420750487999993
0.431560076700999995
0.431440630614000009
0.431403574070000018
0.431321895254999976
0.431322524463000012
0.431448563406000019
0.431446908286999997
0.431431694917999986
0.431457529045999988
0.431388294956000007
0.431413729972000004
0.431371942520999974
0.431338708545000005
0.431251279406999977
0.431510036706000022
0.431478212809000006
0.431532139729999986
0.431470043076999987
0.431421582743000021
0.431300837205999987
0.431412413920999993
0.431152678730000016
0.431135571501999992
0.431092667039999988
0.431347874685000021
0.431420823733999981
0.431363353233999991
0.431382561647000007
0.431298437651999989
0.431495518808000023
0.431645746368000016
0.431554254728999998
0.431302060109999996
0.431292155600999982
0.431428104604999973
0.431326374863000017
0.431339748914000010
0.431457300765999974
0.431450273930999995
0.431290278530000015
0.431319285019000020
0.431466914816000024
0.431344649354999998
0.431448691333999990
0.431207707077999991
0.431231380754000027
0.431168133386000019
0.431265595426999993
0.431344881306999994
0.431348396276000023
0.431485513105999974
0.431536929552999993
0.431578505090999986
0.431563350831999981
0.431479632820999992
0.431509690245000022
0.431270337853999985
0.431367540656000026
0.431251005598999981
0.431076279492000003
0.431323448941999976
0.431282128268999976
0.431311852137999996
0.431308324409999999
0.431405881087000009
0.431484420067999974
0.431450087608000021
0.431336587090000001
0.431218315523999973
0.431409477757999982
0.431293090817000013
0.431388061606999995
0.431399774427000005
0.431367164312999984
0.431258299647999999
0.431419468575999998
0.431372620791000028
0.431302330321999994
0.431374217072999999
0.431377376523000011
0.431329189308999994
0.431381732595999989
0.431417659231999984
0.431412535288999976
0.431381314307999975
0.431363284366999999
0.431548387583999993
0.431513435216999974
0.431410371846999985
0.431522826244999991
0.431541137361000027
0.431554948207000022
0.431478101404999981
0.431425899020000003
0.431321159289999978
0.431481622120000019
0.431570611594000009
0.431512741636000008
0.431361003661999975
0.431408539892999987
0.431343942669000002
0.431460921838999978
0.431564392981000022
0.431344254044000008
0.431306170428000013
0.431352363183999998
0.431394447168000017
0.431485112080000011
0.431328685988000005
0.431458151163999992
0.431407972631999981
0.431462225762999974
0.431368500704999991
0.431565232329000015
0.431510104610000000
0.431467625241999997
0.431301647770999996
0.431472513923000012
0.431309992656999985
0.431338960135000005
0.431334891772000018
0.431484498536999994
0.431546436975000003
0.431441169017000026
0.431394637279999993
0.431294902362999999
0.431274263042000006
0.431157541777999975
0.431175403160000026
0.431266856259999998
0.431263596402999994
0.431635896374000017
0.431578583108000013
0.431451121280999994
0.431364085211999981
0.431383289717999996
0.431413040896000022
0.431373401072999985
0.431224994068000023
0.431404075790999986
0.431477013992999980
0.431547880800999983
0.431576995460000001
0.431478544718999990
0.431435175760000011
0.431525034681999986
0.431560993193000009
0.431583040202999979
0.431500945916000023
0.431521366723000011
0.431609378185000003
0.431458423894999998
0.431406163402999976
0.431470796325999995
0.431519043664000013
0.431495369691999975
0.431303113708999986
0.431227485680000022
0.431264585367000020
0.431451986878000016
0.431493886504999979
0.431272195053999996
0.431353670350999974
0.431459195873000023
0.431554059917999999
0.431548657058999974
0.431397808596000021
0.431416055247999974
0.431268100747000005
0.431402016346999984
0.431313825202000012
0.431235337587000001
0.431491778489000000
0.431556931500000018
0.431512111535000020
0.431465540977000017
0.431388974761000021
0.431410144893999981
0.431516048355999993
0.431457862901000022
0.431495202650000020
0.431611672921999978
0.431412564890999994
0.431353693706999997
0.431384116406999973
0.431559660584000027
0.431635273180999979
0.431560002155999989
0.431379531922999992
0.431587073430000023
0.431383478245999985
0.431318386601000026
0.431405967416999991
0.431431024330000024
0.431286086843999994
0.431419840622000006
0.431285632631000004
0.431374189856999990
0.431210360123999992
0.431251322305000018
0.431317694455999989
0.431539830904999977
0.431521140063999997
0.431418339481000002
0.431216460957000003
0.431201965575999990
0.431174335578999979
0.431193401220999972
0.431195358076000013
0.431286619844000019
0.431313174703000013
0.431205598728999995
0.431458303179000024
0.431408082520000014
0.431339462790000017
0.431355906939000000
0.431434878623999984
0.431516598678000018
0.431584301138999982
0.431695768432000027
0.431641267549999985
0.431361288243000018
0.431229789480999992
0.431474342156999979
0.431378052374000009
0.431119049400000010
0.431034345435000021
0.431445004038999991
0.431265395099000026
0.431308287161000004
0.431428064205999995
0.431447402754000009
0.431529723980000002
0.431380795491999980
0.431278964794999997
0.431397287878000024
0.431288261196000000
0.431209919627999982
0.431222621407999995
0.431321589195999999
0.431375479625000002
0.431398606771999982
0.431428562116999981
0.431361568209000013
0.431328394587000008
0.431378665571000020
0.431393017817999991
0.431371643271000027
0.431171093151999973
0.431343777880000001
0.431380664887999976
0.431396341848999998
0.431462951297999997
0.431228993715000009
0.431385342682999995
0.431435351826000013
0.431353660462000021
0.431350815468000026
0.431444710401999998
0.431517039551000015
0.431496398841999973
0.431418724693000022
0.431408699358000025
0.431205513159000020
0.431133922466000019
0.431321456609000009
0.431315958474999983
0.431306033767999975
0.431271886436000007
0.431116078941999992
0.431242770188999980
0.431421634639999996
0.431400963537000026
0.431403920230999993
0.431381822498999978
0.431342813421000004
0.431518002850000026
0.431322874417000013
0.431335467688999996
0.431335239646999991
0.431381237769000003
0.431384974036000013
0.431539592445999987
0.431389814732999977
0.431629366826000005
0.431377700119000007
0.431432882941999996
0.431530411132000025
0.431425010499000006
0.431468014437000003
0.431407319768999986
0.431452977106999980
0.431397690822000024
0.431345127320000021
0.431318493462000019
0.431294037497000016
0.431422793746000011
0.431438981198000004
0.431320376848999987
0.431355411204999983
0.431357968862999985
0.431322188594999989
0.431262704045999978
0.431284759813000018
0.431395419313000017
0.431360765603000018
0.431188737928999977
0.431363556663000025
0.431229758121000006
0.431140743410000027
0.431238569387000004
0.431135069548999994
0.431266852671999990
0.431396393892999996
0.431355144736999985
0.431325869121000016
0.431288747001000006
0.431352275289999976
0.431324707194000012
0.431548101793999994
0.431578035111000013
0.431582573678999992
0.431525448907000009
0.431444421395999977
0.431263333585999997
0.431293560292000000
0.431450937229000020
0.431332186939999973
0.431322670008000009
0.431590944400000009
0.431441470654000014
0.431289555112999989
0.431416783400999981
0.431410956153000014
0.431512797822000027
0.431370889556000003
0.431488091512000016
0.431383011837000008
0.431392102704000024
0.431452332378000014
0.431475870089999991
0.431413678889000007
0.431547735699000012
0.431431810490000012
0.431397827030000014
0.431381100557999997
0.431402442233000005
0.431421068618999981
0.431350803562000007
0.431455382946999977
0.431387158727999986
0.431464199767999990
0.431575867532000002
0.431659370142999987
0.431512729905000003
0.431576720089999977
0.431583007477000014
0.431454489644000017
0.431611075733999983
0.431417330499999974
0.431557600430999999
0.431570120058999973
0.431477325751999985
0.431441413536000018
0.431104162324000006
0.431429529992000016
0.431389678918999986
0.431391020411000026
0.431447915083000011
0.431410203724999997
0.431342930818999992
0.431307322724999997
0.431191860224000023
0.431249531560000010
0.431295192451000009
0.431166908826000006
0.431217107943000000
0.431239480218999993
0.431273067662999998
0.431410786260999990
0.431526470895999992
0.431644455661000015
0.431286716801000003
0.431219804036999999
0.431327554180999995
0.431412883483999976
0.431432260964000003
0.431350565397000008
0.431183531259999975
0.431297945577999997
0.431342681125000016
0.431444283476999979
0.431441118183000016
0.431605017837999982
0.431508132049999993
0.431457765434999974
0.431366315639999998
0.431416048336000002
0.431400519797999982
0.431236852366000012
0.431140794448999998
0.431328310697999984
0.431339185017000026
0.431331870948999996
0.431333136743999979
0.431272567784000027
0.431260561079999993
0.431406014667000015
0.431477613721000020
0.431442445991999990
0.431554508110000012
0.431404677236999989
0.431339281517999995
0.431213118981000010
0.431244789879999979
0.431382310004999991
0.431268055779000015
0.431374523151999978
0.431256089855000024
0.431345075249000010
0.431241292009999999
0.431336880545000023
0.431145433580000015
0.431289562856000008
0.431443337827999984
0.431287192729000013
0.431104131263999990
0.431309995168000004
0.431456200949999980
0.431509183578999977
0.431431245906999994
0.431255292740000018
0.431542660706999981
0.431543559500000007
0.431380729778999994
0.431478395166000006
0.431370149950999981
0.431352528153000014
0.431421219826999991
0.431242850487999985
0.431433294445000004
0.431423687556000024
0.431225671031000013
0.431468248951999978
0.431328949572999998
0.431352751580000027
0.431450569841999976
0.431558508098000004
0.431314945007000017
0.431236076257999978
0.431315829757000002
0.431438998003000007
0.431399832350000012
0.431385225701999997
0.431139697622999973
0.431271141016000004
0.431346225364000024
0.431226259133999978
0.431356957330999990
0.431298653187000003
0.431469993561000020
0.431325764183000004
0.431287418754999985
0.431280886239999994
0.431493456459000002
0.431600946391999973
0.431327721398000019
0.431483076129999976
0.431448415086999992
0.431428680936000009
0.431370428151000018
0.431444074314000003
0.431183199517000015
0.431381730753999992
0.431283586303000011
0.431356592508000014
0.431362507534999995
0.431488397307000004
0.431364542801000006
0.431468800656999996
0.431517098579999980
0.431512976418999994
0.431554555479999991
0.431493915622999991
0.431312842630000026
0.431105629026000026
0.431284050649999973
0.431440900783000014
0.431406145889999981
0.431459240061000004
0.431289272571000026
0.431401800258000012
0.431092724576999986
0.431237147272999999
0.431370425499000010
0.431396643475000008
0.431323501117000019
0.431209495290000022
0.431382627819999975
0.431497205087000013
0.431363808171999985
0.431343084584000003
0.431435104768999989
0.431502537223000027
0.431443603763999983
0.431348297436000006
0.431316404995999991
0.431301491413999982
0.431407678153000018
0.431171368925000020
0.431096092488000016
0.431342704527999998
0.431610094614000017
0.431573632988999978
0.431400894001999990
0.431489190736000006
0.431549930763000023
0.431563297778999988
0.431373658190999987
0.431200641704000021
0.431368467561000002
0.431267700056999992
0.431469229356000017
0.431623042394999989
0.431497300103000025
0.431540399783000017
0.431524138782000022
0.431275849501999986
0.431305181466999976
0.431326383491999976
0.431245966195999975
0.431291849896000001
0.431221715835999997
0.431356602152999979
0.431205211920999976
0.431174723769000012
0.431266053516999981
0.431298345066000011
0.431290400615999991
0.431135602037999999
0.431228562706000018
0.431493516364000018
0.431539091857999990
0.431547496201000025
0.431436869448000027
0.431425278616999974
0.431334809239000028
0.431240792250000005
0.431241434192000006
0.431295308804999999
0.431411657567000006
0.431293391051999986
0.431412174684999983
0.431333884820000013
0.431363749161999988
0.431595636998000021
0.431459167059999982
0.431357983413000023
0.431451802499000003
0.431470804586999990
0.431464526929999981
0.431557857915999987
0.431407643321000012
0.431554844970000018
0.431636385886999985
0.431424773669999984
0.431496404351000007
0.431560815737000003
0.431656548267999984
0.431593585072999997
0.431493089652000006
0.431685156921999991
0.431622800635000026
0.431458707010999976
0.431437238443000026
0.431323523591999991
0.431407834696000025
0.431434294228000004
0.431373806302999985
0.431529586964999989
0.431516263846999981
0.431273352772000018
0.431430297869000001
0.431470260542999973
0.431451085321000016
0.431373102303000022
0.431450239893999998
0.431548872473000000
0.431466627240999989
0.431437921773999977
0.431314188744999993
0.431366244096999973
0.431111687543999977
0.431318275329000023
0.431395192019999985
0.431318565732000003
0.431310983566000006
0.431368842423999976
0.431458421313999974
0.431387231717999975
0.431355338781999997
0.431490751324999977
0.431511400295000014
0.431286708838000021
0.431437283998000021
0.431560274572000024
0.431552295106999995
0.431527743733999991
0.431440589947999997
0.431585726238000011
0.431622715652000000
0.431459145775999975
0.431397710149000024
0.431420872080999995
0.431220570354999999
0.431297056010000013
0.431431933019999991
0.431457085967999976
0.431329366923999979
0.431299424199000025
0.431191668305999976
0.431126250619999984
0.431230081839000023
0.431322624099000018
0.431256024050999998
0.431145887738000000
0.431259464403000004
0.431459897054000008
0.431413097909000010
0.431318508446000004
0.431363124164000022
0.431571087183000024
0.431464271617999995
0.431344396261000018
0.431464181494999988
0.431302134737000020
0.431189114009000007
0.431278676009999973
0.431422953509000007
0.431345237260999992
0.431158778008000010
0.431198035801000024
0.431196712919000025
0.431362415376000008
0.431255024564999978
0.431340171125000005
0.431380671903999979
0.431263497549000008
0.431468112811999982
0.431273598829999993
0.431449664190000026
0.431515141824000026
0.431328796801000003
0.431400473253000016
0.431445735015999976
0.431475938384000002
0.431466916277999990
0.431546391663000017
0.431717152624999989
0.431593329532000025
0.431527727759999979
0.431419586129999977
0.431360266993999986
0.431614730833000004
0.431689817202000004
0.431487987372000004
0.431472985219000016
0.431549875257999982
0.431650943228000017
0.431645742930000020
0.431447846497000020
0.431452723155999973
0.431407030806000014
0.431427861724999973
0.431266026854000006
0.431279669029000001
0.431402208489999994
0.431636952668999985
0.431444265293999984
0.431633244844999986
0.431670245007999998
0.431571658676000003
0.431307054158000025
0.431288413653000025
0.431311949671999983
0.431461694100000015
0.431391551553999997
0.431360135681999990
0.431381519597999974
0.431458335485000011
0.431459344605000017
0.431469387618000022
0.431303271436000002
0.431366487126000009
0.431183206977000022
0.431220903985000015
0.430993653889999995
0.431230484939999992
0.431277251716000010
0.431345311248999996
0.431199937528999988
0.431373530687000017
0.431425906580000018
0.431261810246999999
0.431242488352000020
0.431275494082999977
0.431325177665999981
0.431392401802000003
0.431427270121000017
0.431406064638999998
0.431347144276999994
0.431393135958999974
0.431404895643999975
0.431440805337000022
0.431291494935999997
0.431589018205999986
0.431702166755999983
0.431811213904000013
0.431697197192999982
0.431441650936999987
0.431340665106999976
0.431568366184000018
0.431542313494000018
0.431530451034000007
0.431550517317999982
0.431460087391999980
0.431550696808999990
0.431473109234000007
0.431474433188999973
0.431433311360999994
0.431333172152999988
0.431259642163999979
0.431197439899999979
0.431197005595999994
0.430975196615999978
0.431122038804000018
0.431335911236999991
0.431339241747999980
0.431278495746000023
0.431323799981999989
0.431248910283999976
0.431492515053999992
0.431395110003000015
0.431243483430000019
0.431136966567000013
0.431162051930000012
0.431241425419000013
0.431575734872999994
0.431563509339000007
0.431625713439000025
0.431433165800999996
0.431427595717999990
0.431275790135999981
0.431494367159000025
0.431503308847000000
0.431411101238000028
0.431350286071999989
0.431309919019000010
0.431298127683999999
0.431360539661000020
0.431486732604999979
0.431377492458000000
0.431361014995999992
0.431249448716000017
0.431489344075999981
0.431340469231999979
0.431383274621000012
0.431404092369000014
0.431508081689999989
0.431495951119999999
0.431522805823999989
0.431457232113000022
0.431569042515000001
0.431551274212999991
0.431518534851000002
0.431213726071000003
0.431166877226000000
0.431259841094999985
0.431374743640000002
0.431664687710999972
0.431508437741000006
0.431376607249999988
0.431506131542000015
0.431539459701999972
0.431406204321999998
0.431419612022999999
0.431356841064999996
0.431303599373999980
0.431137214170999983
0.431372109038999973
0.431420675069000004
0.431597531915999977
0.431536740734000002
0.431551720527000027
0.431359612870999998
0.431394532546000020
0.431498869589000023
0.431509666051999974
0.431513187563999978
0.431399966352999986
0.431382646521000002
0.431209584320999983
0.431345373463000004
0.431356362250999992
0.431491538914999972
0.431351901019999984
0.431299125188999988
0.431312952651000003
0.431598598175000014
0.431266079344000020
0.431348519604000002
0.431337671624999974
0.431466809484000013
0.431533365461000018
0.431525284554999999
0.431232517378000002
0.431164083092999972
0.431218400903000010
0.431316276730999981
0.431180050807999982
0.431359579652999980
0.431486685776000023
0.431395897904999992
0.431618074244000005
0.431545313175999978
0.431457245057999983
0.431495136256999978
0.431433465665999993
0.431314903159999985
0.431351835839999975
0.431449989599999972
0.431377392580000019
0.431536635401999991
0.431332453773000002
0.431302159756999981
0.431223460624999999
0.431344879146000004
0.431417609641000011
0.431279843000999974
0.431333086161000023
0.431446956692999983
0.431471533432999987
0.431602940619999986
0.431383806240000001
0.431543727895000007
0.431330711036000014
0.431323774082000011
0.431509876148999993
0.431440868187999982
0.431504704158000019
0.431479191852000010
0.431555142988000018
0.431524785116999987
0.431254373033000016
0.431306695716999977
0.431289921377999985
0.431240204143000017
0.431355555898000009
0.431439027949000020
0.431489854401000017
0.431362782035000003
0.431488191897999973
0.431473804000000016
0.431518992307000027
0.431250746312999977
0.431156710113999975
0.431160661321999983
0.431149628923000017
0.431144383332999981
0.431242377073999983
0.431358102462999993
0.431423934075000015
0.431506446217000017
0.431444822035999986
0.431495750608999973
0.431484013140999989
0.431439365633999983
0.431353160896999988
0.431409004500000026
0.431599862635999976
0.431449003150999988
0.431337135342000022
0.431215834041000001
0.431075702760999990
0.431326220731999999
0.431312900103999974
0.431315254746000021
0.431568519358000002
0.431505374709000022
0.431539525515000022
0.431390302687999994
0.431371721303999978
0.431456362323999976
0.431484306955999986
0.431375654270000020
0.431218307994000016
0.431194923690999987
0.431171062730999977
0.431096984091999980
0.431202726724999985
0.431264239039000019
0.431336000913000006
0.431472637333000009
0.431418607158000011
0.431148622124999992
0.431114545844999975
0.431184689753000006
0.431101324557000010
0.431180271381000013
0.431282772694000005
0.431450112300999999
0.431404871106999988
0.431344079210999987
0.431371697772999996
0.431323956243000017
0.431196331471999983
0.431253548054000013
0.431292133643000009
0.431217868950000027
0.431383883816000013
0.431471224365000017
0.431334184660000008
0.431482918935000015
0.431387223342000026
0.431595103024000004
0.431466918603999994
0.431513267987000015
0.431443113288999980
0.431192728573000006
0.431323011317000016
0.431422929243999997
0.431571810710999981
0.431638473088000019
0.431457048233999996
0.431267165030999988
0.431413412308999988
0.431248402581999979
0.431362982831999975
0.431523435522000010
0.431594788815999997
0.431595246142999989
0.431523457858999981
0.431381721421000008
0.431437291838999981
0.431355778766000009
0.431456562162000012
0.431393049056000011
0.431461150201000010
0.431496475461000006
0.431421105696000007
0.431322571596999993
0.431384877946000000
0.431474526429000027
0.431486280022999991
0.431306541052999981
0.431364874452000002
0.431290785640000007
0.431345013034000024
0.431427130265000014
0.431276548734000009
0.431509107652000012
0.431384927264000018
0.431357891237000024
0.431289374509999990
0.431259321154999986
0.431190945857999997
0.431183209590000005
0.431185224545000023
0.431309988377000020
0.431485589017000015
0.431420003710000000
0.431580687238000027
0.431493655508999985
0.431608378652000024
0.431496685672000002
0.431582597545000002
0.431490924674000020
0.431427190314999986
0.431341503259999981
0.431545257497000012
0.431558242252000013
0.431528270872999997
0.431512022358999991
0.431480565551000006
0.431376283246000025
0.431290671901000011
0.431170928710999990
0.431303853322999975
0.431421218247000027
0.431458551761000009
0.431193746077999984
0.431335884994999974
0.431336928971999989
0.431068364422000028
0.431243791676999999
0.431101121811000021
0.431186031942000003
0.431076120916000005
0.431081216837999992
0.431267798370999988
0.431272064093000007
0.431521425565999983
0.431394707215999984
0.431366112219000009
0.431581652014999984
0.431574344476999994
0.431543575098999987
0.431567325048999972
0.431626911271000002
0.431402291378000013
0.431440636744000017
0.431710690577000011
0.431435586235000001
0.431332507157999978
0.431091806316000026
0.431364067947999974
0.431404154538999995
0.431306372253999981
0.431431771045000023
0.431283892798000001
0.431543989824999974
0.431396279907000024
0.431334470788000024
0.431397726769999990
0.431376279886000025
0.431423966129000025
0.431470769741999993
0.431453549857000018
0.431509307943999998
0.431312709412999984
0.431406817275999999
0.431375912912999981
0.431408950678999981
0.431591673376999996
0.431579054638999982
0.431662477465000027
0.431690049437000012
0.431745642129999996
0.431696989669999975
0.431518966853000008
0.431322679202000014
0.431395171801999988
0.431447650116999981
0.431699950980000025
0.431417727317999988
0.431231464658999974
0.431468092302999984
0.431264496978000011
0.431441131310000003
0.431417250089999982
0.431300631716000027
0.431443323559999981
0.431310197160000020
0.431442836805000007
0.431484780542999991
0.431649048691000015
0.431427899012000016
0.431285308232000009
0.431269188382999991
0.431710088765000000
0.431625890504000020
0.431674833688000026
0.431575723681000001
0.431443041277000006
0.431336413317999989
0.431428188396999979
0.431282816070999997
0.431527043968000013
0.431553037038999998
0.431278213769999974
0.431277095827000023
0.431446267634999991
0.431441460004999999
0.431324923699999974
0.431366460698999976
0.431451281141999987
0.431307070923000024
0.431206259451999974
0.431222351677999993
0.431223968324000007
0.431296691693000001
0.431260533975000027
0.431221473171999992
0.431193863356000018
0.431197428089000023
0.431213766368999996
0.431117157136000018
0.431182158470000021
0.431284320052999992
0.431431674576000013
0.431368628244999996
0.431297360989999989
0.431479534393000019
0.431336701292000024
0.431399022015000022
0.431259336805000004
0.431323882626999999
0.431187965148000008
0.431351320543000016
0.431286998694000001
0.431365050028000019
0.431335602258999973
0.431195259122000019
0.431319432283999993
0.431312109173000002
0.431333130796999975
0.431462616174000002
0.431356711785000013
0.431565177131000011
0.431540076757000013
0.431609063121999981
0.431430316119000012
0.431535107430999987
0.431455441143999974
0.431547781241000017
0.431349193329999991
0.431509980058000009
0.431475123938000027
0.431401305166000004
0.431576957616999990
0.431349259034000010
0.431511490637999984
0.431457128605999995
0.431458516898000022
0.431684344105000006
0.431557634377000010
0.431400225380000002
0.431480205253999993
0.431369067218999980
0.431486187788999997
0.431358325626999994
0.431388560909999996
0.431371639779000005
0.431346547231000021
0.431465998686999974
0.431531339750999998
0.431285769214000025
0.431331011345999993
0.431410882099000026
0.431404714470000006
0.431711291193999980
0.431532298490999999
0.431669694750999977
0.431524250649000018
0.431450745252000001
0.431389722608999993
0.431319252815999976
0.431323960688999974
0.431377076721999986
0.431273338228000014
0.431153648323999994
0.431219400743000025
0.431287257558000015
0.431404555691999980
0.431547717147999998
0.431560254764000006
0.431401380241999977
0.431181242583999980
0.431290529925999977
0.431184341528999981
0.431234330552999978
0.431365895243999986
0.431190122535999976
0.431444434328000004
0.431370636402000018
0.431667700825999978
0.431336588119999975
0.431435040295999994
0.431412858688999978
0.431370406267999995
0.431300527140999979
0.431533225382000007
0.431619056142000024
0.431508097408999980
0.431480514997000020
0.431473880166000023
0.431369884746999999
0.431434521653999981
0.431479262074999981
0.431436957642999996
0.431270051077000005
0.431233377595000023
0.431292223034000000
0.431453217933999988
0.431514994004999985
0.431288337831999991
0.431370202862000007
0.431416005549000003
0.431286846785000011
0.431398368771000018
0.431247127053000001
0.431412154737000009
0.431174997720999986
0.431258778535999976
0.431557155123000025
0.431403972826000015
0.431274443949999975
0.431036314297999990
0.431148330575999994
0.431124886714999989
0.431062907586000021
0.431293530327000019
0.431327970033999974
0.431369004494000008
0.431297286361000010
0.431173858005999999
0.431441033207000002
0.431576648461000023
0.431455575621000009
0.431404620871000011
0.431541702259999993
0.431275354572000003
0.431663016622999995
0.431591875876000008
0.431365574086999992
0.431504069737999985
0.431590817841999985
0.431743815069000003
0.431515452788000020
0.431469897042000006
0.431427449241999994
0.431274814429000009
0.431163636447000009
0.431035444336999973
0.431145285248999977
0.431250304141000018
0.431319373077000023
0.431459410667999976
0.431528771663000021
0.431503673161000023
0.431481280587000027
0.431329973666999988
0.431332597573000021
0.431365988084999985
0.431393261699999975
0.431571516503999997
0.431715340921999979
0.431366351955000005
0.431276858074999991
0.431331698302000022
0.431510532296999982
0.431400794169000013
0.431568895845000022
0.431552576542000021
0.431465733647000027
0.431593160550999999
0.431700591161999991
0.431573910298999996
0.431718779670999975
0.431494325873999995
0.431355156538999973
0.431426904920000021
0.431218500816999972
0.431346200372999977
0.431451355124999991
0.431062054061000011
0.431232484003999994
0.431202284200999986
0.431483097676999994
0.431261310306999990
0.431403194506000010
0.431419480241999997
0.431554819265000000
0.431317618414999993
0.431404399496000013
0.431341990369999984
0.431302464566000021
0.431232809408000017
0.431295798200000025
0.431375091094000018
0.431284803005999973
0.431267732174999974
0.431287450914000003
0.431337146278999994
0.431188251640000020
0.431357542533000016
0.431228038079000009
0.431359348177000002
0.431288756290000019
0.431449081655999989
0.431248322151000008
0.431496457737000016
0.431378946019000009
0.431316983180000002
0.431244780330999999
0.431188921447999973
0.431171588481000012
0.431157107614000001
0.431139769552000007
0.431217042853999977
0.431321347580999992
0.431348240022000007
0.431352267522999988
0.431222257780999985
0.431205448887000020
0.431295701922999986
0.431743378988000026
0.431842423101999995
0.431624903951999983
0.431473589370000021
0.431673613522000010
0.431469832499999983
0.431529043168999982
0.431312422340000001
0.431354502623999991
0.431418438462999987
0.431529876530000023
0.431347561461000006
0.431286983223999998
0.431299638820999975
0.431308836337000012
0.431624264874999997
0.431757933792000004
0.431527500946999987
0.431552561102999999
0.431343802911999974
0.431632671703999993
0.431687722436000010
0.431692008658999982
0.431756150082000023
0.431623997382000024
0.431576476556999988
0.431517218445000017
0.431409966337999995
0.431474562615999979
0.431252279901000013
0.431201345474999997
0.431104819134000006
0.431268493162000000
0.431226911089999998
0.431488507743999994
0.431537226316000000
0.431645195561999984
0.431217339728000026
0.431480438859999982
0.431515580224999973
0.431521225130999997
0.431503899412999992
0.431642765062999978
0.431548354996000028
0.431313391982000027
0.431327941722000008
0.431261515842000009
0.431234225490000012
0.431194940994000020
0.431284536418999997
0.431439768148000002
0.431380568745000026
0.431421052816999995
0.431389795585000013
0.431350130376000007
0.431541581279999975
0.431426179671999976
0.431240596207999982
0.431252108184999983
0.431225785839000009
0.431348527257999992
0.431478529888999984
0.431540277798000027
0.431380434064999985
0.431171970040000019
0.431480703992999981
0.431461915122999973
0.431727336171999987
0.431475812954999982
0.431384361481000012
0.431435659453999976
0.431368034512000009
0.431379368694999987
0.431584505136999974
0.431287508242999995
0.431243186863999983
0.431353533557000013
0.431298290084999980
0.431313170234999987
0.431098304993000003
0.431181396976999975
0.431241908905000026
0.431277498493000011
0.431177719716999974
0.431217094495999986
0.431381053036999973
0.431221351432000022
0.431479252568999994
0.431297019185999997
0.431373952635999980
0.431524584478000017
0.431429289044999997
0.431484869848999975
0.431478810965000015
0.431574412100000027
0.431511533416000015
0.431414801994000008
0.431241732338999983
0.431450962270999994
0.431310103612000006
0.431351584936000010
0.431533373275000021
0.431507263575000022
0.431319891110000020
0.431334471624999993
0.431326723094999975
0.431384255586999998
0.431375533698000024
0.431292459720000021
0.431136367535000009
0.431269592019999981
0.431314568505999973
0.431443590202999994
0.431566821877000018
0.431405773092999989
0.431354269801000001
0.431212801651000011
0.431339277016000000
0.431238061103999981
0.431479245587999993
0.431400244225999985
0.431283259586999979
0.431292382949999997
0.431192985663999995
0.431320674693000006
0.431211357256999994
0.431406872120999985
0.431385203564999986
0.431299855213000016
0.431262303823000015
0.431255606108999989
0.431318371172000004
0.431307734787000019
0.431188207456000006
0.431322326950000001
0.431250919437999980
0.431205481557999981
0.431170559165000022
0.431201207167000000
0.431307235241999987
0.431281487106000005
0.431492281126999999
0.431349206606999991
0.431204968759999974
0.431406806332000015
0.431377512462999990
0.431352818001999982
0.431433418153000015
0.431220827131000017
0.431353394273000013
0.431314260436000019
0.431188312766999982
0.431379167554999998
0.431462016637999990
0.431378011946000006
0.431230109771999992
0.431295757102999999
0.431246748223000020
0.431442276186000007
0.431467705021999992
0.431568025638000008
0.431549636972999973
0.431628781374000015
0.431439112903999999
0.431681284684000022
0.431724962524000000
0.431648669425999998
0.431620154781999998
0.431485108968999997
0.431253740793999973
0.431266371071999999
0.431400503777999988
0.431399541572000000
0.431406555957000004
0.431341089791999976
0.431465530699999988
0.431401824641000020
0.431585860905000007
0.431463090062999988
0.431372947181999977
0.431344522557000010
0.431314345300000013
0.431274967048000002
0.431053925489000012
0.431325628324999988
0.431163989427000016
0.431234065652000009
0.431304200791999992
0.431493999392999983
0.431492918479999987
0.431322544601999980
0.431311302986999989
0.431080874509999989
0.431193490048000005
0.431249760495000023
0.431351678876000011
0.431549536527000011
0.431520814347999992
0.431469504403000026
0.431475586989999993
0.431455350929000003
0.431429289677000005
0.431472158130000005
0.431534514019000004
0.431385967849999996
0.431378768608000007
0.431292193285999992
0.431247188898000011
0.431212099424000017
0.431324892790000025
0.431248900223999976
0.431106353873999981
0.431076766092000019
0.431277016321999995
0.431359382307999972
0.431399952876000026
0.431160099382999984
0.431397121890000013
0.431504194254999973
0.431314942787999978
0.431209485319999974
0.431403622812000009
0.431469268685999996
0.431245958576999988
0.431235550357999986
0.431258661955999989
0.431244611000999978
0.431406091135000003
0.431421938984999975
0.431312042313000021
0.431411721367000012
0.431445022509000020
0.431250544479000020
0.431465802015000011
0.431306618071000014
0.431395372404999977
0.431498400158000006
0.431293790193999993
0.431457959971999983
0.431485349038999988
0.431293045551999987
0.431343658095000027
0.431232394440999978
0.431333109990999997
0.430954969302000002
0.431137482751999979
0.431241556101000012
0.431282911784000023
0.431376635851999979
0.431414166390999998
0.431477015751999982
0.431512390458999973
0.431427886357000023
0.431488667433000017
0.431506987276000009
0.431265308768999989
0.431259694759000001
0.431387374754999997
0.431306495110999999
0.431435121955999978
0.431419788412999994
0.431558500426000025
0.431558651605000010
0.431561949059000027
0.431583988222000003
0.431417796262999975
0.431299687845000002
0.431089435181000014
0.431229406312999997
0.431347768287999977
0.431448121854000000
0.431398115261000026
0.431563149872999985
0.431465578030000019
0.431323626055999998
0.431398373077999997
0.431555332268000025
0.431368446088000013
0.431253483710999974
0.431409795591999989
0.431329719925999999
0.431229055683000018
0.431350856562000007
0.431269454963000010
0.431381181507999978
0.431376088581000017
0.431421227994000012
0.431478059884000009
0.431447926152999983
0.431476506348000000
0.431298621471999988
0.431361029567999987
0.431381562353999992
0.431373622539000023
0.431424092244000024
0.431547947182999991
0.431397623535999974
0.431439705539000018
0.431392592996000024
0.431371906500999991
0.431476051555999995
0.431206301145000026
0.431290625106000025
0.431315638331000006
0.431433620721000000
0.431338114476000012
0.431286493918999980
0.431205450849000027
0.431181720584999983
0.431212850456999974
0.431254924754000013
0.431258850399000027
0.431366527980000025
0.431285838588999992
0.431241789855999980
0.431331754961999991
0.431501780128999979
0.431451830295999983
0.431494474246999993
0.431552617186000020
0.431518578619999982
0.431461602582999981
0.431464539784000012
