0.430390201312999987
0.430377023781000012
0.430203162701000008
0.430103043272999974
0.430191381082999980
0.430227856633999983
0.430308805768000013
0.430239990141999984
0.430430259222999989
0.430286338990999995
0.430310258145000013
0.430201467479999988
0.430196290136000026
0.430185598477999975
0.430290870453999996
0.430130024695999980
0.430222261411000007
0.430093094060000014
0.430154968334999999
0.430166673221999973
0.430355982842999973
0.430520114996999992
0.430283989046999993
0.430203394894999980
0.430127416566999987
0.429969246726999987
0.430132130439999982
0.430098953795999994
0.430180239941999998
0.430130827152000017
0.430239656445000007
0.430236169795999990
0.430153171034000026
0.430232256563000015
0.430382022847000001
0.430134136273000012
0.429974373181000014
0.430134387422999975
0.430335657388000004
0.430404609049000020
0.430413302105999984
0.430443165038000009
0.430613390480000024
0.430472932761000016
0.430300920947000010
0.430390148590000021
0.430361874784999987
0.430422466469000009
0.430321234195000013
0.430495886245999992
0.430391041016999987
0.430441132363000023
0.430408636800000022
0.430397662613999976
0.430385470375000023
0.430396476960999974
0.430376138399999997
0.430388686972999979
0.430452803858999977
0.430326981059000024
0.430265227884999990
0.430152150198999994
0.430095323041000011
0.430055720726000013
0.430171225596000018
0.430091617734999987
0.430256548844999975
0.430216013419999987
0.430199276144999976
0.430266610636000024
0.430151271055999984
0.430357148997999983
0.430198032582000012
0.430158609287999982
0.430218899014999989
0.430291445045999976
0.430177153340999985
0.430363778141999997
0.430367866942000021
0.430084071055999995
0.430281048868999982
0.430131063420000015
0.430207192670000016
0.430154685317000018
0.430349624061000025
0.430359261102999990
0.430360344060999989
0.430268307781999981
0.430161542978000022
0.430355802560999978
0.430248277076999974
0.430045888014000011
0.430373508805000027
0.430342239537000015
0.430447100608999988
0.430277282162999986
0.430205897632000012
0.430305433362999978
0.430179566954000003
0.430185333496000022
0.430307211495000008
0.430264626348000001
0.430175163836999996
0.430221444730999991
0.430293297916000017
0.430324418232999995
0.430356654441999997
0.430136471241000018
0.430145426655999974
0.430251367860999989
0.430145692133000024
0.430388048877999974
0.430150718262000020
0.430156252377999981
0.430339982208999994
0.430384370863000021
0.430361911829000021
0.430249554947999990
0.430361304532000000
0.430260822962000022
0.430323829062000007
0.430367335746999979
0.430543616753000014
0.430361262136999989
0.430343458234999976
0.430004964614000007
0.430021330646999989
0.430124511119000019
0.430013984966000018
0.430155050947999995
0.430241935552000021
0.430174390627000025
0.430370298794999995
0.430328610403000023
0.430330690788999992
0.430138344552000007
0.430124743079000005
0.430345349659000009
0.430418847421999984
0.430446826065000010
0.430474885734000001
0.430340081606999991
0.430228388171000009
0.430385297649000020
0.430222643673000005
0.430259826060999995
0.430304973488000009
0.430326283078000027
0.430244482721000021
0.430264787358999978
0.430344949811000022
0.430267282317000010
0.430382733931000017
0.430468468358999989
0.430329257769999973
0.430138098094999977
0.430036328778999999
0.430048281784000008
0.430152297188000021
0.430194966121999978
0.430356699200000026
0.430284622522999982
0.430224047782999997
0.430292210341000014
0.430358910977000020
0.430496710042000019
0.430480308440000015
0.430574115500999999
0.430542110390999988
0.430309544734000016
0.430181174403000022
0.430128370185999975
0.430123321486999999
0.430046245855000009
0.430121182822999992
0.430154517899000000
0.430019274635000004
0.430212473101000026
0.430047042135999980
0.430072342142000019
0.430168766839999994
0.430195643439999997
0.430296586772999978
0.430364498563000020
0.430505655962000022
0.430216734948999979
0.430090791485999990
0.430097546554000010
0.430245972500000018
0.430166503229000019
0.429960343585999993
0.430281681266000027
0.430105592262999992
0.430305699571999989
0.430412049665999996
0.430578005732000002
0.430307050668999991
0.430563023303000003
0.430420248768000002
0.430446527219000008
0.430437275311999989
0.430292765897999974
0.430294223309000023
0.430229532091000011
0.430340705070999974
0.430274561863000005
0.430307750285999990
0.430277565389000027
0.430226878225999976
0.430273343920999973
0.430157698044000003
0.430314272810000009
0.430551746612999997
0.430334495764999991
0.430356718814000005
0.430214530400000017
0.430028989174000009
0.429950616846000000
0.430063422857999977
0.430036964319000015
0.430185698396999994
0.430362019057999978
0.430450827809000014
0.430486219065000009
0.430413500996000009
0.430419070645000013
0.430588548427000006
0.430407551745000005
0.430415511563999986
0.430318703881000020
0.430272581303999979
0.430457401708999987
0.430499918646999991
0.430183316059000009
0.430054749066999975
0.430185132794000002
0.430329024142000027
0.430418087168999985
0.430434800695000008
0.430194171726999974
0.430177582424000005
0.430303326117000007
0.430224183724000009
0.430077116074999988
0.430173559985999987
0.430224918259000000
0.430066190944000004
0.430213818199999987
0.430299164635999987
0.430287900936999979
0.430246712377999996
0.430328811372999998
0.430238511935999990
0.430271594651999989
0.430143444403000008
0.430262334247999978
0.430390657936000010
0.430333804509999973
0.430258896258999990
0.430260623141999976
0.430471302529999988
0.430280255783999976
0.430466825029000022
0.430228866134000021
0.430186558446999989
0.430131303653000008
0.430141108434999975
0.430158497618000013
0.430184610143000024
0.430337042875999998
0.430452376834000006
0.430495786762999988
0.430285883375000011
0.430568141668000004
0.430261520494000016
0.430346541686000006
0.430470119786000027
0.430402410570999983
0.430436541256000005
0.430259695326999980
0.430408792892999992
0.430312436118000019
0.430528210766999986
0.430257452553999997
0.430366904378000015
0.430345171851999997
0.430257829799000013
0.430203747533000003
0.430294352260000013
0.430284196022000021
0.430197332731000026
0.430310886637999990
0.430350278608000014
0.430497040017000010
0.430321713160999986
0.430235460673000003
0.430288696896000022
0.430282353095000014
0.430162183054999980
0.430190868853999986
0.430235166278999992
0.430225155633000012
0.430336441731999975
0.430194824340000004
0.430427432735999982
0.430293573182000011
0.430297609936000025
0.430230657144999973
0.430124037364000011
0.430267071931000000
0.430318266291999985
0.430423853236999998
0.430508037334000004
0.430417418346999980
0.430037235680999996
0.430155489291000004
0.430180513997000025
0.430224140643000019
0.430224160623999985
0.430258063804000002
0.430430733622000017
0.430452103462000024
0.430361593227999994
0.430174452696000020
0.430259593250000016
0.430432315898999995
0.430202871777000007
0.430228195111000022
0.430257152447000024
0.429920648424999996
0.430228568152000002
0.430221041821000016
0.430281918855000001
0.430275181851999977
0.430354637795999972
0.430217553924999996
0.430193189009999977
0.430213350052000010
0.430363479739000021
0.430417078299000000
0.430549686298999978
0.430526421815999982
0.430428430887999980
0.430319174744999977
0.430659599476999999
0.430369454403999985
0.430241034390999977
0.430356836412000010
0.430346872732000008
0.430215383497999981
0.430287471942000010
0.430294921238999983
0.430152372619000023
0.430130180156999997
0.430073113436999999
0.430040631180000021
0.430199188843000013
0.430179223592000004
0.430418977892999988
0.430249775215999997
0.430150788913999993
0.430220207016999978
0.430234401887000018
0.430297388813999981
0.430517843851999982
0.430268503033000016
0.430152074682999985
0.430162429053999984
0.430086786775000007
0.430220834340000025
0.430160428892999991
0.430313473955000025
0.430334149077999994
0.430448846594000012
0.430340378834000004
0.430224581348999990
0.430186620455000002
0.430279952344000016
0.430243124289000023
0.430268951582999992
0.430337687841000016
0.430340834158000007
0.430291842656000012
0.430395692727000012
0.430260879792000006
0.430123140959999983
0.430144737017000012
0.430124959498000003
0.430128369143000011
0.430218256670999999
0.430129629893000021
0.430158192907000025
0.430392092396000014
0.430418629152000021
0.430215024639999999
0.430188785349999991
0.430269247445999981
0.430119374955000022
0.430104863614000021
0.430243773443000022
0.430350284753000023
0.430297429991000013
0.430260928709000012
0.430308827265000027
0.430278462447999999
0.430327083654999998
0.430335000128000023
0.430424022369999992
0.430328500354999977
0.430400993926999986
0.430328002890000005
0.430321943864000023
0.430328414577999974
0.430327625019000015
0.430291022906000020
0.430108657920000026
0.430236861031999984
0.429951831906000004
0.430217719622000005
0.430279067429999995
0.430197363358999996
0.430083910507000011
0.430153285416999986
0.430238443946000026
0.430364765227000012
0.430529408501000022
0.430449064421000005
0.430308726831999999
0.430063131882000016
0.430082206653999988
0.430220011660000012
0.430367404529999997
0.430357069119000013
0.430191156949999987
0.430207796944999998
0.430192380129999996
0.430379503622000004
0.430413284487999981
0.430343169450000007
0.430322924682999985
0.430296323322999996
0.430420839662000010
0.430267067855999996
0.430276736729999998
0.430505782178000007
0.430370624252000011
0.430366203421999993
0.430352201381999977
0.430492490580999976
0.430023573338999987
0.430080775292000006
0.430023166173999993
0.430111517911999974
0.430286389847999995
0.430290384086000011
0.430075485064999985
0.429928993977000018
0.430226065002000002
0.430336886174999989
0.430347293262999975
0.430293530442000027
0.430266216473000007
0.430258425221999974
0.430275139746999991
0.430309083343999976
0.430508045313000021
0.430412763899000017
0.430422420766000013
0.430394723382000022
0.430394593762000011
0.430129631424999992
0.430348442582000001
0.430348070147999973
0.430382174156999975
0.430344790360999985
0.430290811591000022
0.430439474659999988
0.430326821871000020
0.430445977119999990
0.430479974754000017
0.430252129759999991
0.430152754756000011
0.430194504879000017
0.430343564695000014
0.430240222870000022
0.430152219019000026
0.430126150363000004
0.430428981343999983
0.430324525944999980
0.430349591615000027
0.430239662232999975
0.430467296720999981
0.430334397021000015
0.430200227237000021
0.430314790225999999
0.430468152117999991
0.430400286784999975
0.430250033081999994
0.430303709385000011
0.430269365522000014
0.430156242698000013
0.430217219465000023
0.430063328272999978
0.430029065504999974
0.430190323777000005
0.430075591310000005
0.430071550450000006
0.430243158404999992
0.429961448533000001
0.430102183829000007
0.430229085594000027
0.430178390841000013
0.430209768127999992
0.430279177223999998
0.430100291513999977
0.430149519061000019
0.430530470408999999
0.430345506523000021
0.430380247381999981
0.430279947050000000
0.430136438830000023
0.430214888111999982
0.430197105691999981
0.430179626882000010
0.430157449537000025
0.430197918620999986
0.430197930123000005
0.430243038199000005
0.430136106281000019
0.430161325679000006
0.430184353023000010
0.430166213470999981
0.430216114832000007
0.430102922828999978
0.430158273059000007
0.430204592340000025
0.430296940382999982
0.430436949409000014
0.430397436962999980
0.430029552368999979
0.430178233367999985
0.430316351830999977
0.430292163266000005
0.430275443985999984
0.430278050282999980
0.430258076593000027
0.430173711351999999
0.430055683375999975
0.430235723324999986
0.430435011054999983
0.430243469664999989
0.430223903603999980
0.430154185826000013
0.430324285485999991
0.430387905758000011
0.430347938697999977
0.430394553500999977
0.430377610853000026
0.430342059428000023
0.430173411444999987
0.430227049463999978
0.430295456065000026
0.430311922321000018
0.430089600524000026
0.430014839734000009
0.430128045743999987
0.429951835926000003
0.430142654331999996
0.430425584272000006
0.430319186420999977
0.430318014783000025
0.430530051370999978
0.430192080957999989
0.430082506132999975
0.430211385408000024
0.430503251511999974
0.430368630653000017
0.430134176543000013
0.430094569508000013
0.430255483223000001
0.430221618059999977
0.430265779768000012
0.430261987326000017
0.430109562050000005
0.430329703672999997
0.430252245319000026
0.430285516162999981
0.430254122959999985
0.430247611909999994
0.430231277964999992
0.430260133466000005
0.430180030288999982
0.430082995277000002
0.430238790353999978
0.430167185944999975
0.430271167163999990
0.430311915092999986
0.430156691064999985
0.430179635419000006
0.430126157762000028
0.430102608195999991
0.430233061347000012
0.430314263154000010
0.430168748870000006
0.430283664336999994
0.430149745061000011
0.430121667488000015
0.430078970635000002
0.430114345680999988
0.430219928768000026
0.430112913272000019
0.430341192237000014
0.430180339146000013
0.430123691638000016
0.430217352493000027
0.430111086398999976
0.430080621431000010
0.430294652772000019
0.430430346678000009
0.430292903718999975
0.430262838574999973
0.430410032095999984
0.430392726053999974
0.430290093588000022
0.430154199823999994
0.430137790595000014
0.430289430477000023
0.430285882544999998
0.430303689745999973
0.430108149373999993
0.430138344110999993
0.430152238972000001
0.430170136131000025
0.430150534043999999
0.430183897382000024
0.430278139810000015
0.430464292502000023
0.430212259448000012
0.430281796032000008
0.430345653140000006
0.430304873759000006
0.430247511078000022
0.430384689947000021
0.430473078414999988
0.430253899115999983
0.430140666675999983
0.430341709612000023
0.430298741465000023
0.430323688209999999
0.430221111385000021
0.430362909469000021
0.430332781707000012
0.430403040648000002
0.430215360972000027
0.430371606248000027
0.430215631209000027
0.430131569752999987
0.430258324590999996
0.430426179753000016
0.430302820819000009
0.430139498447999979
0.430144861476999985
0.430283010713999992
0.430270568590999991
0.430333843842999997
0.430295955998000024
0.430453502042999980
0.430262311712000023
0.430225996680000000
0.430312996195000019
0.430352633401999973
0.430404032350000021
0.430457692384999979
0.430153478718000026
0.430241280898000011
0.430414280343000000
0.430318763158999973
0.430380534297000017
0.430536002721999989
0.430532348073000004
0.430488410105999975
0.430615977224000024
0.430515470444000015
0.430336402259999973
0.430518534156999977
0.430435298660999999
0.430331931561000025
0.430351235351999983
0.430363602835000025
0.430458528447000000
0.430312929070000016
0.430414246586000027
0.430504556505000024
0.430447682019000022
0.430241135639000016
0.430180676553999997
0.430169526854000006
0.430214363677000000
0.430209439191000020
0.430337307855000017
0.430099371368000027
0.430242640376999996
0.430217111799999996
0.430122980613000028
0.430158413081999980
0.430183224315999979
0.430125916110000006
0.430232200090999994
0.430314309668999972
0.430154022834000005
0.429967977835999993
0.430078617027000010
0.430275342675999983
0.430248223506999983
0.430270096834000026
0.430286922268000027
0.430386650154000017
0.430355305309999991
0.430476048852000026
0.430556370224999985
0.430343276122999996
0.430161837674999992
0.430206503979000010
0.430382399470999988
0.430491936402000008
0.430421810372000002
0.430427547337999983
0.430342735583999991
0.430470714156000023
0.430283264722999992
0.430342094097000027
0.430272328714000007
0.430254352986000010
0.430101501870000014
0.430174593385000026
0.430248511301000003
0.430272263007999978
0.430393513436999997
0.430328327351999995
0.430137270060000021
0.430294583735999991
0.430507179484000024
0.430144693826000013
0.430171075668999980
0.430067191475999977
0.430264653599999991
0.430062424228000006
0.429970019586000007
0.430185867168000002
0.430204328696000005
0.430194954287999975
0.430145741826999994
0.430129899850999975
0.430206712862000018
0.430398956853000003
0.430576610583000008
0.430458529887999986
0.430463869118999976
0.430291473859000018
0.430310132429999992
0.430237964452999999
0.430423519593000015
0.430481309081000019
0.430473644175000003
0.430530651076000026
0.430240273853000010
0.430260831399999988
0.430263192470999978
0.430528769405000011
0.430577082318999993
0.430173620526000000
0.430170362716999988
0.430476520914999994
0.430372311213999992
0.430270674876000014
0.430392925935999981
0.430057914789000018
0.430261088562999994
0.430421418411000012
0.430420090171000025
0.430186999500999978
0.430246482164999999
0.430363135326000013
0.430370340131999984
0.430240090327999980
0.430167839345000025
0.430264346043999990
0.430239653657000010
0.430423482131000013
0.430360202257999980
0.430442553760000013
0.430367205024999977
0.430305742316999973
0.430294800297999991
0.430422825120999997
0.430499579610000016
0.430412195640999973
0.430247081904000017
0.430237845040000011
0.430352776350999999
0.430280115166000010
0.430421662249000025
0.430203485012999987
0.430274340335000005
0.430337945574000014
0.430419306120000011
0.430427178954999989
0.430531774526999977
0.430675502762999984
0.430295794735999992
0.430195729465999988
0.430158675328000006
0.430348155459000015
0.430266825663999986
0.430287901033000020
0.430305759416000022
0.430353461017999983
0.430444832471999994
0.430278660561000004
0.430151562112000008
0.430230627430000012
0.430475929593000017
0.430469669848999981
0.430279364941999976
0.430342687860999995
0.430319282510999990
0.430183196109999999
0.430180166289999999
0.430195885306000003
0.430262804230000018
0.430168658179000019
0.430175093251999985
0.430214590785000017
0.430287088179000021
0.430221177075000016
0.430239928293000007
0.430262593681999983
0.430258031922000017
0.430164077784000010
0.430313432960000020
0.430472153434000027
0.430267410663999983
0.430271964655000005
0.430174200121999972
0.430149850348999996
0.430162099640999995
0.430154228457999999
0.430155253181000008
0.430089902826000015
0.430127194769000021
0.430311712883000019
0.430408737727000001
0.430490985805999982
0.430506088158999989
0.430224799479999975
0.430290749259999994
0.430279265630999996
0.430448834544000014
0.430546065649999976
0.430482241649999986
0.430532358712000018
0.430408590144999992
0.430375562795000000
0.430540997688000027
0.430179019469999979
0.430379223548000012
0.430373182331000026
0.430323436065999987
0.430364213991000000
0.430226747088000017
0.430150056215000021
0.430060439543999973
0.430265922129999978
0.430501982097000024
0.430382989039999997
0.430259612904999977
0.430312691658000013
0.430530798488999999
0.430361746867999995
0.430280337013000003
0.430300084302999986
0.430203069413000017
0.430220767707000018
0.430335930744999984
0.430406995056999975
0.430114560832000004
0.430077041400000026
0.430263366478000009
0.430184766795999984
0.430308434068000012
0.430440367563000026
0.430197909832000014
0.430231516357999999
0.430140719057000021
0.430296589028999976
0.430277038753999974
0.430307934248999990
0.430340734512000000
0.430308414162999975
0.430355685343999983
0.430411977418000025
0.430363109430000002
0.430194793751000004
0.430312416488999983
0.430304030329999976
0.430297842430000022
0.430296613293999985
0.430171374042000010
0.430270830878999977
0.430161986609000013
0.430223595650000012
0.430298100519000026
0.430188834718999991
0.430050565873999979
0.430092672630999984
0.430266898783999985
0.430227507712000024
0.430351009168000009
0.430265215904000020
0.430179102451999973
0.429917641249000004
0.430172612376000019
0.430261877745000021
0.430533109709999973
0.430392749635999994
0.430298715097999995
0.430408619647999979
0.430559019742000004
0.430382490910000026
0.430249571787999996
0.430271107154000021
0.430228774300999983
0.430222479232999999
0.430177278256999973
0.430214478550999979
0.430234750978999991
0.430167725386999988
0.430175055073000023
0.430154368780000018
0.430016069502999976
0.430034698915000013
0.430021037802000017
0.430146716313999977
0.430089219811000012
0.430251423623999985
0.430365946263999988
0.430270542385999988
0.430061606975999988
0.430195639344999992
0.430213549332000011
0.430360673869999988
0.430290152212000010
0.430239964016000009
0.430354006655000010
0.430103261678999982
0.430202190998000000
0.430273084703000019
0.430274297856000021
0.430448751633999982
0.430185182386000009
0.430190218514000022
0.430080084393999973
0.430357618991999979
0.430326272351000017
0.430315267248999989
0.430132775342999985
0.430245441667999995
0.430224257797000020
0.430220257458000022
0.430258737684000026
0.430338057877000024
0.430529201447000021
0.430273750070999994
0.430398969610000015
0.430413769549000014
0.430482433173999979
0.430456181428000018
0.430314845863000006
0.430386970934000024
0.430437996752999985
0.430534164665999974
0.430416184807999980
0.430492313161000006
0.430503246665999983
0.430509856681000003
0.430591648935999993
0.430212679556999988
0.430144346974000003
0.430327643036999996
0.430292889632000020
0.430129293031000004
0.430228189619999979
0.430066070949000012
0.430209446157000019
0.430228804525000008
0.430220908183999995
0.430240887502999991
0.430278594198999997
0.430204969521000014
0.430243208453000014
0.430313454578999999
0.430281548640000011
0.430497098841000014
0.430361683263999983
0.430348627298999975
0.430161401070999982
0.430075750669000001
0.429900307375999990
0.430234894676999990
0.430480358211000003
0.430386917872000008
0.430220548767999977
0.430466306834000001
0.430159564719000020
0.430347307710999993
0.430484170501999996
0.430521686085000022
0.430267233911000024
0.430118348925999983
0.430344741392000019
0.430493458569999987
0.430503164320999998
0.430248561430999987
0.430398384419000024
0.430268786871999986
0.430241192601000022
0.430318926486999986
0.430180160952999990
0.430298214141999980
0.430137125404000009
0.430150716087999985
0.430292329836999998
0.430387497015000009
0.430343803528000002
0.430232550070999975
0.430100560964999989
0.430058425821999990
0.430145091192999984
0.430164783627999980
0.429988799352999995
0.430085570618000013
0.430158437243000014
0.430314169520000012
0.430424787139000009
0.430374817023999989
0.430209060566999979
0.430253768631999989
0.430375098060999994
0.430405989157999991
0.430298899602999996
0.430238618291000019
0.430420088122000000
0.430541619395000019
0.430236868438000020
0.430309907948999981
0.430261521274000025
0.430261214155999994
0.430207332802999998
0.430211927135999983
0.430076530788999989
0.430044507447000013
0.430261702174999983
0.430122276390999980
0.430306243355999984
0.430125581844000016
0.430561633010999978
0.430262630914000022
0.430193778621999978
0.430271337829000011
0.430366713700000014
0.430187269245999981
0.430052642729000012
0.430368881277000015
0.430328378881000007
0.430253074670000013
0.430409724210000011
0.430506330262000025
0.430288099907000010
0.430241757575999972
0.430167776055999984
0.430180259283999999
0.430169609890000026
0.430282499531999985
0.430168322872000020
0.430307877278999995
0.430282064919000007
0.430282982398999980
0.430333263994999993
0.430153539598000012
0.430032601278000026
0.430183129340000026
0.430151732695000011
0.430219173482000006
0.430122773278000026
0.430200708230999984
0.430236000743000002
0.430341526719999978
0.430266508298000006
0.430371599371000002
0.430326324526999981
0.430182054749000009
0.430417912284000004
0.430324785709000013
0.430292860720000003
0.430180469151999978
0.430173773540000026
0.430186543839000013
0.430316096448999985
0.430183877022000005
0.430204341011000024
0.430312712217000015
0.430349342073999996
0.430162124279000024
0.430135277227000012
0.430117255769999984
0.430300058446000000
0.430208797121000019
0.430148878266999990
0.430215070606000005
0.430326270760000018
0.430455159482000027
0.430330396926999981
0.430148163932999983
0.430119084932999995
0.430238117681000010
0.430287486695999977
0.430368245588000020
0.430406515712999982
0.430400862933000006
0.430376004377999999
0.430283452672000022
0.430357509000000027
0.430253944466999994
0.430129652061999990
0.430032483474000027
0.430091789173999983
0.430226181779000016
0.430264351867000017
0.430374371759999985
0.430303328584000000
0.430277568669000021
0.430198802744999997
0.430382680141999985
0.430437680365000019
0.430518776410000026
0.430254205245000021
0.430401832019000008
0.430363343850000024
0.430135639311999995
0.430165560233999988
0.430324609339999997
0.430273780286999974
0.430193578493999973
0.430362352479000010
0.430296706902999981
0.430269484019000004
0.430356162230000006
0.430411776786000011
0.430407527331999995
0.430524182001000011
0.430320159658000023
0.430265005347000018
0.430443829727999994
0.430340570403999978
0.430160692422999980
0.430182055710000011
0.430157112708999978
0.430106273864999999
0.430278452360999986
0.430194533263999979
0.430115647420000025
0.429861805242999995
0.430056804637000023
0.430210333102999998
0.430382621500000007
0.430363027404000009
0.430178852240000020
0.430058903830999983
0.430207215363999973
0.430148869265999989
0.430243032801000014
0.430203004439999981
0.430175458816000000
0.430302896581999994
0.430275680243999981
0.430396354280000004
0.430377663746000005
0.430294377577999987
0.430290855362999991
0.430065589472000021
0.430184870737999991
0.430222273197000016
0.430255223954999988
0.430191006029000012
0.430219119302999997
0.430173664171999981
0.430295827906000017
0.430192145056000008
0.430401702338999992
0.430318263006999990
0.430041622858000017
0.430269810776000017
0.430316011976999979
0.430329794199000026
0.430395222839999980
0.430337718204000019
0.430105954108000010
0.430189550508999985
0.430348666885000009
0.430308082870999975
0.430405423239999974
0.430220067860999977
0.430256546437999987
0.430368563121000025
0.430386043597999979
0.430583695840000003
0.430556307821999995
0.430344734863000011
0.430505468833000005
0.430469546840999973
0.430377323104999987
0.430421589978000008
0.430427496997000003
0.430301297299000018
0.429980981395999995
0.430132587964000002
0.430149755342000006
0.430254987872999983
0.430055677447000018
0.430203784094999986
0.430131205231000013
0.430305383606999992
0.430491496408999974
0.430333560068999976
0.430290735400000013
0.430225320743999995
0.430180929057999983
0.430184574495000027
0.430156067834000011
0.430217532356000021
0.430113966008999982
0.430209100451000026
0.430087217208000028
0.430111581924999986
0.430301383189999997
0.430075200612999975
0.430096220929999995
0.430307088868000009
0.430279530326000026
0.430331048213999978
0.430452057853000003
0.430317688013000021
0.430308925110999996
0.430123441702000009
0.430393811751999977
0.430487952577000010
0.430387791716999979
0.430379256549999978
0.430326594630999981
0.430215288445999988
0.430218441527999984
0.430129382858999987
0.430181994432000003
0.430023202682999983
0.429994878161000016
0.430324020989000022
0.430353455574000010
0.430319504618999982
0.430208278579999992
0.430210976066999984
0.430211593963000016
0.430277681859000005
0.430334767193999990
0.430431268004000001
0.430272489560000027
0.430410691456000027
0.430453738528000007
0.430460717348999988
0.430262978558999976
0.430247733533999976
0.430163791538999973
0.430362534886000014
0.430267300354000015
0.430323094203000023
0.430153889480999974
0.430207742135999993
0.430287637798999978
0.430354848304999982
0.430342860790000004
0.430444459381999989
0.430236958963000016
0.430217818508000005
0.430268749482999979
0.430317645096000012
0.430323916711000010
0.430246877038999997
0.430186307333999984
0.430219337846000027
0.430184574696000022
0.430220034598000012
0.430131231118999979
0.430214126304000022
0.430285537177000021
0.430376719821000009
0.430323901110999996
0.430197255881999974
0.430216812983999997
0.430171519580999973
0.430329558529000011
0.430428867022000006
0.430517210062000000
0.430433577319000005
0.430539806533999980
0.430387417800999983
0.430064941114999988
0.430092336090000027
0.430249165722000004
0.430351954827999983
0.430301878219999989
0.430218263376999976
0.430276852275000010
0.430233529188999986
0.430233901362000015
0.430273268257000019
0.430424659315999991
0.430277812044000008
0.430467465084000023
0.430371240117999987
0.430326042814999976
0.430268177611000002
0.430229777054000007
0.430212672854000000
0.430261004286000004
0.430212618411999981
0.430247680891999995
0.430160311863000022
0.430170476631999976
0.430303371343999985
0.430332603413999981
0.430408475168999993
0.430467344206000024
0.430554494595999981
0.430375481000000004
0.430149784327000018
0.430042325103000000
0.429960920638999988
0.430116763071999975
0.430056005440999978
0.429975847645000020
0.430063642786000011
0.430095026302000027
0.430154487854999990
0.430148217908999986
0.430143846634999993
0.430469018857000008
0.430297903849000019
0.430185900048999981
0.430483850866999973
0.430287015679000018
0.430331191469999985
0.430273989269999990
0.430243668136000013
0.430131776301000024
0.430044535713999976
0.430150479739000002
0.430306931072000021
0.430212518885000006
0.430198650266999993
0.430339152491999999
0.430325724098000018
0.430378908893999990
0.430415264623999982
0.430431702154000007
0.430331274574000000
0.430362229232000015
0.430148049608000016
0.430206920878999977
0.430095054887999984
0.430189697962999995
0.430255668011000014
0.430174014358000012
0.430292319091999997
0.430349455280000015
0.430202991076999997
0.430332985311999983
0.430257671259999974
0.430260235519999978
0.430142026675000011
0.430132411428000017
0.430324969218000009
0.430411654443999980
0.430466392437000023
0.430349429278000017
0.430568192941999994
0.430550673528000027
0.430595163489000010
0.430273762265000026
0.430195580876000017
0.430091981404000012
0.430159080066000010
0.430344057020000004
0.430341683520000018
0.430275866163999987
0.430338654603000026
0.430321925458000021
0.430191479174000024
0.430383787216999991
0.430349206234000026
0.430233961024000022
0.430164515490999988
0.430303961816000002
0.430282999429000002
0.430251978302999993
0.430145414123999981
0.430248642718000007
0.430156704805000012
0.430373119548999983
0.430088822684000005
0.430121681965000002
0.430340925147999986
0.430147764561000012
0.430063839585999974
0.430080565523999980
0.430096393257999976
0.430217512094999976
0.430217156440000026
0.430371900066000013
0.430367966893999976
0.430393434906999994
0.430246033990999976
0.430306559262999988
0.430337945903000008
0.430182454657999980
0.430344566649000004
0.430363870310000007
0.430162879685999977
0.430140402272000011
0.430195435740000021
0.430264026114999976
0.430066462267999994
0.430112731410000004
0.430291514864000024
0.430424455112999982
0.430417607812999981
0.430229033180999976
0.430342876749999992
0.430397507818000014
0.430379666752999990
0.430312159844000008
0.430395583425999984
0.430262459119999996
0.430389783656999980
0.430524616026999984
0.430446207211000020
0.430390159626000024
0.430300391062000021
0.430216986645999999
0.430290331445999985
0.430409925626999978
0.430359200248000007
0.430372224508000001
0.430526800594999981
0.430273178106000020
0.430287216879000012
0.430279647222999995
0.430456642762000019
0.430403948802000003
0.430319224082000018
0.430286507325000012
0.430350116951999984
0.430268907466999972
0.430393965711000026
0.430267567251999994
0.430211741180999974
0.430450230905000009
0.430308209850000012
0.430323965774000006
0.430241192815000006
0.430467058196000008
0.430425372129000006
0.430358558594999996
0.430390398976999988
0.430363767371000017
0.430328459657999984
0.430365707340000014
0.430344973595000013
0.430224998432999994
0.430042932917999998
0.430251566869999991
0.430145715692999975
0.430179860972000006
0.430340635452000020
0.430272027592999984
0.430113724339000025
0.430279886293000013
0.430270552779000004
0.430403898705999988
0.430288506372000001
0.430407039012000003
0.430332907889000027
0.430106214953999977
0.430271680021000025
0.430495402284999995
0.430402099330000010
0.430347192940999990
0.430254857085999975
0.430218026593999991
0.430327246293000010
0.430213759422000019
0.430155441969999996
0.429962505057000011
0.430130878529000005
0.430216688514000023
0.430417362550000016
0.430243018290000001
0.430163410851999994
0.430046305966000020
0.430193177962999995
0.430153754005999978
0.430213445623999990
0.430383031779999981
0.430238724035000020
0.430429687416999995
0.430542126211999998
0.430419182991999993
0.430157599675999980
0.430299123467999978
0.430411068793000007
0.430439853134999995
0.430411932557999977
0.430230577253000013
0.430071024099999977
0.430010764614999985
0.430187079593999988
0.430217671420999981
0.430296086881999995
0.430137154518999976
0.430095040789000016
0.430203941425000014
0.430253849429000024
0.430320503025000023
0.430089506293000023
0.430307109344000016
0.430188428264999978
0.429986295934999985
0.430117267907999978
0.430043072018999994
0.430206080358000009
0.430094469754999986
0.430229223406999983
0.430189517887999973
0.430168632291999975
0.430335328169999976
0.430251218960000015
0.430351646136000021
0.430302866115999993
0.430197123730000019
0.430305290148999986
0.430207213360999985
0.430136678910000014
0.430368178566000015
0.430303433136000002
0.430319792927999989
0.430412525448000016
0.430059747937000025
0.430157644253000015
0.430260226947000002
0.430380653499999988
0.430296652845999994
0.430329101878999976
0.430424583806000016
0.430291953057999998
0.430112112747000008
0.430340202235000024
0.430207344167000016
0.430324940074999995
0.430403956465999993
0.430204599480999983
0.430253670453000003
0.430204450730000021
0.430121305479000016
0.430059800634999989
0.430100000230999979
0.430094200676999994
0.430123927096999981
0.430256482200999990
0.430228312858999984
0.430225305689000026
0.430099355271000017
0.430250116904999980
0.430228102123000000
0.430169072987000023
0.430188742843000016
0.430246037068000020
0.430247716720999984
0.430324303618000004
0.430234195885999982
0.430296410144999975
0.430207325054000000
0.430294503790999983
0.430289940207999988
0.430360967917999993
0.430348740796999973
0.430376717761000005
0.430169547932000018
0.430121495066000004
0.430086476559000008
0.430065481583999987
0.430088605196999985
0.430088178988000003
0.430238486884999993
0.430274139027000013
0.430248243994000024
0.430170128363999982
0.430200644515999986
0.430280395762000001
0.430327903961999991
0.430296068871000026
0.430154664723999991
0.430353248563999979
0.430289015122000018
0.430491944919999980
0.430520736888000022
0.430389735250000016
0.430278895257000027
0.430081537204999975
0.430251347103999982
0.430392768564999972
0.430229758010999996
0.430185323733999980
0.430355297891999999
0.430246987372999989
0.430422566033999976
0.430433014042000017
0.430365606233000020
0.430284200333000022
0.430426356329000004
0.430523675993999988
0.430333956053999989
0.430273352125999986
0.430375797389000003
0.430317469781999973
0.430227741506999994
0.430456671989999984
0.430571466745999998
0.430386421745000025
0.430342212290000026
0.430487540895999998
0.430228267759000027
0.430229779398000001
0.430249872885999973
0.430224811315000011
0.430359192695999981
0.430360908707999978
0.430299638232000015
0.430159970125000013
0.430293328410999987
0.430291428822999977
0.430238996855999978
0.430139056181999990
0.430106810850000021
0.429988817734999973
0.430223605969999978
0.430195479526000013
0.430087793499999982
0.429933385670999979
0.430221515727999992
0.430324397199000008
0.430159653473999981
0.430211093920999987
0.430122801707000013
0.430100701262000007
0.430239573787000007
0.430197399239000022
0.430099226138999979
0.430164459075000005
0.430126424999000001
0.430243453838999979
0.430214894771000000
0.430108112573000023
0.430286945096000017
0.430068437073999998
0.430252403165999997
0.430358298256000027
0.430229459867999986
0.430092714052000002
0.430272980418999973
0.430216011334999981
0.430107271387000001
0.430035450357000026
0.430163154996999975
0.430367459544999997
0.430273235292000011
0.430222653795999999
0.430216917656000009
0.430155884308999981
0.430247171302999998
0.430319052533999991
0.430296783894000001
0.430359071463000009
0.430202093642000016
0.430296325648000022
0.430270505219000010
0.430255005520000011
0.430219652708999978
0.430083009908000025
0.430067897661000009
0.430145445786999980
0.430272459918999983
0.430284821011999996
0.430297490687999995
0.430432656947999981
0.430481935681000016
0.430365239662000021
0.430608952855000005
0.430293479147999980
0.430349520902000016
0.430135340462000026
0.430156381495999995
0.430162314079999997
0.430095070678999991
0.430200716315999987
0.430299016965999981
0.430314492918999980
0.430204432201000020
0.430282557535999977
0.430144507682000021
0.430182335500999991
0.430394649221000014
0.430186908935999979
0.430212236021999983
0.430366115780999980
0.430391582217000024
0.430513008545000020
0.430349445888999982
0.430256192599999976
0.430232930359999988
0.430374746049999979
0.430236543068000021
0.430118802578000003
0.430071750877000003
0.430154409705000018
0.430293340560000015
0.430287050579999997
0.430216653577000008
0.430265717102999989
0.430488988128999994
0.430325861297000012
0.430344161840000017
0.430442399688999999
0.430345330264999992
0.430437561811999991
0.430461597568000010
0.430380776028000012
0.430357221439000015
0.430436244382000011
0.430335474464000001
0.430337555910999980
0.430307690402000009
0.430272537504000019
0.430291003657999993
0.430176821473999993
0.430113366775999983
0.430154423979000000
0.430168454752999974
0.430385590812999985
0.430038267759999981
0.430239471594999978
0.430072070979000021
0.430115171229999982
0.430235095672000023
0.430104121466000022
0.430059605204999973
0.429980269769000001
0.430124165278000015
0.430142774364999980
0.430305022734000009
0.430386157601000019
0.430394320360000027
0.430321491368000020
0.430198098141000018
0.430300705294999974
0.430221274310999990
0.430350256777000006
0.430295051155999975
0.430515417421000024
0.430656988572000021
0.430569742601000005
0.430472752249999979
0.430351979320000022
0.430336051524000007
0.430142171585999988
0.430114206715999980
0.430239796808000008
0.430430777149999999
0.430347425153999985
0.430242572854000027
0.430301919297999991
0.430377558411999983
0.430478525516000021
0.430430797649999974
0.430366761260000008
0.430276548724000008
0.430542409605999987
0.430378913262999985
0.430364046369999975
0.430202913159000000
0.430178064643999991
0.430119664570000004
0.430197132997000020
0.430319055324999977
0.430398275978000011
0.430345049385999989
0.430236299340000017
0.430266039416000001
0.430081317512999994
0.430142694265999992
0.430391093740999986
0.430448522030999980
0.430117517833000007
0.430294157868999994
0.430217583412999982
0.430352736211000009
0.430215049286999995
0.430255736413000023
0.430199909012000004
0.430267755146999997
0.430416193564000016
0.430228413367999996
0.430163660220000021
0.429989817893999982
0.430086078609000000
0.430105315443999991
0.429974977202999986
0.430200024464000019
0.430380869567999980
0.430383351458999974
0.430226620301999985
0.430030432136000007
0.430120408770999996
0.429943658918999994
0.430227813003000004
0.430126738532000008
0.430241980460000006
0.430413550372999998
0.430183478584000023
0.430184196583000000
0.430358695314999984
0.430482753333000012
0.430419205073000022
0.430433785836999983
0.430406650472999974
0.430443788880000011
0.430303830725000003
0.430362785600999997
0.430232763663999984
0.430332832817000022
0.430269345557000027
0.430127203650000012
0.430350980865999988
0.430483574831000027
0.430406453251000021
0.430439213393999986
0.430488956992999994
0.430322235541999998
0.430483622402999977
0.430323021713000020
0.430349106363999978
0.430234487757000017
0.430199579542999977
0.430333347430000013
0.430391854723000011
0.430558450481999977
0.430507061337999986
0.430263357570000005
0.430519902750000016
0.430388823641999985
0.430476992531000024
0.430339309098999978
0.430231249508999991
0.430445230464000017
0.430427949548999988
0.430480963702000008
0.430350118599000020
0.430289403891000011
0.430469551098999981
0.430389994105999985
0.430418032115999993
0.430123153674999981
0.430095755984000017
0.430145327818000023
0.430317746334999973
0.430419957086000005
0.430355847231000010
0.430275072731999997
0.430247259365000023
0.430387517399999975
0.430351491262999986
0.430241074120000011
0.430121608554000001
0.430142247076999995
0.430045757711999987
0.430230099639999974
0.430398095076000020
0.430385466669999994
0.430421696841999990
0.430317166623999992
0.430363426782999992
0.430222107618999983
0.430347860327000009
0.430371517318999974
0.430104734867000016
0.430304620435000007
0.430311525713000020
0.430342038543000016
0.430130457334000016
0.430274360261000022
0.430347749448000028
0.430356221157999985
0.430245008729999989
0.430134652825000019
0.430205472869999994
0.430261225201000019
0.430398410195000025
0.430216304225000012
0.430179829116000001
0.430158346703000016
0.430273685884000001
0.430387715964999973
0.430411386110999994
0.430296164804999992
0.430385320633000001
0.430203982160999976
0.429925564909000024
0.430004762084999992
0.430312508724000009
0.430333626086999987
0.430418595211000010
0.430470997786999987
0.430451027714999990
0.430255958207000022
0.430285073753000014
0.430305590244999980
0.430100035935000014
0.430175224016999980
0.430291976984000013
0.430200356845999998
0.430281391791000001
0.430304222677000026
0.430164421419000020
0.430218270825000026
0.430264039797999986
0.430060695313999986
0.430059227167999991
0.430136958497000010
0.430117209943000012
0.430585362369000024
0.430360579389999998
0.430500087152999977
0.430394761261000014
0.430580600545000025
0.430398237372999981
0.430153119405000006
0.430161050682000001
0.430271767997999988
0.430456047587999990
0.430531500713999982
0.430233244889999977
0.430118244182000009
0.430133268161000004
0.430027782779000001
0.430129975012000010
0.430120378015000027
0.430172876641999991
0.430097613506000009
0.430119238929999981
0.430088963458999995
0.430317999838000009
0.430419308832000025
0.430381913374999980
0.430188544678999973
0.430220723251000026
0.430061645135000004
0.430135027032000017
0.430301751633999974
0.430337322359000019
0.430155665864999981
0.430157566034000016
0.430197951681000001
0.430280461301999984
0.430150325175999992
0.430368613216999985
0.430267840708000004
0.430190933511000018
0.430220087906000026
0.430210138410999976
0.430446410195999996
0.430309178972999973
0.430282923970999986
0.430251501072999976
0.430114585855999987
0.430275161173000020
0.430203583619999996
0.430530106071000007
0.430483123836000015
0.430276673566000023
0.430225984047999999
0.430314493028999989
0.430149262001999988
0.430268531883000016
0.430176848092000019
0.430320453928999980
0.430438182584999995
0.430363152505000013
0.430441245972000008
0.430405009800999994
0.430100982116000008
0.430268065648000020
0.430204950673000019
0.430330650681999993
0.430275275342999974
0.430234781457999982
0.430341774599000026
0.430089243206999983
0.430198719762000026
0.430226956074000022
0.430298740728999984
0.430196474034000020
0.430302669337999988
0.430247212564999981
0.430487651746000011
0.430446153825999989
0.430220293390999986
0.430239309793000013
0.430300513504999982
0.430351985687999983
0.430409733886999990
0.430394129697000027
0.430289161390000008
0.430169159854999983
0.430270295758000021
0.430162117519999998
0.430313546772999989
0.430341329423000019
0.430332539455999974
0.430352264315000010
0.430192794031000025
0.430165295898000011
0.430177543674000018
0.429980201999000000
0.430117045530999997
0.430135956167999989
0.430441928990999978
0.430280991757999998
0.430088061352999984
0.430217869078000026
0.430124815619999989
0.430352275092000025
0.430164732145000006
0.430249233687999999
0.430158913525999997
0.430180937428999988
0.430250531609999987
0.430131227642999991
0.429980143182000007
0.430143867883000020
0.430078295414999978
0.430172274149000000
0.430055016921999989
0.430278746940999990
0.430283120487999993
0.430550880671000002
0.430535280301000023
0.430390679712000013
0.430361789391000005
0.430177654357999983
0.430250971832000007
0.430177517351000016
0.430157528628999974
0.430135752184000020
0.430294770903999979
0.430379750903000013
0.430250838194999985
0.430073841123999989
0.430118183435000023
0.430149976684000013
0.430193526705999973
0.430371665367000000
0.430428135865999983
0.430229980697000025
0.430235702607000003
0.430332085683999999
0.430168273375000021
0.430037018503000024
0.429956039018999980
0.430084368932000027
0.430141482670000019
0.430244466654000013
0.430414619306000001
0.430221179707000023
0.430210373272999991
0.430356025937999986
0.430301605468000004
0.430274661815000015
0.430022876017999989
0.430153152140999973
