0.439176273424000008
0.439223937271999987
0.439011218618999999
0.439017757166000000
0.439191447467999985
0.438960812398999978
0.439055346299000004
0.438842182979999995
0.439007735023999979
0.439357151373000021
0.439190323411000005
0.439058078776000005
0.439134022858000017
0.439168457298000026
0.439159043967000007
0.439244872213000015
0.439195528896999976
0.439096036292000003
0.439076656436000023
0.439174930091999982
0.439172944003999977
0.439050221314999989
0.439184216329999988
0.439037765826999993
0.438993173502000011
0.439178585530999976
0.439132539012000001
0.439126371101000001
0.438972617477999982
0.439118511445000026
0.438938927137999979
0.439070636304000006
0.439297522825000009
0.439397941434999995
0.439199786907999989
0.439120955325000006
0.439159964505999978
0.439209417857000017
0.439118470531999983
0.439120529192000009
0.438964357432000019
0.439040672266000020
0.439082319399999976
0.438985558265000020
0.439264364199000001
0.439259906849999993
0.438997342178999994
0.439138089263000020
0.439032000327999994
0.438747710958000026
0.438939662457000002
0.438952061193000009
0.438979453603999981
0.439015988989000017
0.438988707044999982
0.439233776984000013
0.439313927667000004
0.439186315779000025
0.439362786210000023
0.439271472070999980
0.439256940681999997
0.439356266223999981
0.439173077766000008
0.439046599802999982
0.439014880195000012
0.439088628287999994
0.439078314166000017
0.439135699915999989
0.438928697718000027
0.438978574490999973
0.438927820749999975
0.439083657987999976
0.438966704608000025
0.439238539310000009
0.439172567786999979
0.439082706679000012
0.438894572292000018
0.438938164803999997
0.439022043435999987
0.439100021542000007
0.439053203888000010
0.439119989832999991
0.439218893812000022
0.439022417060999981
0.439177072113999978
0.439288597504000011
0.439330070861999988
0.439279242507999990
0.439308115767000018
0.439287083402000011
0.439341590273000016
0.439313952266999985
0.439150955178999991
0.439098006418999987
0.439069533534000023
0.439282578955999981
0.439246806027000003
0.439006684362000021
0.439102418291999974
0.439118405616000018
0.439040402436000010
0.439165092051999995
0.439103495258000021
0.439046088157000025
0.439240019046999997
0.439149126687999991
0.439021286158999990
0.438935736337999982
0.438937916077000001
0.438738574576000018
0.438828719390999988
0.439087707366000002
0.438944293471999980
0.439115125742999990
0.439078766978000024
0.439097731210999986
0.439011263252999995
0.439085119982999983
0.439319807931999984
0.439149561961000023
0.439377078325999981
0.438985223453000006
0.438951832927000019
0.439179926376999985
0.439102714165000019
0.438934023845999999
0.439176564263000002
0.438957001103999989
0.439140489567000025
0.439079938160999994
0.439119710770000005
0.439094470341999998
0.439011221125000017
0.439134300970999980
0.439204333747000020
0.439180064160999972
0.439225347140000000
0.439251770699000010
0.439286982356000000
0.439243609875999974
0.439122203401000000
0.439084005451000015
0.439084374328999993
0.438996540701000026
0.438987481921000011
0.438897990083999989
0.438962934919000014
0.439043032777000020
0.439202937266999993
0.439127335030000010
0.439339799425000010
0.439235132407999995
0.439205294415999981
0.439222821104999994
0.439304426533000003
0.439325671340000001
0.439024291279000001
0.439125364638000004
0.439128420929000007
0.439203689968000022
0.439412563639999976
0.439265810169999993
0.439174644702000017
0.439120373489999993
0.439252650952000001
0.439126930043000019
0.439101243560999999
0.438998233361000023
0.439218995644999999
0.439492490258000024
0.439177845949999979
0.439276668162999984
0.439222871311000018
0.439102090216999974
0.439276152729999980
0.438995035874999995
0.438902787412999984
0.438985587773000008
0.439167322329999998
0.439065773875999987
0.439280485027000012
0.439217758068999986
0.439155614157999974
0.439152526692000000
0.439064793048000002
0.439220196218000014
0.439170267853000007
0.439193039032999999
0.439057169179999984
0.439102905852999992
0.439154525725000022
0.439369423400000014
0.439345752955000002
0.439170537043999998
0.439084775264000027
0.439044380660999989
0.438952282678999994
0.439155510826000017
0.439048136265999978
0.439129946707000007
0.439207109465000023
0.439133152214000011
0.439101887031000004
0.439157682880000011
0.439145767602000026
0.439215629375000027
0.439174723460000027
0.439201456558000025
0.439300074431999976
0.439459739652000025
0.439526379276000023
0.439385546208000022
0.439120735716000021
0.439118557128999998
0.439121342611999976
0.439212568518999980
0.439098844877999994
0.438968662208000016
0.438980698090999988
0.438895499638000008
0.439059154108999983
0.439179351597999978
0.439142536756999990
0.438973685925000023
0.439077066136000005
0.438915789178000004
0.438913904355999973
0.439142088110999973
0.439142905171999998
0.439051616563000013
0.438977110452999975
0.439069467887000020
0.439237794555000005
0.439103841130999983
0.438925621637999974
0.439128342594000021
0.439048970245999981
0.439160107741999983
0.439172882247999996
0.439414287883999999
0.439228113984000024
0.439166892034999978
0.439120267647000018
0.439196370730999985
0.439116957939999997
0.439075557599999999
0.439102578367000007
0.439120300412999987
0.439160199447999999
0.439066546559999993
0.439141685454999986
0.439204682610000008
0.439121418333000002
0.438995193708999976
0.439078882918999991
0.439049301451000018
0.439041215659000006
0.439081979178000015
0.439084222533000001
0.438959807149999992
0.439082805319000014
0.439155946128999997
0.439192457965000005
0.439075672779999981
0.439222487823999974
0.439290695060000014
0.439183903252999996
0.439280858072000013
0.439280133444000020
0.439124165580000003
0.439228491148000000
0.439187309778000023
0.439338563281000016
0.439300449500000023
0.439305902478999977
0.439282487394999976
0.439087836387999975
0.439181632129999999
0.439000016646000024
0.439080355425000013
0.439142149835999973
0.438813269830000019
0.438776188665999989
0.439043616631000000
0.439182056584999980
0.439311984468000016
0.439271913015999993
0.439102420333999988
0.439074719818999981
0.439103134052999999
0.439102330047000000
0.439185214702999982
0.439227342623000006
0.439210756265000002
0.439105225498000018
0.439095604472000023
0.438999469312000012
0.439185061651000019
0.439063154336999995
0.438994728813000001
0.439152559647000007
0.439098707942000011
0.439235763188999984
0.439213197951999978
0.439173758555999993
0.439176818813000025
0.439115236247999974
0.439262983597999979
0.439307567986000014
0.439324228809999995
0.439214676939999993
0.439167598499999978
0.439100823736999990
0.439045119900999981
0.439086389673999988
0.439056865274000008
0.439032766033999988
0.438756844536999979
0.438869024544999986
0.438981284452999998
0.438806682690000005
0.438707842214999977
0.438941382998000007
0.438806283660000018
0.439031620123000010
0.438869898578999995
0.439127258126000009
0.439239332609999977
0.439214174447000005
0.439202822722999986
0.439186172867999991
0.439106246044999982
0.439167613379999988
0.439260476283000023
0.438960700255000003
0.438884767096999973
0.439070062001000017
0.439175972691000005
0.439134631019000021
0.439120276127999976
0.439268748548000021
0.439273126464999997
0.439160475868000000
0.439321740291000018
0.439286576468000012
0.439373130956999980
0.439296105250000013
0.439301728055000007
0.439393470525999974
0.439302603364999988
0.439445646312000004
0.439200516581999989
0.439117395558999979
0.439148209652999999
0.439016683808999997
0.439177765494999983
0.439105336419999992
0.438990987401999988
0.438885528545999992
0.438989524134999975
0.438851889433999998
0.439023238468999988
0.439043036195999992
0.439022171741000000
0.439036164579999999
0.439080160393999996
0.439214562064000003
0.439201703300000024
0.439114416251999984
0.439108884059000004
0.439155713346000010
0.439153124926000005
0.439117842011999993
0.439230033967000000
0.438984569722999984
0.439138187324999985
0.439036663353000012
0.438998449166000004
0.439017684063000013
0.439186452602999988
0.439267415167000019
0.439154236997000014
0.438965582580000013
0.439022305918000011
0.439039096194000000
0.439035568011000021
0.439234017518000008
0.439237079661000007
0.439223640076999988
0.439243116225999986
0.439363678729000007
0.439449908704000025
0.439087371466999998
0.439112822751999976
0.439131114707999981
0.439022816797999982
0.439123296582000000
0.439119911344000025
0.439128044175000010
0.439090308373999982
0.438921864913000004
0.439174478101000021
0.439062340458000022
0.439210780666999978
0.439212768234000017
0.439212812549000020
0.439149065918000014
0.439161627606000027
0.439110178944999985
0.439152324042999975
0.439311471201000003
0.439406793206999990
0.439294284606000007
0.439168010358000016
0.439040823144000003
0.439112465512000005
0.439317311435000024
0.439125332842000005
0.439254167480999991
0.439264359491999989
0.439144460771000000
0.439136727645000002
0.439273504784999991
0.439018814844999994
0.439137157793999977
0.439005949354000002
0.439149670403999992
0.438960026309999973
0.439117258321000015
0.439037894049000010
0.439035169843000006
0.438981759561999973
0.439167229656000024
0.439480237290000020
0.439377947815999981
0.439395245132999990
0.439251590139000003
0.438976062627000008
0.438945852719999974
0.438980856473999981
0.439042306993999987
0.439111230061999980
0.438988290587000007
0.439008733614000002
0.439148455328000009
0.439259221244999998
0.439251578088000028
0.439364753587999979
0.439296139540999997
0.439237819548999986
0.439234408224999984
0.439049989648999994
0.438924728804999997
0.438911656082999979
0.439074611492000000
0.439030855268000009
0.439077477253000004
0.439100473435000027
0.439046064703000005
0.439180799273000022
0.439169040976000014
0.439380090406999990
0.439363981994000008
0.439192999041000010
0.439355912520999980
0.439241767555999973
0.439232554428999999
0.439110098901999979
0.439129040871999998
0.439402473269999982
0.439330016606999996
0.439171893836000027
0.439223747975000023
0.439090764372999987
0.439294876985000027
0.439289453517999973
0.439225960713000019
0.439144506464999973
0.439049165708000011
0.439013398584000014
0.438951543797999999
0.438896048666000016
0.439114202959000000
0.439035317709000006
0.439511504830999988
0.439334340456999983
0.439167067884999984
0.439275015543000025
0.439335634701999989
0.439358479681999980
0.439111164865000014
0.439127712813000004
0.439147104555000001
0.439129406928999988
0.439007089477000012
0.438881199000000000
0.438981280395000006
0.439076516985999976
0.439192911971000022
0.439024563731999995
0.438932192233999985
0.439104189832000003
0.439340343222999974
0.439449276062000016
0.439332064201000017
0.439297696680000016
0.439441382609000009
0.439334013681000002
0.439436120792999985
0.439277425574999991
0.439212262385999974
0.439139361906999981
0.439161391238000021
0.439101277640999987
0.439020283377999976
0.438994285983999977
0.439141000735000009
0.439253061213999985
0.439144446723999993
0.439214771767000023
0.439105146200000018
0.439013497169000011
0.439124153008000007
0.438981456473999998
0.438887316460999988
0.439083552483000017
0.439136086408999982
0.439205101059000014
0.439060851340999980
0.439110633673000017
0.439041407897000024
0.439200027285999994
0.439080755305000014
0.439095404698999991
0.439161411403000024
0.439441102262000005
0.439275881470999996
0.439032736844999993
0.439021887614999995
0.439100235156999974
0.439099003933999976
0.439218853676999976
0.438979752843999982
0.439316702408000026
0.439108871815000024
0.439187976355000009
0.439065223388000025
0.439125656701999989
0.438936880736999990
0.438891524435000013
0.439144055679999978
0.438992900369999994
0.439218815245999983
0.439060858338999993
0.439128465113000022
0.439130659724999983
0.439081462879000017
0.439321259550000009
0.439278802395999979
0.439308082893999974
0.439031488658000013
0.439065447004000020
0.439143162117999974
0.439070348797999999
0.439198055719999980
0.439118228604999994
0.439198713663999984
0.439117449306999974
0.439031668094999994
0.439148707151000017
0.439153324863999994
0.439378424711000026
0.439189441178999995
0.439280924327000000
0.439049405256000003
0.439045198686000004
0.439068331804999989
0.439097805748999981
0.439111652565999988
0.438916137049999988
0.439069907568999995
0.438999830844999994
0.439058804372000011
0.439109079969000005
0.439089589622999987
0.439264325783999987
0.439236015051000017
0.439137316278999990
0.439057067312999982
0.439020029026000014
0.439147584016999992
0.439216648714999991
0.439327724861000024
0.439176551394000025
0.439390238403000011
0.439375316479000022
0.439330505443000008
0.439279223426999987
0.439352445320000007
0.439177978734999974
0.439173508476999985
0.439266339163000008
0.439219260489999985
0.439230389193999982
0.439015089992000007
0.439057179937999975
0.439059000420000012
0.438874226001000012
0.438866221504999987
0.439121454771999986
0.439179729384000017
0.438981132559999987
0.438957392047999995
0.438991765714999982
0.439007983248000000
0.438938894844000005
0.439190746650000019
0.439114402477999988
0.439118811423000022
0.438997193497000004
0.439158708050999991
0.439350153271999999
0.439276598040999999
0.439264042169999980
0.439334682452000025
0.439253114956000001
0.439097963250999979
0.439179057596999989
0.439219065424999999
0.439223543657999982
0.439310513442999984
0.439193291932999996
0.439190740432999993
0.439349795069000015
0.438848009097999980
0.438813509967000026
0.439093714267999979
0.439184278012999973
0.439192264571000024
0.439188934257999986
0.439146307470999975
0.438931218061999973
0.439079250736999993
0.439255020704000021
0.439262343901999974
0.439137305992999993
0.439188338306000015
0.439156530297000025
0.439357995662999989
0.439246651534999977
0.439184137488999982
0.439286243892999972
0.439004758672000006
0.438808628613000018
0.439087371137000027
0.439089630163000011
0.439109590772000014
0.439250480828000001
0.439115570683999978
0.439189801187000017
0.439202605605000018
0.439243889767999995
0.439094756726000013
0.439052202790999990
0.439046133792000026
0.438862056489000008
0.438825500987999995
0.439008374503999987
0.439084819687000028
0.439096952629000004
0.439139097718000027
0.438937546429000014
0.438959841701999975
0.438862584494000008
0.438975037318000028
0.439068170071999997
0.438981169507999980
0.439172503430000027
0.439094635519999998
0.438974539125999985
0.438912841629999995
0.438975941578000017
0.438890139239999977
0.439095845425999998
0.439084446788999994
0.438933460509000006
0.439006872228000000
0.439248655584999981
0.439160570412999995
0.439319134406000011
0.439275187627999997
0.439186439463000011
0.439115385937000002
0.439148289064999975
0.439173912941000000
0.439087684791000021
0.439102809521999982
0.439229167884999994
0.439150683325999991
0.439118297940999991
0.439025392525999980
0.439092499166000017
0.439164420900000019
0.439214590399999993
0.439226347620000013
0.439152029735000005
0.439167437501000013
0.439150415956000018
0.439087057471999997
0.439147362398999985
0.439253382746000010
0.439268135557999984
0.439050242435999993
0.439145567914000001
0.439221136148999991
0.439130270536999989
0.439277057718000019
0.439359265684000022
0.439241213806000008
0.439233510438000019
0.439453047232999994
0.439326409824000008
0.439132877101000019
0.439059391693999990
0.439196770778000012
0.439266135999999974
0.439201823820000004
0.439079529269999991
0.439138528319000021
0.439282376319000023
0.439417461645000007
0.439144056629000024
0.438995248850000019
0.439031623897999990
0.439035106885000026
0.438813839476000001
0.438853673238000008
0.439020211192000021
0.439098628431000004
0.439062930753000014
0.438997187608999972
0.438881685635000018
0.438934319352999980
0.438908240163999985
0.439018693542999994
0.438917599710999973
0.438946799890999995
0.439101114422999983
0.439098267511000007
0.439118483918999991
0.439173800479999987
0.439111939663999973
0.439026991174000014
0.439112332230999991
0.439034681516999981
0.439095303104000023
0.439103379319999987
0.439364729210000027
0.439312001725000012
0.438968791375999978
0.438989515788999973
0.438820287847000001
0.439083532554000011
0.439186387166000003
0.439119302451999982
0.438869561494000027
0.439081311761999993
0.438969052967999984
0.439006834002000024
0.439036990683000006
0.439052426386999983
0.439271914124999996
0.439191953021999981
0.439025384010000019
0.439009853145999995
0.439037932276999998
0.439258611394999998
0.439316477586000009
0.439540480720000015
0.439371341987000008
0.439321989221000020
0.439115359017999973
0.439137792402000016
0.438835877686000020
0.438871028639000016
0.439032190561000013
0.439208157960000012
0.439279472519999992
0.439211934091000011
0.439201001561999982
0.439225256524000018
0.439355465617000007
0.439467530135000006
0.439257739985999984
0.439317676184000028
0.439118396123999999
0.439187996854999985
0.439196414603000018
0.439105237671000015
0.439234553380000003
0.439142455513999996
0.439009195429000021
0.439247527886000022
0.439376509693000017
0.439320212581999991
0.439256791902000010
0.439306369317999990
0.439086856181000018
0.439026033975000007
0.439259459976000022
0.439230097288999977
0.439122179456999995
0.439197962301999978
0.439164055996000002
0.439118784621000013
0.439268144277999983
0.438947878745000020
0.438867412726999973
0.438994315311000027
0.439141239500000002
0.439070084543000005
0.439232140072999988
0.439066077358999995
0.439024347949000027
0.438718998023999995
0.438862117230000015
0.438883252371000010
0.439111728922000011
0.439184619812000021
0.439165817216999987
0.439277772070999994
0.439053091010999985
0.439032699517000025
0.439007590825000016
0.439098462621999974
0.438898320866000002
0.439119393922000001
0.439210036352999988
0.439064479080999992
0.439122387215999999
0.439048262299999992
0.439142822516999987
0.439221075138000017
0.439244740355999974
0.439134291306999991
0.438962159615999992
0.439018943661000027
0.439006686536000001
0.439073199143000026
0.439274556611999989
0.439409172040000018
0.439107858304000009
0.439309378410999984
0.438956175401000015
0.439051049389000025
0.439343906567000009
0.439114854685999978
0.439099629937000024
0.439227237905999990
0.439260494331999984
0.439242250343999996
0.439131630383000016
0.439134112434000023
0.439177439607000009
0.439149568115999978
0.439215095876999972
0.439327052408999996
0.439294288651999987
0.439365065193999982
0.439146973707000010
0.439261608954999994
0.439096417691999974
0.439100335996999991
0.439304489206000015
0.439223069766000007
0.439223450540000004
0.439319343214999991
0.439135444174000023
0.439159956189999978
0.439074775774999981
0.439196751612999980
0.439091449289999991
0.439065299409999998
0.438872201482000013
0.439132664389000005
0.439135170726999979
0.439061231626000026
0.439042064743999982
0.439113199785999997
0.439037980534000005
0.439086620245000003
0.439021231677000023
0.439064587447999977
0.438961141328000015
0.439244861697000000
0.439137707777000008
0.439039631744000014
0.439190936462000026
0.439212131118999982
0.439065539122000026
0.438980083412000011
0.439126162877999993
0.439051061535000009
0.439052572764999982
0.439012196163000024
0.438852336791999975
0.439037625704000012
0.439140366309999974
0.439096484003999976
0.439083681875000020
0.439188591397999983
0.438972412867000006
0.439008729518999996
0.439012912046999992
0.439102042784000002
0.438955539856999977
0.439046576066999983
0.439172968576000022
0.439173943143000012
0.438977084489000025
0.439041346539999988
0.439311476252999988
0.439377470129000025
0.439200963414999979
0.439213710166000026
0.439212197108000024
0.439300031141000025
0.439282377629999998
0.439326745073999991
0.439175524998000000
0.439066547832999976
0.439220086673999977
0.439096697972000016
0.438957206546999990
0.439115401244999981
0.439124548667000014
0.439122167176999978
0.439083809587999974
0.439333212846999999
0.439330662837999986
0.439260261699000010
0.439232710944000015
0.439167066597000000
0.439055929748000007
0.439132252000999979
0.439066013084000006
0.439057334661999976
0.439097679515999983
0.438846333478999984
0.438976248170000027
0.439270399949000023
0.439331525060000005
0.439243729116000015
0.439261408349000015
0.439090214696999992
0.439165970434000019
0.439087648193999980
0.439009394070999981
0.439096056979999982
0.439078414867999978
0.439023207420999984
0.438798810990999988
0.439081686566999974
0.439084672096999973
0.439163618249000021
0.439012235829999986
0.438963098461999990
0.439139601358000009
0.439173753206999973
0.438959799249000027
0.439153125262000010
0.439163379798999998
0.439142159443999980
0.439056896119000006
0.439139727533999991
0.439192981628000023
0.439028500913999975
0.438952365141999978
0.438944780802999979
0.438924268110999993
0.438829459593999993
0.439094894791999979
0.439032863479999980
0.439243290785999996
0.439200317622000014
0.439273142748000001
0.439256029320999997
0.439033609988999984
0.439075151935000019
0.439120409473000017
0.439067314840000000
0.439329393178000016
0.439127676816000012
0.438878656752999974
0.439104829649999973
0.439238696764999992
0.438909371644999990
0.439090305825000027
0.439058141048000006
0.439247165526999994
0.439129564257000005
0.439097646951000009
0.439063172755000009
0.439165997375000006
0.439300893942999982
0.439449141165999979
0.439379463171999995
0.439397837002000025
0.439096674906000017
0.439192632535000016
0.439046218759999995
0.439013025948999991
0.439247177315999993
0.439243965046999973
0.439242399341000012
0.439318732942000023
0.439178439792999975
0.439193315867000000
0.439221046319999975
0.439526599126000006
0.439320585024999988
0.439117046894999974
0.439183683032999983
0.439045883327999986
0.439060478468000004
0.439116338933000006
0.439043988361000004
0.439097046348999986
0.439104686977999981
0.438991825837000027
0.439035612291000021
0.438869253582999996
0.439040935341000027
0.438982896785000021
0.439004383963000011
0.438977654115999982
0.438944204993999998
0.439035381667999991
0.438926695789000010
0.438943550236999991
0.439000528173999982
0.439121272472999979
0.439044201834999981
0.439231010995000004
0.439276547133000017
0.439223511620000007
0.439252764706999976
0.439283599786000012
0.439280863806999988
0.439387665184999998
0.439365857929999992
0.439283767458000018
0.439158106750999977
0.439074246609000018
0.439132043515000015
0.439133009736000002
0.439075381104999996
0.439327465139999984
0.439370474286999990
0.439349209743000013
0.439272568616000003
0.439459724198999979
0.439232878657999981
0.439262999129999998
0.439238069723000002
0.439066535538000013
0.438918445170000004
0.438896010246000001
0.439213790064999998
0.439234357267999975
0.439228464958999976
0.439282882396999974
0.439081510946000009
0.439002237176000010
0.438993636959000011
0.439119314909000025
0.439202441210999994
0.439231584818000009
0.439156023796999972
0.438993623787999998
0.439127295538000006
0.439053111498000026
0.439020082184000016
0.439036331514000011
0.439149090545999987
0.439073520255000016
0.439310491736999986
0.439049466562999979
0.438974733231999981
0.438820793922999997
0.438723958937999980
0.438930748737999976
0.438968962858000022
0.438978305068999985
0.438891702830000008
0.438934292396000014
0.439162950263000007
0.439011685963999976
0.438903305982000003
0.439101061550000005
0.439147391238000007
0.439246903665999999
0.439290993369999994
0.439141984114000017
0.439116281328999991
0.439015681413999992
0.439117110786000020
0.439108272523999976
0.439221827820000021
0.439395993860000000
0.439365426517999980
0.439050499325000010
0.439021056379999997
0.439107803214999981
0.438987626211000015
0.439104326084000018
0.439199758260000017
0.439380900758999993
0.439249334094999999
0.439067173975000002
0.439005036745999999
0.439106934226000001
0.439190670926000004
0.439203573670999992
0.439138995061000015
0.438916403027000024
0.439125766769999981
0.439197689203000008
0.438932433474999995
0.439082289494000022
0.439247571647999990
0.439150397086000011
0.439352943162999998
0.439314048718999983
0.439027936321000012
0.439141221231000023
0.439148888130000026
0.438925815885999993
0.439205071575999972
0.439026741243000007
0.439079804588000000
0.439079679504000009
0.439019898981000023
0.438828153235000018
0.438934038287000006
0.439079202662999990
0.439029998134999988
0.439143578782999977
0.439175854894000017
0.439279999518999986
0.439294536720000017
0.439232314051999972
0.439157896198999975
0.439207941160000004
0.438953738955000006
0.439046187282000011
0.439188808533999997
0.439217242216000003
0.439318278936000006
0.439238562175000014
0.439263322494999997
0.439056256521999977
0.439336016770000004
0.439242359533999982
0.439308503803999995
0.439296207272000028
0.439058463389999987
0.439282478736000015
0.439128918199000018
0.439147291350000024
0.439147617272000024
0.439152366989000009
0.439168883873000016
0.439104986714000001
0.439102052394999998
0.439066188440999983
0.439171634081999995
0.439108115528999976
0.439032689824000011
0.439109045252000008
0.438907099610000018
0.439113000387000019
0.439109056263000008
0.438989337709000005
0.439014888572999973
0.439107589214999983
0.439046612338000020
0.439174623152000010
0.439218263730000003
0.439122371020000013
0.438914797877999974
0.438846037277000001
0.438806366275000026
0.438895381733000023
0.439057103567999985
0.438744427943999982
0.438890847237000004
0.438865121570000016
0.438987615592999980
0.438926701897000004
0.438878810220000026
0.439107360818999981
0.438990061265000009
0.439234660506000019
0.439357916899000001
0.439281757469000000
0.439176036306999973
0.439404752424999989
0.439399242916000021
0.439171756904999988
0.439011311093999990
0.438820613769999979
0.439080786747000018
0.439145104846000001
0.439240473410999976
0.438972529552000001
0.439010159203999994
0.439217577874999987
0.439065878533999976
0.439156222313000000
0.439228085592999973
0.439193566792999979
0.438961148257000000
0.438948727295000007
0.439104982483000006
0.439211915105000017
0.439444680091000017
0.439159401389999982
0.439021032415999990
0.439269876037000018
0.439276067902000023
0.439195445021999975
0.439105448256999986
0.439208139175000012
0.439025390058999987
0.439188569701999987
0.439119619021999974
0.439142496855000009
0.439245749550000009
0.439379869842000004
0.439192578216999974
0.439147110288000020
0.439058292730999999
0.439040251192999997
0.438877939529000005
0.439018032935000024
0.439018954231999992
0.439064390721000009
0.439071394851999974
0.438897235539999986
0.439087329573000007
0.439044651359999982
0.438892109950999976
0.438871286613999989
0.439215009609000007
0.438955159360999991
0.439046393864999995
0.439205233176000021
0.438956189423999998
0.438786181474000003
0.439024439857000015
0.439151523370000019
0.439012951423999986
0.439055354730999992
0.438956816407999995
0.438991344467000000
0.439100601061999996
0.439134019752000004
0.439080854093999995
0.439111524229000016
0.439219150389999979
0.439086664871000010
0.439267419167000017
0.439023983620999980
0.439047333260000006
0.438871424557000012
0.438938246289000022
0.438914692050999977
0.439042434691000016
0.439148436543999987
0.439126478366999973
0.439101878135000012
0.438953639687000019
0.439179518579000006
0.439201935220000006
0.439183921305000002
0.439090676680999992
0.439074304068000021
0.439026005200999991
0.439030506441000001
0.438937884667000011
0.438829452991000013
0.439063291179000004
0.438969900846000016
0.439011858299000024
0.439052196717000021
0.439086727592000015
0.438928593558000013
0.439036365955000007
0.439010820555000014
0.439028404701000019
0.439254474248000015
0.439128436414000012
0.439229793004999980
0.439126126660000005
0.439087644486000017
0.438960134810999991
0.438930379184999997
0.439234757902999984
0.439102229951000012
0.439276988573000016
0.439064184676999980
0.439018801148000015
0.439175641474000011
0.439177904486000026
0.439284117982000011
0.439277661265999986
0.439311410883000020
0.439219154295000025
0.439416597071999981
0.439319333756000019
0.439104674147999974
0.439147597198999984
0.439213991372000012
0.439122181386999988
0.439257129651999978
0.439207998488999996
0.439161829765000011
0.439141953959000020
0.439095935296999973
0.439007485669999975
0.439222683777000023
0.439251941054000006
0.439238966334999981
0.439277237724999992
0.439299777062999997
0.439136543867999996
0.439077324870000008
0.439184323250000008
0.439151824899000010
0.439188868148000011
0.439398869949000015
0.439231201815000027
0.439249433854999982
0.439077266989000015
0.439111851998000013
0.439220883778000004
0.439145026398000016
0.439175008036000014
0.438962585660999993
0.438908928117999975
0.438949890068000004
0.438915202113999980
0.439093086217999973
0.439157951725999973
0.439118917222000027
0.439014503030000003
0.438987050051000027
0.439108746009999995
0.439108589190000009
0.438930300774000026
0.439022826525000021
0.439118477956999986
0.439152034204000008
0.439090376333999999
0.439077830975000027
0.439311060511999973
0.439181320802000008
0.439237920251000002
0.439264129266999981
0.439228466526000005
0.439166638760999983
0.439073064412999980
0.438993754254000002
0.439063589994000025
0.439002329264999991
0.438995277417000007
0.438958494653000020
0.439044006636999995
0.439080286897999994
0.439111043935999978
0.439008977823000024
0.439115143408999986
0.439097966833999986
0.439141974508000021
0.439045734944000010
0.439044938127000017
0.439212309462000017
0.439196315693999972
0.439070779919999987
0.439098026676999986
0.439042608208999985
0.439106314968999989
0.439183391799999989
0.439097917695000006
0.439146572281000014
0.439015093660000022
0.438946101332000016
0.439055024841000008
0.438939548580999983
0.439015124034000004
0.439092420377000026
0.439094012282999990
0.439215952771999985
0.439210199939000012
0.439220864421999979
0.439173570414999992
0.439140078190999983
0.439117745637000012
0.439149609157000020
0.439106867740000018
0.439180577904000002
0.439159729205000016
0.439072397602000009
0.438997422339000021
0.439016521366999979
0.439232118793000004
0.439131417497999998
0.439223571684000003
0.439254667032000001
0.439237520975000018
0.439472335812999992
0.439159191891000000
0.439035595966000003
0.438911027409999988
0.438922558143999997
0.439227126743999996
0.439198889729999986
0.439216011583999977
0.439195049775000013
0.439025835789000007
0.439068507858000001
0.439091937501999985
0.439026888903999990
0.438955279332999992
0.439124424256000012
0.439159001095999979
0.439110145640999983
0.439242515738999972
0.439276007618999986
0.439545085157000026
0.439298461493000003
0.439335000935999975
0.439285422131000025
0.439143126705999975
0.438949105863000011
0.438927142867000020
0.438920731828999988
0.438979763434000025
0.439121065731000015
0.438902523217000018
0.439145373745999990
0.439087801762999996
0.439027671386000018
0.439041528103999990
0.438908123438999986
0.438930344443999976
0.439088629645000006
0.439238815590999976
0.439282643332999989
0.439183364289000011
0.439164292115000021
0.439045270679999988
0.439065849514000017
0.439284668877000017
0.439136013365000022
0.439162767063999981
0.439046861351000017
0.439151564946999973
0.439008916886000022
0.438980677170999978
0.439036295113000019
0.439140844103000028
0.439041006444000015
0.439114514309000004
0.439079296479000014
0.439198312335000007
0.439100273037999977
0.439185386527000010
0.439093662429999976
0.439124105167000012
0.439124702829000013
0.439275718992999997
0.439307699634999993
0.439279371829999987
0.439357102293999990
0.439236648592999990
0.439122798872000009
0.439128680157999995
0.439154263152999991
0.439280328105000006
0.439210397495000016
0.439108464033000023
0.439037476749999989
0.438992249916999977
0.439084479126999994
0.439278910445999982
0.439209992822000017
0.439170572884999999
0.439201257457999983
0.439283684416999998
0.439326142729000002
0.438958113960000007
0.439000933373000002
0.439242312936000023
0.439307264342000015
0.439307846757000020
0.439256252934999980
0.439086365023000025
0.438983513569000006
0.439025656855000002
0.439099943195999987
0.438998497365999996
0.438856310109999981
0.438865302434000015
0.438934993252000027
0.439097396979000021
0.439063948262000014
0.439125743911000010
0.438927679652000025
0.438915446965000011
0.439102755096999975
0.439189646363999986
0.439176398269999990
0.439280402040999995
0.439053697231000017
0.439222677165999997
0.439023633540000013
0.438901159802999985
0.438887326999999994
0.439045391770000015
0.438894143364000011
0.439084939539999997
0.439161899595999994
0.439296773540000018
0.439231485970000002
0.439411155903999984
0.439313982674000014
0.439244254574000015
0.439201571936999990
0.439226971442999992
0.439364172788999974
0.439294638615000010
0.439238694563999998
0.439338783954000001
0.439424375678000023
0.439335922774999998
0.439422473295000005
0.439388599288999981
0.439138318728999999
0.439149017600000025
0.439333203590999977
0.439297704532999989
0.439197745671999984
0.439196049837999980
0.439155344800000014
0.439270180459999993
0.439075713651000010
0.439179940903999977
0.439190463826999999
0.439033621877000013
0.438851782224000009
0.438929252659000013
0.438974558630000011
0.439195555010000016
0.439078438946000016
0.439112726866000003
0.439091222886999977
0.438956001714999988
0.439076259023000015
0.439093956098000004
0.439072372009000012
0.439111613587000016
0.439213693555999984
0.439281038515000000
0.438944518790999993
0.438888289910000007
0.438996994789999984
0.439096996053999988
0.438911819260999980
0.438870906371999991
0.439075108579999984
0.439357491549999979
0.439276677012000016
0.439047164210999985
0.438843095276999995
0.438963623497000022
0.439029334085000000
0.439241925538999989
0.439282461032000027
0.439005241797000012
0.439204466367999979
0.439098606788000001
0.439114739628000017
0.438937180825999973
0.439108307646999985
0.439099819128999980
0.439244123925999985
0.439048627867999974
0.439201559886999993
0.439055621928999995
0.438998303548000013
0.439103882522999978
0.439026799803000023
0.439095526155000027
0.439152756420000012
0.439014353670000024
0.439315876481999990
0.439223455202999991
0.439341987431999981
0.439177139526000015
0.439123907844000017
0.439047769324000026
0.438968849857000021
0.438960312354000015
0.438938692204999981
0.438761116881000002
0.438940851266999998
0.439083939355999986
0.439110847252999981
0.439060989582999994
0.439086848472000024
0.439152124034000002
0.439109031882999989
0.439218532521999994
0.439143294282999974
0.439130108161000010
0.439227976838000023
0.439141357359000006
0.439083450149000021
0.438885621210999999
0.439215325478999996
0.439400488621000007
0.439130966475999973
0.439201447457999994
0.439323895743000015
0.439311518025999992
0.439420342005000020
0.439309596332000007
0.439397039245999987
0.439227354615000010
0.439228597235999996
0.439190511885000023
0.439253430542000001
0.439099683091000004
0.439073641474999998
0.439022317670999973
0.439058610414999995
0.439061757617999981
0.439021535936999996
0.438997323270999995
0.439195991180000023
0.439107787354000023
0.439158965268000023
0.439197143306000015
0.439069754154999992
0.439104915834999998
0.439212937134999981
0.439070674255000015
0.439126214954000005
0.439290322898999996
0.439267662577999984
0.439239292504000012
0.439220718569000024
0.439176637109000012
0.439288655583999987
0.439258193337999980
0.438953893839000020
0.438909299819000009
0.439077878382000020
0.439102509960999976
0.439148736500000025
0.439116852546000025
0.439095489268000017
0.439193852398000018
0.439121346733999995
0.439172467517999987
0.439128836861000016
0.439109267249999990
0.439046474307000001
0.438933304282999981
0.438995621158999982
0.439167836393000000
0.439227007527000002
0.439478889920999982
0.439032770999000010
0.439021328516000009
0.439141158197000003
0.439238987518000001
0.439149751493999985
0.439057256522000006
0.439015625951000021
0.439112317472000024
0.439256718430000026
0.439086310975999983
0.439157084871000025
0.439007541456000017
0.438905965860000025
0.439014211817000011
0.438997696596000020
0.439097927938999988
0.439053427311999978
0.439054362575000023
0.439098843780000025
0.439129048979999992
0.439017421924000006
0.438973795000000000
0.439014194628000010
0.438963374256999994
0.439022117601999995
0.438953539323000019
0.438973195691000018
0.438962916204999998
0.439048595589000001
0.439016305584000011
0.439170850890000020
0.439169730531999980
0.439270777720999983
0.439142636631000005
0.439026206666999985
0.438850510051000009
0.438948073679999995
0.438924513512000014
0.439061554746000005
0.439111867200000006
0.439271465994999999
0.439215957744999996
0.439195444652000000
0.439094895659999984
0.439212811132000003
0.439108335673000005
0.439148006004000002
0.439225260195000022
0.439214234087999977
0.439211960904999976
0.439295670467000021
0.439302944535000017
0.439499495035999999
0.439263224502000005
0.439415106790999987
0.439558921014000015
0.439234705946000004
0.439114611544999978
0.439304113142000019
0.439198577033000026
0.439119003291999987
0.439068209707000001
0.439005182624000012
0.439092005110999994
0.439136227830000003
0.439140576715999986
0.438973202381000016
0.439259763615999999
0.439220393794000019
0.439014471510999982
0.439014432514999997
0.439133648270000010
0.439255999178999990
0.439199129859999982
0.439184329812000007
0.439157649039999987
0.439304219820999986
0.439173315627999994
0.439398881041000000
0.439181123544999996
0.439062342376000003
0.439140715976000018
0.439142018350999974
0.439068667199999985
0.438940660219000023
0.439195222350000025
0.439344572105999975
0.439286454584999986
0.439178515574999984
0.439240583843000021
0.439202302905000008
0.439367268832000002
0.439140853587000002
0.438969240254000026
0.438870271701000014
0.438804356649000027
0.438934015248000020
0.438873897788000011
0.439065048800000024
0.439007220317999991
0.439154402946000000
0.439048670824000009
0.439184777221000022
0.439204461197999996
0.439273449536999983
0.439066749920999977
0.439016194558000006
0.438963923352999996
0.439162775770999991
0.439124859420999991
0.439185264916999996
0.439051038620000000
0.439134402869000018
0.439064728660999992
0.439148149874000027
0.439170415932000013
0.439012843814999998
0.438987169595999982
0.439013962189000018
0.439075096328999992
0.439178392882999979
0.439175403671999975
0.439315924247000000
0.439208107233000022
0.439265708162999979
0.438998160816999994
0.439051051498999978
0.439082408721000017
0.439126488024999984
0.439002215013000019
0.439004972779000024
0.439180043578999979
0.439069363744000019
0.439118039756999978
0.438928085738000018
0.439118875337000003
0.439395901352000018
0.439294484835999977
0.439131238445000016
0.438845795779999992
0.438979759985999973
0.439062465497999987
0.439163417589999994
0.439118777921999992
0.439196045860999973
0.439025603528999997
0.439115202392000026
0.439332457936000009
0.439245256116000016
0.439303346656999993
0.439173599129999981
0.439184416731999983
0.438980217241999982
0.438886724823000007
0.439147532728999979
0.439140082235999984
0.439105091956999982
0.439019714045000009
0.438959919543000010
0.438936756461999977
0.438913408951000006
0.438914344698000003
0.438990045865999989
0.438843608740999980
0.438721334771999982
0.438848888223999978
0.438972366027999994
0.438798962490999978
0.438731943372999977
0.438990645720000017
0.439024990484999988
0.439062042722000001
0.439294891949000010
0.439315586974000027
0.439250715839999972
0.439417561855000027
0.439149271898000015
0.439261167873999991
0.439215070358000004
0.439203717375000025
0.439106294926000007
0.439097642402999977
0.439004235360999973
0.439210624112999992
0.439093989984999988
0.439252120063999996
0.439202944122999983
0.439237266552999994
0.439308608079999996
0.439224645583999984
0.439246021608000026
0.439195372846000021
0.439325635004999993
0.439333344194999975
0.439114829219000025
0.439177838167999990
0.439233023694000024
0.438970227135999980
0.438828681155999989
0.438844293195000013
0.439014600546000000
0.439151982165000010
0.439155635980000014
0.439036065669999975
0.438912239008000027
0.438850305642000005
0.438983724307000001
0.439005455850000004
0.439073493797999981
0.439023729987999989
0.438928129341999984
0.438985118373000027
0.438845876763999998
0.439003237516000011
0.438885333052999982
0.439147230624999996
0.439097357758999995
0.439393233840999986
0.439268854932000019
0.439197105605000027
0.439153784273999981
0.439072142931999976
0.439138110829000006
0.438967457695000007
0.439089011716000011
0.439142030442999987
0.439037962537999982
0.439087885683000001
0.439068902139000017
0.439067254096000004
0.439125570635999996
0.439116553507000018
0.439107349551000004
0.439198796303000016
0.439176153251999990
0.439106449376999997
0.439173198618000027
0.439127705611000008
0.439099979663000017
0.439081889720999985
0.439149317006999995
0.439120980955000018
0.439273408611000005
0.439139290266000015
0.439457694700999990
0.439177701982000013
0.439150173189999993
0.439257970878000004
0.439165357747999974
0.439182874183000005
0.439169092091000024
0.439067103324999986
0.439132567783000027
0.439308118420000004
0.439029011648999989
0.439093313129000018
0.439135065193999974
0.439126065755000017
0.439094686816999979
0.439147598053999999
0.439154089803000025
0.438865149211000005
0.438865950911999980
0.438821920302999990
0.438967692241000018
0.438900289581000025
0.438967304176999973
0.438955440789999984
0.438869812061999987
0.438968608686999995
0.439060670433000011
0.439168196018999979
0.439169636937000007
0.439266821837999977
0.439105699959000007
0.439268284481000026
0.439311027174000002
0.439115280503000027
0.439272118641000020
0.439201160827999981
0.439160603195999977
0.439146194973999981
0.439223530744999979
0.439314306122000009
0.439184278915000004
0.439232313985000011
0.439043114687000025
0.439097334918999993
0.439135578766999990
0.439405483029999988
0.439299192941999983
0.439235394203000007
0.439281074388999992
0.439207777876000016
0.439326643966999997
0.439096180873000008
0.439003771875000004
0.439158669158000003
0.439052164671999978
0.439015878437000018
0.438930746365999991
0.439226622923000021
0.439092976414000025
0.439170120379999973
0.439047302104000003
0.439112723348999978
0.439207125814999988
0.439293704175999999
0.439017079197000004
0.438986231027000018
0.439194581847999976
0.438982968226000025
0.439034967128999976
0.439142133230000009
0.439147437395000007
0.439069371275999987
0.438826340924000025
0.438900071246000001
0.439138420985000000
0.439099608613999992
0.439269056160999982
0.439001268579000015
0.439165214174999985
0.438968772236999982
0.438990355529999987
0.439048157080999979
0.439193793705000002
0.439043445581000003
0.439100593714000009
0.439274119086000003
0.439341976030000025
0.439307648516000016
0.439224529565000021
0.439348450067999996
0.439141272084999978
0.439149121649999974
0.439071619761999987
0.438899741038000002
0.439154748372000026
0.439228796841000024
0.439243613799000010
0.439190616734999983
0.439172623288999975
0.439400074538999985
0.439199072197999973
0.439102353602999984
0.439269490518999994
0.439035202979999983
0.439040549609000019
0.439047711504000016
0.439180074852999980
0.439099663824000008
0.438994257828000001
0.439066658067000015
0.439178617739000021
0.438983185589000013
0.439060798563999988
0.439025421784000003
0.438904025950999976
0.439009260786000000
0.439170433811999994
0.439038826531000015
0.439082022469000022
0.438958704490000018
0.439109088905000000
0.439225422377000019
0.438949345785999978
0.438948678511000001
0.439032518940000005
0.439102654819000016
0.439128116474999997
0.439018455816999997
0.439009387894000014
0.439126835554999984
0.439030278542999974
0.439100104681000025
0.439060298801999982
0.439047471716999982
