0.440700411948000026
0.440738847017000002
0.440510466094999997
0.440551391906000012
0.440569614060000003
0.440632814142999985
0.440458517867999999
0.440461489423999986
0.440600378244999979
0.440522194370000009
0.440594940182999995
0.440793129015999985
0.440848164588000024
0.440817321096000025
0.440691173572999972
0.440652108423000011
0.440703388034999977
0.440539429551999984
0.440701799913000014
0.440697895910000026
0.440633271983000008
0.440713245360000005
0.440468613973000023
0.440403449775000011
0.440504966481000015
0.440485301044999999
0.440725906777999998
0.440888264862999979
0.440878255172000022
0.440904893159999978
0.440701162097999977
0.440643656672000006
0.441024559631999991
0.440844857385999989
0.440757930430999978
0.440691083815999973
0.440741711355000010
0.440858895031000009
0.440528848493999980
0.440634962540999986
0.440631035023999973
0.440828617275999979
0.440669627186999979
0.440647902774000011
0.440814015803999981
0.440898635953999973
0.440990014170999978
0.440758956929000023
0.440779758199999983
0.440718798961000024
0.440741531249000007
0.440477737664000002
0.440706023926999979
0.440705841250999986
0.440585125267999977
0.440748894241000000
0.440908909545000005
0.440827896514000006
0.440718053775000007
0.440803480108000023
0.440763830141999990
0.440716935164000012
0.440801274128999998
0.440978926938000004
0.440812304810000000
0.440793652262000013
0.440746512490000020
0.440787652899999993
0.440818062349999984
0.440751487246999973
0.440695223457000018
0.440668989291000013
0.440788286001000007
0.440678121096999997
0.440709234233999991
0.440820682410999976
0.440794534796000004
0.440913468967999989
0.440898710500999991
0.440750201329000002
0.440703258631000017
0.440730312005999991
0.440509701468999981
0.440729637364999982
0.440618523039999987
0.440778269296000003
0.440899949497999988
0.440756788786999976
0.440699288025000024
0.440623426874000024
0.440795277383999984
0.440683532642999976
0.440659623145999990
0.440532335424999977
0.440771095807000024
0.440778310984999977
0.440680685123000015
0.440813088103999995
0.440661854474000025
0.440820971383000026
0.440915689291999979
0.440900049035999997
0.441003295718000010
0.440979540311000007
0.440841948300000008
0.440657379823999995
0.440627402602999985
0.440713144067999996
0.440985875084000001
0.440858882946999986
0.440825246213999988
0.440879691893000025
0.440847726634999992
0.440798955852000018
0.440905979886999977
0.440870224347000017
0.440877285092000026
0.440688854542000019
0.440475505406999979
0.440636514257000012
0.440720461993000023
0.440650891072999984
0.440746182696000022
0.440926012287999991
0.441075631859000006
0.440660943387000015
0.440852220936000017
0.440775201900000024
0.440738585670999994
0.440453790100999998
0.440582121717000008
0.440698026021000000
0.440754240876000014
0.440836745570000021
0.440813204786999979
0.440887057139000005
0.440692689746000010
0.440790140704000022
0.440468386759999997
0.440507615578999978
0.440669546723000016
0.440685730612999982
0.440831240597000018
0.440798611185000022
0.440976652826000015
0.440845450216000023
0.440666979615999987
0.440664073205999984
0.440674115247999987
0.440984236831999998
0.440782530798999983
0.440725411289000002
0.440683166304000007
0.440777933672000022
0.440677331512000003
0.440788246280000018
0.440785729352000000
0.440838219222999983
0.440884183189000023
0.440844268382000026
0.440723088709999988
0.440721089801999977
0.440777104109000006
0.440823369284999989
0.440740993274000015
0.440599726465000008
0.440620928119999977
0.440653391095000013
0.440670609303000005
0.440344044343999985
0.440575826770999990
0.440525889840999996
0.440748595740000026
0.440711463397000014
0.441017985260000023
0.440768346985000004
0.440884206466000017
0.440775311311000006
0.440841744556000004
0.440830939997999993
0.440606305876000026
0.440780304118999988
0.440830787956999981
0.440618622457000009
0.440619468986000018
0.440826110742000010
0.440735627023999987
0.440693588984999995
0.440665362449999987
0.440669341262000025
0.440752843840000019
0.440669107422999973
0.440761406535000011
0.440751727044000008
0.440704982909000009
0.440736785098999995
0.440692027496000005
0.440655211157999993
0.440639225565999992
0.440658517134000005
0.440654230593999996
0.440919457367999978
0.441001855722999991
0.440823271314000009
0.440631195767999972
0.440579337552000017
0.440623268457999984
0.440666758759000021
0.440810083695000021
0.440730939109999997
0.440704922933999987
0.440744846442000016
0.440737760151000024
0.440855578435000006
0.440886446114999997
0.440891685889000018
0.440748602667000000
0.440611802842000022
0.440638537817000020
0.440816159129999996
0.440925093882999997
0.440903544947999992
0.440777012813000024
0.440670508354000012
0.440945462188000015
0.440828723822999979
0.440693627255999976
0.440889454401000025
0.440941825690999989
0.440995128768000011
0.440632731547999978
0.440543821592000007
0.440697840065000013
0.440812374740999990
0.440905824459999984
0.441115767825999983
0.440939593331000024
0.440764930017000012
0.440729014663000018
0.440619343198999980
0.440697945505999999
0.440602230634999981
0.440733031050999979
0.440572079655999982
0.440807952068999975
0.440680285693999974
0.440718320160999988
0.440620040704999993
0.440722789717000019
0.440785464121000004
0.440807554212000019
0.440805410966999989
0.440725485450000010
0.440556754175999987
0.440675588145999997
0.440781215773999979
0.440934882453999977
0.440974112834999987
0.441032565062999982
0.440905981461000018
0.440959124011000014
0.440766240842999979
0.440966264835999988
0.440830070567999999
0.440667264273999992
0.440895719573999978
0.440800854188000024
0.440880251162000025
0.440847431835000025
0.440764303267999979
0.440661396082000001
0.440499166571000023
0.440568653551000000
0.440719259826000020
0.440607463649999975
0.440765959927999995
0.441020289065999993
0.440952614814999977
0.440862021817999994
0.440864291256999996
0.440986828045000001
0.440916459006000017
0.440773566381999993
0.440670515852000011
0.440856990459999987
0.440801665692000022
0.440733411859000002
0.440734149916000018
0.440604238478000010
0.440894273065999986
0.440890482272999984
0.440700165897000007
0.440654791122000011
0.440752232911999997
0.440726479394000004
0.440805925376999974
0.440843205467000010
0.440791076896999978
0.440621005490999973
0.440830624454999986
0.440905994944000013
0.441073095809999982
0.440930972026999990
0.440949757153999977
0.440834883229999974
0.440674162136000025
0.440703748891000002
0.440536063450000015
0.440396581017000022
0.440481674830000003
0.440665792803999978
0.440592836361999973
0.440867157309000002
0.440940346185999976
0.440780189104999998
0.440715489700999996
0.440846791229000001
0.440764805305999985
0.440748729976000009
0.440722182816999986
0.440713220096999980
0.440619630639999982
0.440681372668999982
0.440654290457999975
0.440841708715000002
0.440841426586000007
0.440754440844000006
0.440749260340000004
0.440590800374999980
0.440714697993999982
0.440658222805999977
0.440753126223999980
0.440622862590999975
0.440772853281000021
0.440613894522999983
0.440584365513000009
0.440633995180000015
0.440646023358999994
0.440617435105000010
0.440635200883000011
0.440674308141999982
0.440827607103999985
0.440990484849999975
0.441064727992000027
0.440759533387000024
0.440666861236000018
0.440846076061000014
0.440840721584000006
0.440707380817999983
0.440624798510000026
0.440642310270999982
0.440485955485000025
0.440587154840999973
0.440755641694000000
0.440691176188000022
0.440753715872999996
0.440723147905999979
0.440770150784000003
0.440629415196000018
0.440573077003000024
0.440667789483000005
0.440455224550000024
0.440327464338999996
0.440825438371000022
0.440825444620999984
0.440720057183000002
0.440609457024000006
0.440605669606000006
0.440540819435000008
0.440577385084000017
0.440702649456999995
0.440518185620999980
0.440817088653000011
0.440968906506000013
0.440985648150999998
0.441020887440999987
0.440877803364000009
0.440969000707000014
0.440871119737999972
0.440524421546000022
0.440586606147999993
0.440821626947000000
0.440716264653999990
0.440764776829000005
0.440734955288999974
0.440707844745000021
0.440628905472999988
0.440477579692999999
0.440723271111999992
0.440800840425000007
0.440737686010999996
0.440669395389999996
0.440584062524999986
0.440702641574000020
0.440525205372000017
0.440652433396999998
0.440813631132000006
0.440648723631999972
0.440758311668000002
0.440786820854999983
0.440974807480999986
0.441074875082999973
0.441094473619999983
0.440906133169000014
0.440810560793999995
0.440840220554999995
0.440708576289999987
0.440873343781999993
0.440757358363000007
0.440858467754000005
0.440893908376999988
0.440893110957000012
0.440778836183000011
0.440709005639999984
0.440597659239000017
0.440716610291999988
0.440641503386000000
0.440723598338999989
0.440736795276000015
0.440926966914999996
0.440813813404999977
0.440938842158999977
0.440694688088999975
0.440799866258999973
0.440733299046999982
0.440683488903000020
0.440776001744999979
0.440672755949999995
0.440636707194999977
0.440593568346999975
0.440781074403999995
0.440706433414000009
0.440802054240999996
0.441032814637000004
0.441039583128999990
0.440963766453000006
0.441008629716000022
0.440655999099999973
0.440762266726999974
0.440907494457000004
0.440725479741000015
0.440715545790999974
0.440628080964000024
0.440643821539000002
0.440703060987999995
0.440701986150000002
0.440735299093000021
0.440740811278000022
0.440669391224999984
0.440533505230999989
0.440873345615000023
0.440887885112999978
0.440745288552000014
0.440644982199999979
0.440590450460000005
0.440712285503000012
0.440630553054999985
0.440649758522000001
0.440705927549999987
0.440806984371000021
0.440809995168999991
0.440715654116000000
0.440955468316999999
0.441024812049999992
0.440747214617000005
0.440677726654999991
0.440550308725000006
0.440646074130000009
0.440505430530999997
0.440698221361999987
0.440720254433000003
0.440851053315999997
0.440762878736999986
0.440536673047000005
0.440686358514000009
0.440722317483000003
0.440789599091000017
0.440911982192000007
0.440867803481000020
0.440848306680000024
0.440713004351000026
0.440945873922999998
0.440760543155000017
0.440692012711999981
0.440848819068999975
0.440839451671000027
0.440795294426000017
0.440794138479000008
0.440765236050999987
0.440631758965999987
0.440693701717000008
0.440573007065000022
0.440810641687000015
0.440732305378999989
0.440540658440999988
0.440528830363000001
0.440783952995000006
0.440616037031999974
0.440751433502000023
0.440792188721999989
0.440875266009000011
0.440945549210000010
0.440836774518999996
0.440866982718999989
0.440612764363000009
0.440797692006999975
0.440915003571999975
0.440856869106000027
0.440843253248000000
0.440919715162000014
0.440780994997999997
0.440717236183000016
0.440846124005000006
0.440724464172999986
0.440580843727999993
0.440697221094999980
0.440831456266999988
0.440700115556000027
0.440924584444999990
0.440942635385000004
0.440716978159000017
0.440853371285000017
0.440670274199999989
0.440633489272000023
0.440738927281999981
0.440801954983000011
0.440801513423999980
0.440947538769000003
0.440915400078999986
0.440728497572999978
0.440812504900000013
0.440768134598000016
0.440935465718000019
0.440747832843999987
0.441002264300000002
0.440639282806000010
0.440445170248999984
0.440547153257000002
0.440592492321999984
0.440807574811000025
0.440666843345999981
0.440651837157000015
0.440925481441000022
0.440939017498000019
0.440961086738999974
0.440923318030999989
0.440746965973999982
0.440693271087999994
0.440805840336999988
0.440833103810000015
0.440742396202000009
0.440661326668000008
0.440608023110000024
0.440621884457000013
0.440489163798999994
0.440597312974000010
0.440763539245999980
0.440856860593000000
0.440876868656999987
0.440946957157999975
0.440956150887999998
0.440838438446000014
0.440637186941999992
0.440692847331999982
0.440561851477999977
0.440775484401999984
0.440803094140000018
0.440730676601999993
0.440733244477999997
0.440809991908000021
0.440945001670999981
0.441032694499999989
0.440850990614000016
0.440723694022000012
0.440729889029999988
0.440851500097000026
0.440865809205000014
0.440814344686999982
0.440640963135000008
0.440859290055000019
0.440928642047999975
0.441056762624000009
0.440790007704000009
0.440701244002000003
0.440805483991999980
0.440658038111000017
0.440667572577999989
0.440663268298999988
0.440751157446999997
0.440796908287000022
0.440934622042999991
0.440834489719000022
0.440979740108000007
0.440740278362000026
0.440724159492999978
0.440746208018000019
0.440678180804000008
0.440669637672000014
0.440722397420000023
0.440765025523000009
0.440697980727000005
0.440946212672000015
0.440684360418000021
0.440679520426000004
0.440624569065000027
0.440847347871999973
0.440845116506000001
0.440915317776999993
0.440773759995999992
0.440949472755999994
0.440878075440999995
0.440650658836000020
0.440771225124000021
0.440650230585000025
0.440544216692999979
0.440538798705999990
0.440581330363000012
0.440688577731000009
0.440666362262999989
0.440524958164000002
0.440765294084000003
0.440741478824999977
0.440758219901000003
0.440827634879000008
0.440958113451999978
0.440923320145000019
0.440966803856000011
0.441029595210999992
0.441051619602999989
0.441150719053000018
0.440760769140999986
0.440740257590000017
0.440702033496999990
0.440736630201000013
0.440751779319000003
0.440761108803000012
0.440850906790999975
0.440717631110999986
0.440732992722000005
0.440808729143000011
0.440878992470999986
0.440844653743000026
0.440820409826999993
0.440931248725000002
0.440794410352000010
0.440977506698999988
0.440749671263999998
0.440671280910000018
0.440742079529999997
0.440848603250000026
0.440911974116000027
0.440907504396999994
0.440816776417999989
0.440711085871999975
0.440705841325999992
0.440831327080999980
0.440603081502999983
0.440577679689000024
0.440637217337000009
0.440705070337999993
0.440974483269000017
0.440749385509999980
0.440935623354999973
0.440899412365000021
0.440773082144000017
0.440796463763000024
0.440675362164999973
0.440811732808999990
0.440819024604000020
0.440809900465000015
0.440917206968999997
0.440634594877000019
0.440752467844999996
0.440435979764000007
0.440474868816999987
0.440569624062000009
0.440662579022999989
0.440604874641000011
0.440758984858000025
0.440573273852999991
0.440566935476999988
0.440779761775999979
0.440633940456999995
0.440646144469000023
0.440783000726999996
0.440695480507000026
0.440551778821999973
0.440538155237000018
0.440419502821999986
0.440620024772000018
0.440769145814000007
0.440569746643000026
0.440723195999000006
0.440597364036000028
0.440576809487000010
0.440709633258000000
0.440702192064999998
0.440719198656999989
0.440904380651999994
0.440904504596000002
0.440898743599999976
0.440933322527000016
0.440805926148000016
0.440672524750000016
0.440742691522999996
0.440686062985999993
0.440778180356000027
0.440772114750999977
0.440595388776000019
0.440580618295999982
0.440528665144000020
0.440483969816000021
0.440547535125000000
0.440616206640000008
0.440586908933000010
0.440684084214000016
0.440898714021999982
0.440964512801000019
0.441081671858999991
0.441058840627000015
0.440691021492000012
0.440863715548000024
0.440768947332999983
0.440790041926000020
0.441003573958999973
0.440814320367000023
0.440601896566999995
0.440446973741000003
0.440587333066000009
0.440643632371000016
0.440816628089999996
0.440721542981000025
0.440727348911000016
0.440740126427000001
0.440781117599000016
0.440767009205000004
0.440838172034999976
0.440983131287999985
0.440841588569999998
0.440952373276000009
0.440730860911000000
0.440734574759000020
0.440860023142999990
0.440581024682000000
0.440430224187000008
0.440539708635000027
0.440592105933000022
0.440745156532000026
0.440472518388000001
0.440750186734999994
0.440670757081999986
0.440706465243999979
0.440565238543999982
0.440593019462000024
0.440802090827999982
0.441054493168999973
0.440770771085000013
0.440762326732999976
0.440692583370000002
0.440837166133000002
0.440862018415999979
0.440902267075999998
0.440969379554000007
0.440733539318000023
0.440929183562000004
0.440876367494999977
0.441102505744000006
0.441139747650000025
0.440966190596999985
0.441094943362999981
0.440855871013999978
0.440966556301000012
0.440865542426000012
0.440717247510999999
0.440735350490000011
0.440742346040999988
0.440594990071000003
0.440728195159000025
0.440721536153000026
0.440846198588999982
0.440771747569999983
0.440797952807000015
0.440619212844000019
0.440639997025000008
0.440699978230999989
0.440609664845000026
0.440636088541000004
0.440651248376999982
0.440663971817000011
0.440445569423000005
0.440516156366999978
0.440635013720000024
0.440411736832000023
0.440686382968000001
0.440569060470999974
0.440469025603999975
0.440610276206999996
0.440619313500999976
0.440772041236000001
0.440902111199000024
0.440671718802999990
0.440664065501999991
0.440629039843000003
0.440692377036000005
0.440672856584000017
0.440586113635999976
0.440761284455000013
0.440680291273999991
0.440758488795999992
0.440865081285000016
0.440831039117999979
0.440773172807999991
0.440698889393000004
0.440741823485000017
0.440661318776999988
0.440560199115999973
0.440702577380999994
0.440655651320000008
0.440556471409000006
0.440542103068999991
0.440743060874999981
0.440768052216000017
0.440793337032999999
0.440687929285000002
0.440479922957999981
0.440618854509999991
0.440953199788000016
0.440880508030999985
0.440762205658999984
0.440614575921000007
0.440638317005999980
0.440802744088000020
0.440556592691999982
0.440681436430000018
0.440744247661999988
0.440773108671999980
0.440661776146999973
0.440708479772999984
0.440639666574999977
0.440830357381999993
0.440802778988000021
0.440964339746000022
0.440904122567999990
0.440990021306000013
0.440783674687000027
0.440914336668000006
0.440769229631000015
0.440863309330999986
0.440933513411999989
0.440699619797999986
0.440723817889000002
0.440726327294000020
0.440652336924000021
0.440734170009000004
0.440643135695000021
0.440515115023999981
0.440485561874999987
0.440555643463000024
0.440737933583000008
0.440563113625999980
0.440643485951000002
0.440750388187999997
0.440653197336000002
0.440575791080999979
0.440911759324999986
0.440863539912000002
0.440730813760000006
0.440838600234000011
0.440747721139000015
0.440746790612000006
0.440663270200999990
0.440608588859999983
0.440528489932999978
0.440693427483000000
0.440834624617000015
0.440648219464999991
0.440671511635000013
0.440641181428000017
0.440810968538000003
0.440822662340000004
0.440831147413000002
0.440866014069000001
0.440925985914000007
0.440950563377999982
0.441117907756999994
0.441081534092999994
0.440909936906000000
0.440987272258999974
0.440937571704999975
0.440820254166000014
0.440704153343999983
0.440802066092999989
0.440734887033000011
0.440671628877000010
0.440812838312000022
0.440941138258999998
0.440783178045999979
0.440837315444000011
0.440641473311999987
0.440636868838999995
0.440708204925000013
0.440784843255000003
0.440754384762000018
0.440623078226999976
0.440620312435999972
0.440686547418999985
0.440533267394000005
0.440576593633999980
0.440746722297000015
0.440842040002999980
0.440681718187000027
0.440686811868999995
0.440729126407000016
0.440704625459000021
0.440716194821999974
0.440673500845999988
0.440676219716000017
0.440680479382000001
0.440658668204999993
0.440712344358999975
0.440642302875999980
0.440692923532999992
0.440857320782999995
0.440902815891999977
0.440935403750000010
0.440773313150000012
0.440872609372000013
0.440550070371000024
0.440680715383000021
0.440546683925999993
0.440478781250000007
0.440459905465000023
0.440374540112000001
0.440585290422999987
0.440498700003999988
0.440554752932000027
0.440768874177999981
0.440580406674000002
0.440585724594000028
0.440532642676000008
0.440645508211999992
0.440758259235999983
0.440775318648999992
0.440722761947999975
0.440613551210000010
0.440630078960999982
0.440748208008000020
0.440720970514999977
0.440926250550000010
0.440901141596000024
0.440868513758000014
0.440942075626000018
0.440865026301999974
0.440918669844000022
0.440769171377999980
0.440663192064000009
0.440767499564000020
0.440809296527000016
0.440573473634999990
0.440548935839000011
0.440821171527000011
0.440929422472000010
0.440727916780000006
0.440716754132999988
0.440695341191000012
0.440774945816000019
0.440654291937000009
0.440761970993999996
0.440713459907999983
0.440755997472999983
0.441040799668000028
0.440867226908999987
0.440776422805999990
0.440743858973999980
0.440646142786999984
0.440737584136000005
0.440551561074000009
0.440698485812999974
0.440704740007999973
0.440741564601000002
0.440745531771000010
0.440549762534000022
0.440534423397999975
0.440721246010000012
0.440899304694999994
0.440985690318999979
0.440980551660999975
0.440843542249999998
0.440711439811000028
0.440838036486000007
0.440988371298000004
0.440808672537000013
0.440919101734999985
0.440909971594000027
0.440835647383000018
0.440777166256999975
0.440772817408000006
0.440665560293000025
0.440691661231000009
0.440714813744000011
0.440886762042999980
0.440763622405000000
0.440673267648000022
0.440717797083000018
0.440632195133999982
0.440817445084000004
0.440872979491000017
0.440845920225000021
0.440758538041999992
0.440872034442999994
0.440766621435999983
0.440872087631999976
0.440803401435999997
0.440806454372000001
0.440766259915000014
0.440519264246999998
0.440497655232000018
0.440875225111000024
0.440713383527999991
0.440527737520999996
0.440741846589000008
0.440731204649999986
0.440654930230999997
0.440897410903999976
0.440719978720000016
0.440822786758000018
0.440931816932000009
0.440937218289000010
0.440730337485000012
0.440902086949999994
0.440532871973999984
0.440574599512000009
0.440606725674999977
0.440701481866000000
0.440744300817999979
0.440878062725000019
0.441000440488000023
0.440965894018999993
0.440982572863000022
0.440860128924999983
0.440683110451999982
0.440640440931000021
0.440687138987000016
0.440656557587999986
0.440592603586999976
0.440798749287000025
0.440720928399000011
0.440807176550000013
0.440868537669000027
0.440707520028000010
0.440669121798999974
0.440561279819000007
0.440612595436000010
0.440603642465000001
0.440484704052999998
0.440777706423999993
0.440780291345000019
0.440575665936999983
0.440705797537000010
0.440539892435000024
0.440783292506999991
0.440772326666000025
0.440610246769999991
0.440694453295999988
0.440817551531999974
0.440580986148999987
0.440834232825999983
0.440727831296999994
0.440859543844000001
0.440921694990000002
0.440761072585000024
0.440812278062000018
0.440652091761999987
0.440673898545999976
0.440781818004000014
0.440391867657000002
0.440658637503999973
0.440763714440000010
0.440625480409999992
0.440822654330000008
0.441101552582999989
0.441061665323999985
0.441012414264999986
0.440903736272000024
0.440677238468999977
0.440619608115000005
0.440616373968999997
0.440775691789000001
0.440767930330999980
0.440686709173000013
0.440697727692999974
0.440566443329000024
0.440619792166999980
0.440702946578999999
0.440758198849000027
0.440821614980999976
0.440796774835999994
0.440956617441000009
0.440920560188000021
0.440870057345999988
0.440731425632999996
0.441031720984000009
0.441050554411999973
0.440731679594999981
0.440827219230999989
0.440927053399000013
0.440948664854000028
0.440713385540000002
0.440873850843999993
0.440711502571000002
0.440738933624000018
0.440602003193000025
0.440823451952999990
0.440752178062999989
0.440792987081000009
0.440615350610999990
0.440594308524000000
0.440501763340999997
0.440551968841999986
0.440565880454000025
0.440711002246000016
0.440906065165000027
0.440849739655000017
0.440861123013000011
0.440730718191000015
0.440714358598999989
0.440538533038999980
0.440711987063000021
0.440608858378000012
0.440680736878000023
0.440952712339000019
0.440839132209000006
0.440670433553000007
0.440627093144999982
0.440797667933999993
0.440674835019999989
0.440660836878000006
0.440737512783999974
0.440876244807999973
0.440963390695000013
0.440890582633000017
0.440846563896000021
0.440857748712000008
0.440807906527000026
0.440649575808999994
0.440726100535999976
0.440839878563999976
0.440874017570999976
0.440687505656999989
0.440805676857000006
0.440524777699000003
0.440667995023000025
0.440603015044000013
0.440692735888999987
0.440720247223000017
0.440748122415999977
0.440811580037999973
0.440908350685000006
0.440748784130000015
0.440843449740999982
0.440796866949999977
0.440771725963000016
0.440573679636000026
0.440819568020999975
0.440809838447000002
0.440777703016999978
0.440882029303000023
0.441013507126000015
0.440851172841000005
0.440949582707000021
0.440907585734000018
0.440823499554000020
0.440813814563999984
0.440753429576000000
0.440771207562999978
0.440797971560000001
0.440695001372000017
0.440882024420000018
0.440846987026999981
0.440767612591999980
0.440656209713999991
0.440865150109999993
0.440691779911999981
0.440491788838999976
0.440752136181000009
0.440635294013000001
0.440619111529999996
0.440605728493000004
0.440595020750999988
0.440586215522000002
0.440709943463000020
0.440859166457000018
0.440875117031999997
0.440776019116999984
0.440735466332999981
0.440705496016999987
0.440554420815999992
0.440464938490000013
0.440746163194999985
0.440658452887000007
0.440913680224000015
0.440972473174999990
0.440847159401999977
0.440675401025000024
0.440409549221999985
0.440511376700999990
0.440588699261000027
0.440527997037999997
0.440604655514999999
0.440609907691000002
0.440676288455000009
0.440722587133999977
0.440808383415000005
0.440823866885000026
0.440774851317000005
0.441078498235000005
0.440981203152999990
0.441051014590000012
0.440787392221999974
0.440791705535000022
0.440848450722000018
0.440583686319000023
0.440732415636000019
0.440791790706999975
0.440814137340000023
0.440805230724999997
0.440846859270999980
0.440564120476000021
0.440681013316000014
0.440696534385999983
0.440420887413999984
0.440659249295999977
0.440983838613999979
0.440917052786000019
0.440808628686999993
0.440891709919000008
0.440788736143999993
0.440677026039999975
0.440635078532000013
0.440742342833000011
0.440678102600000010
0.440706758681999988
0.440653504270999974
0.440828225914000005
0.440965007580000012
0.440640521924999973
0.440691200915000025
0.440695253316999991
0.440785036450000001
0.440678442118999980
0.440759524848999995
0.440656873708999974
0.440802200152000001
0.440774627709999978
0.440758561336999977
0.440738649300000007
0.440810954412000022
0.440806473225999973
0.440795502178999987
0.440746565719000005
0.440966940046999989
0.440902281373000027
0.440754670537999993
0.440875769061000011
0.440845480828999992
0.440805576561000001
0.440860189299999983
0.440833438364000019
0.440756812797999997
0.440807228383999994
0.440812940064000014
0.440645566797000010
0.440542939897999974
0.440549234020999991
0.440743949450999983
0.440732864718999973
0.440659708593000021
0.440737346307000011
0.440516412297999982
0.440652138982999986
0.440791759060000010
0.440595972007000014
0.440737852817999987
0.440793079194000015
0.440641171682999988
0.440741741884999982
0.440565241341999980
0.440488717231000027
0.440653355530000013
0.440731188316000000
0.440742682306999978
0.440672700801999995
0.440594237918999987
0.440740836763999999
0.440523914748000012
0.440819784973999984
0.440609182817999989
0.440782903155000017
0.440792874005999979
0.440595751741999997
0.440794958959000005
0.440784223518000007
0.440822891576000020
0.440674583105000017
0.440827654027000027
0.440602400313999998
0.440716341334999984
0.440784244082999987
0.440712749971000017
0.440606760076000026
0.440551352279999975
0.440705561482000019
0.440745125808000016
0.440633909410000024
0.440740302189999988
0.440888695818999976
0.440815666476000012
0.440816662347000010
0.440674564845000005
0.440753262270000001
0.440621515874000003
0.440743909672000000
0.441030053643999997
0.440758448477999998
0.440793516464999979
0.440725068115999985
0.440960498934000023
0.440930828687000009
0.440882464804999985
0.440936380997999977
0.440948827172999991
0.440739900357000003
0.440668105638999996
0.440800740347999986
0.440942846802999999
0.440761251638000007
0.440697062927999983
0.440880165499999976
0.440801228345999996
0.440860043693000025
0.440945057116999994
0.440746924644000004
0.440768811987000020
0.440801524047999993
0.440813915644000021
0.440822271774999996
0.440819660494000010
0.440893719966000019
0.440825731679999999
0.440857005192999973
0.440765064611000013
0.440680948013999985
0.440791820341000007
0.440860337430000027
0.440833111810000011
0.440808743245000023
0.440901707631000006
0.440591445941000026
0.440809895173999988
0.440682819278999993
0.440943544214000005
0.440608478640000023
0.440594156000999992
0.440705366652999975
0.440771930580000026
0.440631047095000006
0.440794979305000001
0.440766161007999979
0.440761135827999972
0.440738415591000021
0.440767128986000012
0.440754312506000001
0.440721251594999974
0.440777130226999991
0.440729556781999987
0.440856755222999996
0.440746763408000009
0.440995833767000023
0.440931307709000020
0.441052096146999972
0.441003877323999982
0.440764200290000019
0.440744747476999987
0.440789706574000018
0.440949232434000027
0.440759400452999994
0.440658902206000014
0.440618934951000019
0.440656645736999975
0.440548096943999989
0.440686412769000002
0.440760069104999985
0.440874358748000017
0.440879830758000024
0.440813350601000020
0.440920098501000002
0.440695747279000016
0.440782636240000025
0.440801690091000009
0.440883689096999987
0.440767917650000007
0.440733957331999993
0.440790466328999986
0.440729935106000004
0.440772588869000004
0.440868308958999977
0.440846914904000020
0.440945380187000024
0.441095055489999999
0.440841222284000023
0.440731267022999973
0.440863062974000020
0.440854001371000004
0.440747985828000011
0.440456320176999983
0.440484559090999983
0.440664962070999977
0.440617147483999994
0.440693482124999980
0.440879135985999981
0.440848514701000005
0.440619324340000007
0.440773108231000021
0.440987904910000006
0.440777073523999974
0.440765964379000008
0.440749086763000009
0.440748264025000003
0.440666915162999995
0.440703992292000024
0.440819713416999992
0.440887723607000015
0.440778917049999996
0.440640306561000006
0.440673344545000012
0.440662692324000016
0.440740102086000007
0.440762794994000007
0.440801293817999984
0.440887709239999981
0.440824438164000021
0.440756268517000005
0.440717965892999997
0.440712411234000012
0.440668492066999984
0.440797445595000004
0.440810195813999994
0.441033080743999994
0.440807661670999995
0.440574382378000007
0.440784702641000004
0.440653087225000017
0.440742043142999973
0.440614674142999985
0.440861457983000027
0.440770102532999974
0.440703069778000001
0.440709170588000021
0.440738741002999979
0.440743480437000013
0.440823112231999992
0.440579673901999980
0.440768763629000027
0.440718106971999979
0.440786117427000024
0.440832624615999980
0.440901318980999990
0.440945009195999993
0.440814264672000022
0.440676241234000010
0.440649398620999999
0.440780597265000018
0.440865358225000004
0.440794607763999979
0.440739828537000000
0.440572598418000005
0.440902107395000020
0.441039781033000011
0.440977936259000003
0.441064325182000005
0.440706803307000017
0.440832099721999993
0.440907651562000014
0.440838523584999975
0.440853419705000027
0.440797319118000019
0.440601533948999979
0.440609533802000020
0.440600152538999978
0.440926028719999974
0.440831810421999981
0.440818417487000014
0.440682782418999996
0.440508757656999983
0.440677959773999983
0.440818897228999973
0.440833824543000019
0.440818243612000005
0.441020117953999979
0.440705206740000022
0.440400929002999986
0.440446095944000027
0.440610860822999995
0.440874575952000025
0.440852071685999991
0.440909676314000021
0.440823212803999998
0.440761947681000021
0.440778333141000012
0.440747100374999978
0.440713890775000006
0.440659072157000009
0.440733534546999983
0.440868200278999978
0.440851229868999994
0.440918600543000028
0.440821692486999983
0.440798037879999993
0.440823960755000022
0.440541738748999989
0.440490386253000021
0.440663715289999980
0.440711110376000026
0.440628272837999990
0.440802554279000003
0.440613511018999982
0.440621000099000015
0.440735681975000015
0.440567090860000010
0.440597917873999989
0.440781882718000007
0.440625592708000002
0.440484172241999983
0.440577713428000006
0.440552180745999999
0.440470917367000003
0.440721768820000026
0.440922569842000012
0.440921961345000002
0.440696558728999987
0.440377375419999995
0.440388780352000020
0.440516243013999997
0.440839143079999995
0.440835996988000023
0.440898005373999979
0.441010263648000000
0.440781743386999991
0.440800377705000024
0.440843652388999974
0.440791297939999993
0.440722137194999974
0.440836062385999983
0.440871565322999981
0.440751348732999981
0.440644209921000007
0.440773154862000027
0.440777539900999993
0.440731542859000014
0.440808814933999982
0.440736383148000010
0.440695391855999985
0.440785624140999976
0.440761415870000006
0.440782930327000000
0.440839509219999981
0.440906379284999983
0.440872121971000008
0.440858492270000013
0.440773479887999975
0.440687095116000016
0.440711177831000001
0.440766501054000004
0.440804360560999975
0.440887102932999986
0.440669413677999999
0.440806826411999975
0.440909478502999996
0.440979054629000000
0.441007891340000013
0.440866551386999983
0.440799634004000018
0.440974171300999973
0.440850725935999999
0.440793454512000027
0.440836561642000024
0.440719794657999986
0.440637050859000012
0.440612560401999975
0.440711154315000020
0.440807567929999977
0.440707659217999981
0.440601446527000007
0.440803207796999996
0.440891998185000022
0.440783825678000007
0.440765910875000000
0.440521947824000004
0.440747589827999997
0.440838906814999987
0.440754074853000000
0.440637209172999977
0.440672731004999985
0.440727618247999997
0.440977412567999993
0.440843797623000022
0.440689776628999996
0.440643489564999991
0.440525621804000012
0.440641045225000028
0.440708848333999981
0.440703348581999999
0.440572275020000015
0.440762060120000021
0.441048975256999987
0.441138351779999993
0.440788161589000027
0.440607570690000006
0.440619649133000002
0.440860072943999981
0.440852364122000018
0.440700294722000008
0.440848406826000017
0.440699627250999981
0.440647920849999986
0.440712754789000016
0.440793697466999979
0.440655930965999976
0.440496348463000009
0.440611589618999988
0.440576817976999990
0.440699548075999981
0.440871957952999993
0.440809426108999980
0.440701189652999981
0.440775111162000022
0.440941051487000024
0.440694683096000017
0.440547280666000018
0.440796509755999988
0.440915944331000009
0.440964614069000005
0.440948529882999984
0.440756944109000015
0.440828816392000000
0.440728881108999992
0.440736075504999991
0.440531784679000005
0.440652021404000005
0.440673228940999973
0.440684132088000002
0.440644490948000012
0.440600272181000008
0.440897392872000027
0.440916177349000016
0.440886786580000023
0.440798229636000016
0.440788712455000009
0.440873887513999974
0.440839365737999977
0.440681842772999988
0.440848362814000028
0.440758584881999982
0.440695934720999993
0.440704023391000010
0.440793347477999975
0.440900129638999994
0.440683875205999998
0.440572114329999986
0.440577326802999991
0.440884393106000028
0.440634330485999981
0.440745831944999999
0.440714220795000000
0.440556211902999983
0.440687580601999973
0.440689618928999993
0.440744299627000014
0.440541268057999980
0.440566397900000017
0.440537874852000022
0.440430749547999989
0.440550269107000014
0.440557245152000010
0.440750542976000026
0.440525342686999999
0.440740553498999987
0.440795384389000011
0.440755006462999976
0.440803456892000012
0.440683289028000025
0.440609313075999987
0.440775687866000021
0.440501686040000007
0.440467164557000024
0.440754932107999986
0.440870675732000006
0.440683839389000021
0.440559851027000016
0.440804083347999975
0.440750020394000019
0.440887351368000002
0.440833992311000011
0.440748755383999991
0.440815898368999981
0.440954814957000008
0.440792078252000008
0.440682682973000006
0.440700101903000019
0.440810945715000013
0.440859590028000015
0.440702526357000024
0.440838026511000014
0.440602379312000025
0.440744271334999993
0.440887071221000015
0.440789205387000005
0.440791681569999982
0.440706884816000011
0.440777566604000026
0.440770803001000022
0.440713797414000019
0.440724321683999998
0.440881978519999995
0.440806969990000019
0.440763808219999997
0.440815224624000024
0.440873619735999978
0.440877451154000011
0.440711726417000016
0.440571898169999976
0.440643741247999987
0.440772083054999986
0.440981143839999978
0.441067547356000011
0.440952232014000023
0.440810654882999975
0.440805895313000018
0.440710066196000005
0.440591692259000023
0.440775764153000016
0.440682591577000016
0.440790775768000020
0.440719221907000025
0.440549515509000011
0.440880256166000017
0.440757553445999983
0.440791677998000009
0.440807981818000016
0.440944260914999997
0.441031073305000021
0.440869933948999981
0.440899690100000019
0.440668344953999980
0.440623057691000020
0.440690164436000009
0.440646018375000004
0.440590749143000004
0.440407435750999998
0.440738117968999976
0.440770311169999984
0.440735909985999985
0.440875598232999988
0.440734962919999973
0.440707212214999977
0.440634006525000010
0.440463111086000003
0.440614338923000004
0.440598048236999995
0.440594157672999975
0.440421097859999999
0.440488755979000002
0.440842708877999978
0.440701704508999981
0.440676527854000022
0.440543672632999983
0.440594878781000010
0.440743015838999996
0.440869973375999979
0.440879177439000014
0.440862310134000013
0.440849033175000016
0.440756052750000016
0.440777273581999973
0.440848336012000019
0.440789004154000019
0.440751089850999977
0.440656156053999992
0.440717956801999988
0.440699603948999985
0.440675675794000021
0.440822164053999987
0.440732802934000023
0.440747295852999987
0.440743416685000000
0.440815199754999998
0.440753116654000021
0.440900974218999986
0.441020237860999975
0.441177832887999999
0.440852813848000014
0.441069900703000006
0.440896841977000020
0.440802541591000019
0.440761876777999995
0.440923084452999992
0.440792398593000012
0.440848305225999992
0.440811117957999987
0.440901175069000006
0.440860038193000014
0.441045892019999997
0.440948062912999983
0.440945087447999984
0.440812236894000009
0.440700342176999993
0.440779822792000009
0.440597236060999986
0.440862373365000004
0.440611836044000005
0.440583536471999992
0.440586074283999984
0.440638938114999990
0.440780310677000020
0.440673610499999979
0.440561799668999998
0.440651555006999984
0.440508830908000026
0.440834142262999995
0.440778252654000002
0.440654218460000024
0.440753872632999977
0.440681704858000012
0.440684155219999985
0.440832022895999986
0.440859989587000012
0.440796571741999987
0.440680385853999990
0.440656308029000021
0.440778527724000002
0.440675975423999999
0.440612653462000015
0.440537880990000019
0.440776867535999983
0.440604905752000009
0.440725620616000013
0.440681510827000023
0.440575504281999986
0.440569561918999986
0.440815452283999987
0.440985251495000008
0.440908026223000016
0.440791801771000025
0.440761511330000022
0.440692337398000011
0.440847611791999994
0.440733432581999984
0.440893651531000019
0.440756351975000016
0.440912833627000011
0.440869427701999994
0.440628829032000013
0.440659508744000006
0.440882155785000007
0.440813135982999982
0.440829983343999976
0.440900013415000014
0.440762736350999995
0.440824416270999997
0.440684126000999987
0.440595535511000003
0.440572538025999993
0.440548464560999997
0.440727891962999996
0.440651348627000006
0.440711467912999977
0.440540011899999973
0.440734825170999989
0.440628601936000008
0.440654681107000012
0.440736134760999987
0.440674557640000020
0.440786530248999997
0.440750565950999984
0.440687098712000014
0.440675060773000005
0.440744332284999984
0.440863366812999979
0.440807430037000014
0.440810877398000012
0.440841713841999994
0.440522081502000007
0.440551372591000023
0.440771882960000028
0.440702178777999998
0.440746765101000026
0.440804021215000008
0.440620169662000016
0.440855632642000006
0.440799040874999992
0.440860352381999998
0.440792366533000024
0.441011943163000020
0.441092492569000016
0.441069712378000023
0.441067756199000016
0.441187288911999986
0.441009906063999979
0.440767912661000016
0.440881089190000020
0.440840781096000001
0.440709063113000010
0.440733893717000003
0.440838851212999983
0.441005980793000019
0.440891750620000022
0.440819217581999989
0.440739445457999979
0.440633264553999981
0.440650389910999973
0.440947759649000015
0.440959097789999976
0.440846307306999974
0.440841690002999997
0.440603568381000010
0.440665312360999983
0.440664589885000013
0.440678357884000005
0.440874448743000025
0.440797723748000025
0.440747642973000009
0.440810469347000022
0.440851766626000008
0.440900828055000027
0.440760305362000004
0.440605586622999978
0.440612712992000000
0.440846026132000024
0.440777728149000014
0.440768732679000019
0.440652601327000015
0.440696480173999983
0.440816730622999975
0.440815556130999986
0.440911781491000021
0.440922217137000028
0.440707051886999990
0.440509714047999990
0.440792202336000027
0.440799454154999992
0.440749363231999980
0.440763437227000010
0.440861664342000026
0.440745903443000020
0.440785578193000016
0.440849492238999996
0.440758390817000023
0.440560197794999997
0.440472181518999972
0.440773011991999975
0.440830585157999999
0.440868880675999997
0.440666245352999975
0.440697407849000022
0.440692016219999982
0.440686374413999993
0.440450037352999979
0.440646829292999975
0.440592788966999993
0.440612212213000010
0.440833025697000003
0.440975245941000016
0.440813179903999985
0.440890478114000006
0.440820714035999983
0.440694746643999991
0.440662950860999991
0.440638642089999977
0.440734216959999980
0.440577661268999998
0.440697002913000013
0.440871443575999999
0.440756186082999990
0.440468159733000020
0.440476210448999983
0.440456400167999973
0.440844534815000022
0.440697486926000026
0.440586483182999977
0.440773094644999974
0.440684909454999996
0.440867406291000019
0.440636584802000020
0.440646725234999981
0.440686839130000008
0.440636753699000017
0.440851992005000026
0.440815394490999990
0.440702194238000000
0.440953666560000013
0.440695678254000023
0.440832305967000015
0.440746303389000005
0.440803176096999982
0.441141015342999987
0.440740883450999987
0.440470966981000023
0.440625184236999978
0.440851143429000003
0.440985528951000016
0.440857620790999993
0.440810507824999975
0.440783908539000013
0.440806340359999993
0.440858846008000016
0.440848809321000012
0.440825086086999995
0.440819845170999980
0.440752671360999992
0.440905489212999990
0.440838745432000023
0.440970285366000025
0.440970332761999984
0.440710972229999998
0.440749655377999983
0.440728430376000013
0.440714623558999985
0.440738298463999978
0.440788276588000016
0.440737414842999997
0.440661560705000011
0.440594879875000012
0.440971647093999997
0.441004815044999998
0.440832944459999987
0.440898876162999998
0.440765377510999978
0.440782194889000001
0.440736505926999977
0.440757481695999986
0.440652111397999979
0.440543520074999972
0.440595013874999997
0.440589807143000001
0.440413849793000023
0.440428173784999988
0.440415884581999983
0.440557119202000025
0.440428499809999985
0.440483122963000018
0.440590745030999986
0.440590730210000003
0.440718539934000009
0.440561194716000026
0.440574334334000006
0.440909813433000008
0.440839367019000006
0.440588175806000015
0.440505038831999984
0.440466884235000022
0.440601835928999985
0.440536217772000027
0.440620517380999999
0.440682600204999997
0.440713322698000010
0.440670508156000007
0.440718839874999990
0.440880995754000027
0.440993135438000006
0.441037707544000013
0.441078247626000008
0.440958856575000002
0.440801961997000002
0.440569032761999990
0.440468768613999972
0.440585860135999985
0.440682992115000005
0.440683764673000022
0.440515164718999985
0.440517807401999972
0.440529327906000023
0.440673121035000004
0.440728952667999996
0.440785074823000000
