0.442384847266000025
0.442501982406000027
0.442381623414999980
0.442391477736000016
0.442599811394000009
0.442461209746999984
0.442663693412999992
0.442567817033000022
0.442608297561000008
0.442583589040999981
0.442602896773999999
0.442506546654000021
0.442543457415999986
0.442372798253000021
0.442355504188000015
0.442318001741999978
0.442247410476000025
0.442365075950000020
0.442343997692999980
0.442295958441000003
0.442307640609999997
0.442282938788000013
0.442379695470000001
0.442290036965000022
0.442402531707999980
0.442575959259999985
0.442614044149999997
0.442439005343999991
0.442458982604000017
0.442496323101999989
0.442820518084000025
0.442824778806000019
0.442610485253000008
0.442580626781000019
0.442508452742999991
0.442310989426999979
0.442299712908000020
0.442305091844000020
0.442476533772000025
0.442614607988000008
0.442448778671999998
0.442415395408000012
0.442538417803999995
0.442562468338999981
0.442572931675999981
0.442518018191000007
0.442488061719999992
0.442330770810999974
0.442265315993999986
0.442505522955000008
0.442482856837000005
0.442372838503000021
0.442277617981000015
0.442213404142999977
0.442106014752999987
0.442199460923999976
0.442358383028000013
0.442262619936000023
0.442222626035000010
0.442330318582999982
0.442367021285999973
0.442608694648000012
0.442500556509999976
0.442587513433999991
0.442288214919999978
0.442334436178999979
0.442308855752999996
0.442535862090000010
0.442588221803999982
0.442358369817999975
0.442358159621999980
0.442281620746000026
0.442315666772000016
0.442254393696000003
0.442303362049000004
0.442448247188999999
0.442300216031000004
0.442404796584000004
0.442523237040999995
0.442510203287000026
0.442422680214999975
0.442425369796999979
0.442399699784999989
0.442371417770999975
0.442303132235000007
0.442461952360999999
0.442603393135000023
0.442366546069000000
0.442249660714999993
0.442265868015000008
0.442421754251999977
0.442507787589999979
0.442539243490000012
0.442422559581999997
0.442340336825000013
0.442263175301000011
0.442138461679000005
0.442506158165999974
0.442311135555999990
0.442285305149999974
0.442301847049999974
0.442373692907999994
0.442494309581999978
0.442328345158999992
0.442436670182000003
0.442272090607999990
0.442106706856999987
0.442269333230999984
0.442503065578999988
0.442601331559999978
0.442621982696999983
0.442593478205999979
0.442648978319000019
0.442602221086999981
0.442612132674000014
0.442554059695999980
0.442493517313999996
0.442344381785000018
0.442288889469000024
0.442376488517000011
0.442510531224000025
0.442315659364000024
0.442453730074000018
0.442254171497000026
0.442401895837999992
0.442387313778000002
0.442324883487999976
0.442574814370999992
0.442659798408999994
0.442573631096000009
0.442423392304999996
0.442174089850000007
0.442323865516999981
0.442183291179000015
0.442369784533999999
0.442538278590999978
0.442442875703999983
0.442474825884999978
0.442438974762000004
0.442479090610999992
0.442311386595000022
0.442282190967000000
0.442208857053000004
0.442293538824000021
0.442484739246000014
0.442350561029999978
0.442363483527999979
0.442623760142000000
0.442385765932999997
0.442428124764999986
0.442464625125000011
0.442622911687000020
0.442560154350999990
0.442440622989999977
0.442520736236000023
0.442363202532000011
0.442541116294999981
0.442452518415999974
0.442373767317999989
0.442258381646000009
0.442092295887999975
0.442216835224000016
0.442302318666000005
0.442587222802000024
0.442537466895000009
0.442513789930000012
0.442427791522999991
0.442384960893999979
0.442361504449999998
0.442187711614999979
0.442137351040999993
0.442167664969999985
0.442315761103000027
0.442419846060999988
0.442542360457999995
0.442668475944999973
0.442449623532999992
0.442490202293999990
0.442555471264000022
0.442446153188000013
0.442542987526999998
0.442580366300000028
0.442520965310999992
0.442464626033999997
0.442407844418000018
0.442317800980999987
0.442350798047999982
0.442340988777999988
0.442273434914999986
0.442465448149000018
0.442475566579999979
0.442474871543000026
0.442498511729000010
0.442645406327000002
0.442595294440000009
0.442658043770000009
0.442492885948000014
0.442587043173999994
0.442420267054999983
0.442400799055000016
0.442456094480999984
0.442276031775000023
0.442220392527000017
0.442362713304000010
0.442504991213999999
0.442460820003999999
0.442474771955999990
0.442417910482000021
0.442204397691999984
0.442192337962000026
0.442289176456999999
0.442270302610999977
0.442200445394999975
0.442113264993000021
0.442242454454000011
0.442281701437999997
0.442399815608999991
0.442460756973000024
0.442304920355000020
0.442432829202000000
0.442432058419999996
0.442392229882999977
0.442521211756000010
0.442630439844000023
0.442353892232999979
0.442348310422999991
0.442318024239999996
0.442101659317999995
0.442501189344999990
0.442566388092999974
0.442538159598000025
0.442533201566999990
0.442595483465999973
0.442477055211000003
0.442429347284000019
0.442368786899999977
0.442390000190999999
0.442405953124999973
0.442392835219000025
0.442306058057999996
0.442418425308000018
0.442620464247000023
0.442590767271999974
0.442318080160000016
0.442541757337000019
0.442410678150000014
0.442489926348999973
0.442390008057999995
0.442500872119999999
0.442509452796000013
0.442522960392000009
0.442496323314999995
0.442471872779000019
0.442475410886000009
0.442397474660999990
0.442433274074000016
0.442485752175000024
0.442676491858999988
0.442759562705999976
0.442768396545999976
0.442483131944000019
0.442515457687999991
0.442406993460999987
0.442393796364000003
0.442511108747999982
0.442274177150000003
0.442396627842000012
0.442456354981999977
0.442413465354000002
0.442553338547000019
0.442480943201999988
0.442439456015999988
0.442489298312000012
0.442653764462999977
0.442604220848999974
0.442398616771000008
0.442173665571999996
0.442230087448999998
0.442470765528999999
0.442600953723000012
0.442362402370999996
0.442386247146000000
0.442352931073000000
0.442315896769000017
0.442345535494000019
0.442603778170000017
0.442431727818999976
0.442318197608999986
0.442468466828000007
0.442301993404999982
0.442246341948999977
0.442322180632999995
0.442117708737000015
0.442221546159999979
0.442576410879000015
0.442540753391000019
0.442333899932999985
0.442369894516000006
0.442181132483000006
0.442201904192999984
0.442219644355999975
0.442411392404999992
0.442348560798000001
0.442505478720999990
0.442593604234999993
0.442466324065000027
0.442531437457999999
0.442428838313999984
0.442409940102000021
0.442539198171999992
0.442399600113999980
0.442449849514000015
0.442729065260999977
0.442617760874000010
0.442526126010000020
0.442547942736000011
0.442207792478000017
0.442167910494000005
0.442266487295999988
0.442260448914999993
0.442324761850000026
0.442506034463999998
0.442640047255999980
0.442615888138999991
0.442414246863999994
0.442219441408000014
0.442467368806000017
0.442440739453999976
0.442389842400000011
0.442628124507999987
0.442482522711000026
0.442675526877999992
0.442530909207999978
0.442446995966000012
0.442389981338999982
0.442305834201000003
0.442294672471000017
0.442339872447000015
0.442304968219000005
0.442320375067999982
0.442330234569000003
0.442202851549999998
0.442357419136999996
0.442357206680999981
0.442409335427000006
0.442361716485000001
0.442503763350000023
0.442436592819999974
0.442490153351999982
0.442461289904000021
0.442446012436999991
0.442355003136000013
0.442307449798000019
0.442363907492999975
0.442259073043999973
0.442505923565999992
0.442495787899000015
0.442356191063999982
0.442257684988999977
0.442314080165999990
0.442415521395999989
0.442306210809999989
0.442178524773999992
0.442287888916000016
0.442301044664999976
0.442584394822999994
0.442398277728999978
0.442479689923999997
0.442639632896999979
0.442586713038999990
0.442586996951000011
0.442483174360000009
0.442377638342000001
0.442503092553999999
0.442270200278999992
0.442433737912000025
0.442332650990000020
0.442234241874000011
0.442448864158999977
0.442378752107999984
0.442434427761000004
0.442324751276000017
0.442557621308000027
0.442423902970999983
0.442373621521999993
0.442292111145999978
0.442546308579999992
0.442497887967999992
0.442258480476000027
0.442363369341999990
0.442340605785999985
0.442401104616000018
0.442726528549999998
0.442573979870000023
0.442489909711999974
0.442286221666000012
0.442352217712999984
0.442474591041000009
0.442355987341999990
0.442316231391999992
0.442359614830000025
0.442289033612999982
0.442375247038000019
0.442379943863999980
0.442159139821000025
0.442425038549999983
0.442352212099999975
0.442605578707999991
0.442316538099000012
0.442514925866999975
0.442579451894999976
0.442464470376999985
0.442283028716999982
0.442363219217000003
0.442406802235999985
0.442537598861000026
0.442499388385000025
0.442492687042000010
0.442509290195999994
0.442440468583999991
0.442338546729000026
0.442325796917000025
0.442285262068999985
0.442168033013999984
0.442501366775999994
0.442376718672000013
0.442372175556000002
0.442222062003000016
0.442257155894999976
0.442593999377000002
0.442370117389999984
0.442363352564999979
0.442290789864000000
0.442498783885000024
0.442431814964000025
0.442438858215999986
0.442641716613999980
0.442655013671999997
0.442437248733999977
0.442359797582000003
0.442479883738999991
0.442391983744999995
0.442347827912999980
0.442633094773999980
0.442405536134999999
0.442370345549999988
0.442437567919000019
0.442624609647999989
0.442417995316000012
0.442493762319000006
0.442445748611000000
0.442405440370000014
0.442520480990000020
0.442558596056999987
0.442579662353000003
0.442582243137000009
0.442498912241999998
0.442573606334999980
0.442549083504999996
0.442535087348000011
0.442572164423000014
0.442652733066000004
0.442630445631000013
0.442701540286999984
0.442565090250000015
0.442456226811999975
0.442589540452999974
0.442436851695000022
0.442387142118000010
0.442281972598999984
0.442294014063000007
0.442333259205999973
0.442380235346000017
0.442449359287999999
0.442374044651999976
0.442553454745999997
0.442634514513000010
0.442477030203999977
0.442478796793000007
0.442391219085999987
0.442491249332999992
0.442316903824999996
0.442251308539000021
0.442384246393000002
0.442481752720999988
0.442507101771999978
0.442487132614000023
0.442412786517000001
0.442335354660000013
0.442389478391999991
0.442708961833999992
0.442325536931999996
0.442292370416000002
0.442366262161000001
0.442356252946999984
0.442469006652999985
0.442562576777000005
0.442771955331999978
0.442578502885000002
0.442551034630000006
0.442600053325000020
0.442566155136000006
0.442406464029000024
0.442457453185000016
0.442650400325000026
0.442199531990999983
0.442333092573000020
0.442323963968999978
0.442437888213000008
0.442560962843999983
0.442374970146000024
0.442543458916999977
0.442490048640000022
0.442462471149000003
0.442359153617000012
0.442457473069000018
0.442294679974999994
0.442392688970000003
0.442500940309999979
0.442384353673999975
0.442549723921000004
0.442559032878000025
0.442546016594999980
0.442448027060000026
0.442241989514999989
0.442120678521999988
0.442306621738000005
0.442274703084000020
0.442428271865999978
0.442267480641000021
0.442312521745000020
0.442232435902000010
0.442114211772999977
0.442548540928000000
0.442179524450000028
0.442449734004999984
0.442446011450000010
0.442454581078000009
0.442455887296999972
0.442549529506999995
0.442660400080000016
0.442576397542999989
0.442558029643999984
0.442520974753000007
0.442527129108999995
0.442575355584999997
0.442592547785000012
0.442646176323999996
0.442469739131000017
0.442296230334999985
0.442116537096000017
0.442436734170000012
0.442434067430000022
0.442510264154000021
0.442322867359000005
0.442362376042000016
0.442530467423999985
0.442461417274000013
0.442341809789999985
0.442347630511999990
0.442276717814000020
0.442346674158999975
0.442614611729000018
0.442474649002000009
0.442432648967999997
0.442586404130999977
0.442303698186000016
0.442418337273999984
0.442380977369000006
0.442169856994000021
0.442243007306000024
0.442496139454000015
0.442736587133999993
0.442595186625000026
0.442634389686999974
0.442400505145000011
0.442511651931000005
0.442456758113999982
0.442344136458000026
0.442228184994999995
0.442344133364000025
0.442559857318000016
0.442303713842000013
0.442343047328000005
0.442238971490000021
0.442349649180000026
0.442274826489000017
0.442320313676999977
0.442326606141000001
0.442292261888000027
0.442270410206999975
0.442417911456000013
0.442333970500000007
0.442087923007000005
0.442189043690999983
0.442220384336000027
0.442214512140999993
0.442188369904000012
0.442313949360999992
0.442584022681000000
0.442549991375000007
0.442518057304999990
0.442389764404000019
0.442642595590000021
0.442565121484000012
0.442297684134999980
0.442435351350999984
0.442304310084999985
0.442522520364000027
0.442441137468999990
0.442538295907999979
0.442711938663000015
0.442511945660999995
0.442482509375999977
0.442618027417000015
0.442547500310999986
0.442471929358999982
0.442536877656000027
0.442559412335000013
0.442670411345000014
0.442814232606000002
0.442536544352999994
0.442592433067000024
0.442435718176000026
0.442530809789999979
0.442668387027999988
0.442708853618999976
0.442456827622000004
0.442453061119999991
0.442508697324000000
0.442522710302000022
0.442491300623000017
0.442396754308000018
0.442443673169000018
0.442376435459999995
0.442260615758999998
0.442348231787000001
0.442424298483000022
0.442419584944000022
0.442194624513999990
0.442241850386000002
0.442326681226999974
0.442440572377999997
0.442327063623000005
0.442214678349000023
0.442363562222999995
0.442621012252999990
0.442467117853000025
0.442427947059999993
0.442497423062999995
0.442468327873999978
0.442669371733000028
0.442521369364999972
0.442411943980000000
0.442565009610000004
0.442644745722999999
0.442579555509000022
0.442437590433000016
0.442702824695999975
0.442728314219999974
0.442543021046000018
0.442425498279000018
0.442651243560000018
0.442655438703999982
0.442494293659000004
0.442442836509000015
0.442612272854000011
0.442543125154999994
0.442564065328000023
0.442519828221000000
0.442556188966000019
0.442476380965000027
0.442298896363000016
0.442458497715999988
0.442592932742999989
0.442618392793000026
0.442462498036999996
0.442546804954999984
0.442347486414999991
0.442425839441999980
0.442358019213999976
0.442260966957000012
0.442218792410999983
0.442325969410999997
0.442454568544999982
0.442424207266999991
0.442580662675999992
0.442648766882000000
0.442619751005000006
0.442297855928000028
0.442319160350999996
0.442461988503999981
0.442449761629000016
0.442457761200999999
0.442446692678999998
0.442566620904000008
0.442396027269000014
0.442339774487999993
0.442453767389999975
0.442567128402000021
0.442476525667999998
0.442514815961000008
0.442590102709999988
0.442410085883000015
0.442251508602999999
0.442369801723999978
0.442124015639999979
0.442245178259999983
0.442495528994000020
0.442229768698000014
0.442269338836000003
0.442354911188000022
0.442457747607000018
0.442411382374999995
0.442509025679000023
0.442829887335000005
0.442502290319999991
0.442458430593999974
0.442459583436999981
0.442427581818999993
0.442382156309000019
0.442303727609999975
0.442345183578999990
0.442239717255999976
0.442086577576000006
0.442236969320000006
0.442504505898000000
0.442383931906000005
0.442464786331000004
0.442653793690999997
0.442671337602000003
0.442432155426999985
0.442238512643000015
0.442087837227999991
0.442261509446000012
0.442388647723000017
0.442455279001000013
0.442495279562000021
0.442356421654999998
0.442485136100000009
0.442649372576999989
0.442683714522000005
0.442424262045999994
0.442469679446999997
0.442300036110000017
0.442294005596000017
0.442248853373999995
0.442166425789000006
0.442500755753999997
0.442535233555999996
0.442417486154000006
0.442333166717000015
0.442250757917000026
0.442617573227999994
0.442369784634000007
0.442223095033999980
0.442315920515000016
0.442518535699999993
0.442480829262999975
0.442492604600000006
0.442417673595000005
0.442334214991000008
0.442297770091000020
0.442535947120999973
0.442621931555000014
0.442738530201999991
0.442757935504000000
0.442662336604000006
0.442708665256000000
0.442830165228000006
0.442707737839000026
0.442635678370999985
0.442527054611999981
0.442618575060000019
0.442438585115999983
0.442613325978000016
0.442523402258999998
0.442499763523000023
0.442627498148000009
0.442751714206999991
0.442632482882000022
0.442583624700000011
0.442402807229999973
0.442602779642999988
0.442448093255000008
0.442493307230000021
0.442647791404999991
0.442594723726999983
0.442676131282999985
0.442654622132999997
0.442390729727999976
0.442303398043999985
0.442280942828000012
0.442189284233000024
0.442437770610999981
0.442329919228000024
0.442329093449999988
0.442407508163999985
0.442310063483000004
0.442278102509000015
0.442255121324000022
0.442172017267999984
0.442406418279999991
0.442350577974000014
0.442604093887000005
0.442556238069999996
0.442641079614999988
0.442407539362999980
0.442377962994999985
0.442526128417000009
0.442800034600999981
0.442691967871999992
0.442626129192999984
0.442638719602000019
0.442729863275000024
0.442701228452999973
0.442885348856999983
0.442510924232999980
0.442541453844000010
0.442487477066999979
0.442591629551000010
0.442655514565999997
0.442532966345000001
0.442541417257000025
0.442518500302000017
0.442511523962999975
0.442417887093999984
0.442250730172999984
0.442201321024999983
0.442240309351999983
0.442557129451999987
0.442594485250999981
0.442709400187999980
0.442563015589000019
0.442502155334000002
0.442554335999999993
0.442656243795999993
0.442236902067999982
0.442381396451999975
0.442381234356999997
0.442340953804999992
0.442500518981999991
0.442552576821000021
0.442530663691000026
0.442540482588999973
0.442627097134000003
0.442508799123000007
0.442310909595000024
0.442415340671000024
0.442410392598000024
0.442375232170000021
0.442509082328999992
0.442461283325000010
0.442269899801000010
0.442264606253000014
0.442381179928000023
0.442519234623000024
0.442378617164000010
0.442435965081000027
0.442538878967000004
0.442537744180000026
0.442628889319000018
0.442687301658999999
0.442529633791000021
0.442485980273999990
0.442417220017000012
0.442222272458999976
0.442163747913000005
0.442415172435999982
0.442352435832000013
0.442358561957999996
0.442377996253999983
0.442264188559000015
0.442442955251000025
0.442340093855000005
0.442292687344999991
0.442487320540999984
0.442424088998999987
0.442445221810000011
0.442216758709000013
0.442239416556999998
0.442271821314999980
0.442434726735999984
0.442376929392000018
0.442262460289000015
0.442493559219000021
0.442321700022999975
0.442313292764999977
0.442224063647000010
0.442149612766999989
0.442128628517000022
0.442364451976999973
0.442289565188999978
0.442314172650999982
0.442434951809999977
0.442420130251999999
0.442595937476999990
0.442479639217999987
0.442499475289000022
0.442363438220999994
0.442460529955000015
0.442618067110999991
0.442542429331000020
0.442462429162000015
0.442355486580000012
0.442393622832999989
0.442219166379999973
0.442197061582000006
0.442256979692000007
0.442166380874000009
0.442127266929000007
0.442305734918999993
0.442227073412999994
0.442453455539000007
0.442366270130000017
0.442391005963999995
0.442464208987000007
0.442236365711000001
0.442217936570000025
0.442228117909999996
0.442427557768000024
0.442485758537000007
0.442477135648000008
0.442326008797999992
0.442378411947000005
0.442512793904999979
0.442481477680000013
0.442610177049000020
0.442303161767999997
0.442165626791999999
0.442357338104000020
0.442264779104000028
0.442167869336999975
0.442162592626999973
0.442214380196999990
0.442282379717000018
0.442230529026000019
0.442434124802999984
0.442409182337999973
0.442316787983000004
0.442378442549999973
0.442435106141999990
0.442511756438999981
0.442430247800999987
0.442495379345999973
0.442539208695000019
0.442367148386999975
0.442545975036999995
0.442443582552999981
0.442519898480999985
0.442450791520999975
0.442528719269000004
0.442409918017000026
0.442404600603999998
0.442419601960000020
0.442353436273000000
0.442317105930999988
0.442517029557000008
0.442624322776000001
0.442526005158999980
0.442609493088999995
0.442428778289000013
0.442348989010000027
0.442420334312000008
0.442376799835999979
0.442380694389000018
0.442508451786999990
0.442215778564000017
0.442314570999999990
0.442347191758000025
0.442341892931000014
0.442122142182000022
0.442135540654000014
0.442406249212999980
0.442634925083999986
0.442695811441000009
0.442686120497999991
0.442583732810999997
0.442373582355999995
0.442399403106000011
0.442568147879999985
0.442361133248000027
0.442485065106999975
0.442393624589000001
0.442366387894000013
0.442378503191000028
0.442363112617000009
0.442341332305000001
0.442325435902000019
0.442276247743000006
0.442369781617000024
0.442352210367999987
0.442290102000000018
0.442455832022000006
0.442296282287999998
0.442349206360000025
0.442379561016999989
0.442304698413000019
0.442359026175000003
0.442271626811999996
0.442324620007999991
0.442281356209999976
0.442357899715000003
0.442457874061999989
0.442471009164000006
0.442503257046000020
0.442394864198000004
0.442456387211999980
0.442617394128999975
0.442584755577000000
0.442527476091999994
0.442307415892999989
0.442273128766999979
0.442227108703000027
0.442378660583000016
0.442426138382000012
0.442388208313999998
0.442438810249999981
0.442460296290999977
0.442583466566999983
0.442570590784000018
0.442540017050999990
0.442279645606000027
0.442226540625999975
0.442601419099000026
0.442426256327999978
0.442488127549000021
0.442495764510999978
0.442654816808000007
0.442671568417000005
0.442419367620999981
0.442484541758999983
0.442626643300000011
0.442656571667999987
0.442622733320999995
0.442590033724000020
0.442412255613000016
0.442453485214000020
0.442399206815999979
0.442392082445000001
0.442270586681000000
0.442250149430000017
0.442288110419000013
0.442511498768000000
0.442473731523999991
0.442500371501000023
0.442324941799999982
0.442391649735000003
0.442701917160999991
0.442360604849000028
0.442362878012000027
0.442471925581999992
0.442484901371999972
0.442363771833000019
0.442355742843999977
0.442245332702000005
0.442218473607000007
0.442471126774000023
0.442441569716999994
0.442340221101000020
0.442461935872000001
0.442630294764000010
0.442697919436000009
0.442533283953000012
0.442433759167999985
0.442246921209999977
0.442263712066000014
0.442318323770000021
0.442355893973000014
0.442362800948999990
0.442315237256000027
0.442334716286999996
0.442364810345000026
0.442587670345999995
0.442365970273999987
0.442453890914999981
0.442434976516999978
0.442481084989000018
0.442360982339999986
0.442334729335000010
0.442468690740999981
0.442388554767999986
0.442620433184999995
0.442604170600000013
0.442630698767999986
0.442552367459999985
0.442460092013999995
0.442391951579999998
0.442520071725999997
0.442455257172000016
0.442443759047000007
0.442386997283000016
0.442363044619999979
0.442349065125999974
0.442460687470000003
0.442404158350000021
0.442434167247000021
0.442542889052000010
0.442520132828000012
0.442438680249000016
0.442482701995999983
0.442377192189000013
0.442634826889000021
0.442671020731000009
0.442669772224999980
0.442535495526000022
0.442519978367000022
0.442718572678000022
0.442498485765999983
0.442389357197000010
0.442470569579999973
0.442570432522999990
0.442553104824000010
0.442599738751999983
0.442529992742000000
0.442456069023999976
0.442416397056999977
0.442531013375000004
0.442426060256999987
0.442385893207999981
0.442401906597000016
0.442558398527000019
0.442455812609999999
0.442376989858999980
0.442282109696999992
0.442311703165999992
0.442428463727999988
0.442566833333000009
0.442554411076000020
0.442549324074999972
0.442525492183000024
0.442444242493000017
0.442414636478999979
0.442589665033999990
0.442315855260999979
0.442345759170999997
0.442243534250000014
0.442435136703999976
0.442519792788000021
0.442414392313999982
0.442427371188999996
0.442492776325999981
0.442480164028999978
0.442359106923000012
0.442528156193000011
0.442598394050999988
0.442683651150000024
0.442580814897999997
0.442453950905000004
0.442475930743999990
0.442328591218999978
0.442443954192999978
0.442378197171000020
0.442288235360999982
0.442378811225000002
0.442450864607999983
0.442554696194999986
0.442505616295999993
0.442407071390000017
0.442381005433000019
0.442333294681000022
0.442371783661999973
0.442555056595999974
0.442418875147000012
0.442527934364000008
0.442539279856999979
0.442404966269000000
0.442381182809999995
0.442350578436999986
0.442382760164000022
0.442075533337000004
0.442225349139000024
0.442303444060999973
0.442201968130999989
0.442326050919999991
0.442301410366999992
0.442161219285999996
0.442010700786000021
0.442056923900999987
0.442350907575999985
0.442297857893000024
0.442341348661999978
0.442298335514999974
0.442199278711000010
0.442239959738000010
0.442096307269000011
0.442347238854999991
0.442296981280000001
0.442156145511000020
0.442208486798999989
0.442435331042999980
0.442438887717999996
0.442321788880999989
0.442408086819000013
0.442448837177999987
0.442514732816000012
0.442408338185000027
0.442281402278999980
0.442367406927999973
0.442561246570999989
0.442458331702999974
0.442434155328000012
0.442307348912000020
0.442330325108000022
0.442251196723000006
0.442310324777999975
0.442279934120999974
0.442227012540000020
0.442360785408999979
0.442326816331999995
0.442497949225000020
0.442481951315999988
0.442307285682000006
0.442203663971000027
0.442264181526000000
0.442127433545999982
0.442490313500000010
0.442479919898000007
0.442435534670000019
0.442519620343999998
0.442268047544999987
0.442431996449999976
0.442252333351000004
0.442439389608000000
0.442432935280999973
0.442413784748000027
0.442330802094999975
0.442365229713000019
0.442428958064999989
0.442382075498999994
0.442370529687000025
0.442348522716999981
0.442607178421000003
0.442666437359999998
0.442602989373000022
0.442554640748999972
0.442476697914999995
0.442318352771999990
0.442385649456999985
0.442400697208000016
0.442369648840000018
0.442547362456999993
0.442583177029999997
0.442366974144999980
0.442473675399000010
0.442516174087999981
0.442412668176999979
0.442594159466000003
0.442501149388999981
0.442364734471999976
0.442354555734000010
0.442396220931000006
0.442608368959000020
0.442474660357000005
0.442423371835000023
0.442246877190999976
0.442458091476999993
0.442499817903000026
0.442672603108999974
0.442642804705000004
0.442679743500000000
0.442483432219999973
0.442600193779000006
0.442195628025000009
0.442274433189999983
0.442099522011000001
0.442388249316000015
0.442387475857999979
0.442521908494000027
0.442440757126999984
0.442326978516999980
0.442446283336999979
0.442576022010000014
0.442379480878999976
0.442612764180999985
0.442419394101999985
0.442123669381000006
0.442313149166000008
0.442412629482999975
0.442442907034999999
0.442470932732999978
0.442403701368999980
0.442445542101000011
0.442345994932999975
0.442563232711999988
0.442449681544999973
0.442404677922000000
0.442469001244000015
0.442613891734000009
0.442583964524999984
0.442604909699999993
0.442616986769000020
0.442551324944000013
0.442533547094999979
0.442429992044999998
0.442233122260999978
0.442383507574000023
0.442293541790000022
0.442283937997999976
0.442362841590000000
0.442372257017999981
0.442526636802999973
0.442412800823999974
0.442378896701999980
0.442526851918999986
0.442590365355000015
0.442613908361000008
0.442336639520000019
0.442209726008000015
0.442374487159999996
0.442517960192999993
0.442562567331000023
0.442509485985999984
0.442503063565000021
0.442630747604999986
0.442762234684999978
0.442486961969000003
0.442417565050999995
0.442402518916000020
0.442562015204999992
0.442452439245999973
0.442469168600000018
0.442561012460999992
0.442541039912999978
0.442574000086999986
0.442543499180000022
0.442549227759000019
0.442335041337000023
0.442401359062999988
0.442423872303999988
0.442310475122999980
0.442466808441999981
0.442425202733000011
0.442281993573000021
0.442535285439999981
0.442380839257000003
0.442350065424999994
0.442645904759000008
0.442558194934999982
0.442647489198999988
0.442606817212999992
0.442540017251999984
0.442523601278999978
0.442471995481000024
0.442637375100000008
0.442440296597999994
0.442579644735000000
0.442691194273000022
0.442648740195000001
0.442451427038999978
0.442629873017000020
0.442545679610000020
0.442594881434999976
0.442545030559000019
0.442541427772000007
0.442495512849000017
0.442324161867999999
0.442344078526999973
0.442380693016000026
0.442362446287000000
0.442226488924999994
0.442286809374000001
0.442227582668999974
0.442206475975000013
0.442430563931999976
0.442392930234999981
0.442362218460999990
0.442344087805999986
0.442366209564000024
0.442559570745000019
0.442802436513999975
0.442816715841000019
0.442406282481999980
0.442514352177000025
0.442736709115000016
0.442508444356999986
0.442449612847000018
0.442296471706000005
0.442416756778000020
0.442241203413999973
0.442320265253000000
0.442476081696999979
0.442294234374000006
0.442268606620000004
0.442412983556000006
0.442328643229999985
0.442584081018999986
0.442394819250999993
0.442568226183999991
0.442407039314999972
0.442635941154999990
0.442658826875000022
0.442599956748000012
0.442453996542000016
0.442338006843999987
0.442221621148999988
0.442283167415999989
0.442553214628999991
0.442458960404999990
0.442311496746999988
0.442321603991000012
0.442268087277000010
0.442237002223999975
0.442336803532999978
0.442401427051999974
0.442514426603999977
0.442796812762000003
0.442622631827000013
0.442572025024000004
0.442342285203999985
0.442358628242000007
0.442306000167000002
0.442329418468000002
0.442446640118999979
0.442365056864000017
0.442449963316000006
0.442272588711000003
0.442363005254000019
0.442406741303999984
0.442421448032999987
0.442554170588999984
0.442653942488999974
0.442558138094000020
0.442776866516999990
0.442665974402999984
0.442649305212000022
0.442604121291999997
0.442372208790999977
0.442367838951999992
0.442540242839999987
0.442518445997000021
0.442343535678999977
0.442416577749000006
0.442638095171999979
0.442661034130999997
0.442575981376000016
0.442369068777999974
0.442316519879000003
0.442339698637000012
0.442611394496999988
0.442495936006999990
0.442495713196000007
0.442487234512000005
0.442394079544000007
0.442513263669999990
0.442409917985999990
0.442376548879000020
0.442422128726999986
0.442347489378000003
0.442244055939000014
0.442442479170000014
0.442493945258000010
0.442654890414000024
0.442571522328000011
0.442726294776000007
0.442587324216000000
0.442623514496999992
0.442463790352999986
0.442534930647999980
0.442505221431999995
0.442378452235999975
0.442423150386999975
0.442370712757999995
0.442506956043999977
0.442475218572000006
0.442555492456000010
0.442424792010999990
0.442470854608000008
0.442599721178000005
0.442640100333999975
0.442557921093999995
0.442509741171999982
0.442269442055999995
0.442239610386000015
0.442396419106000027
0.442309697386000011
0.442496062272000001
0.442530604376999981
0.442704592296000010
0.442682130424000009
0.442912922037999979
0.442722180610000016
0.442432407187999976
0.442520217225999990
0.442367982922000025
0.442317742381000023
0.442423186859000006
0.442401763966000006
0.442594479963999976
0.442442964855000009
0.442345389990000004
0.442250542600999996
0.442582440465999982
0.442405360274000015
0.442496767080999998
0.442167660803999996
0.442506769206000017
0.442379482140000002
0.442478983815000004
0.442449470163999992
0.442608214371999986
0.442427337352000016
0.442528082727999983
0.442372204779000022
0.442351375907000022
0.442506718065000026
0.442537182500999993
0.442539621724000021
0.442290481830000026
0.442217818845999977
0.442380937453999978
0.442260933382999988
0.442362010324000021
0.442443106947000009
0.442389775667999974
0.442464224359000013
0.442523828356999993
0.442438723629999975
0.442460435942999997
0.442434176206999985
0.442351875225000024
0.442656298910000023
0.442531980120000001
0.442524279121000008
0.442528238366000026
0.442609470323999998
0.442444553156999987
0.442703494653999996
0.442504070226000024
0.442589017149000008
0.442541334667000019
0.442494405779999989
0.442583353211000008
0.442493897937999980
0.442445337685999973
0.442340817398999997
0.442602172203999999
0.442489650785000022
0.442408248984999974
0.442408839468000026
0.442610038697999975
0.442512966843000011
0.442498612793999990
0.442512636552999994
0.442579786679999976
0.442455928481000016
0.442567895907999997
0.442441797455999986
0.442241786073999998
0.442569929510000015
0.442379471437999994
0.442241209442999994
0.442210893029999996
0.442246788263000012
0.442352146014000025
0.442444196640999987
0.442483901055000017
0.442409667341999990
0.442491853258999979
0.442391228788000024
0.442373338211999978
0.442215824317000017
0.442183331693000004
0.442465630147000022
0.442295684791999988
0.442342778242000023
0.442264193590000021
0.442215299178999988
0.442414245677999973
0.442512152373000012
0.442569366198000025
0.442384321330999974
0.442338830417000006
0.442343911877000007
0.442523671035000010
0.442488195194999989
0.442492593365000020
0.442361375908999988
0.442427265535999981
0.442312291931000023
0.442427153570000009
0.442539052903999974
0.442609895643000018
0.442567387749000007
0.442386342835000002
0.442503115627000010
0.442403074612000013
0.442304127031000027
0.442395548483000001
0.442255926460000004
0.442270949031000005
0.442441834154000013
0.442503181264999990
0.442580970698999987
0.442494884442000025
0.442484752673000026
0.442551980904999975
0.442697703095999984
0.442572037837999976
0.442568795331000020
0.442479391654999998
0.442585288530999987
0.442712765999999980
0.442437718456999973
0.442536291402999993
0.442480537720999989
0.442413585597999981
0.442465922002000023
0.442385634641999981
0.442313892283999976
0.442362028939000007
0.442244321832000020
0.442421422762000027
0.442546349760999991
0.442437713836000002
0.442314941670000017
0.442362790979999976
0.442519425954999990
0.442295704485999974
0.442318468360999972
0.442279638879999992
0.442443261889000017
0.442532284223999983
0.442729677132000010
0.442380149153000002
0.442371631930999987
0.442356055068000020
0.442457576991000023
0.442233741590000007
0.442407405711999990
0.442359392055000022
0.442237216854000026
0.442538268520999978
0.442469931593000021
0.442374762099000007
0.442319576730999975
0.442468602250000009
0.442496377842000022
0.442378489365000016
0.442545349021999990
0.442313061497000004
0.442285746079000008
0.442382325588999981
0.442424891591999991
0.442574400159000014
0.442523452107999982
0.442561275307000013
0.442578404756999999
0.442548260540000016
0.442638678713000000
0.442720000712999995
0.442632306259999997
0.442538327133000009
0.442309683828999989
0.442278869625999993
0.442320202986000000
0.442406473796000010
0.442544542800999974
0.442536875988000011
0.442623304230999992
0.442771598701000024
0.442417590144000006
0.442460578290000017
0.442619245912000026
0.442453190444999978
0.442513898457999988
0.442497943273999994
0.442417734858999989
0.442697039253000024
0.442764007949999983
0.442602979499999993
0.442575941422000019
0.442723951471000021
0.442585656584999987
0.442540417617000026
0.442687521610000023
0.442487099975999998
0.442391105710999988
0.442208136259000018
0.442224885584000027
0.442532246728000012
0.442514984798999977
0.442434639951999997
0.442360685525999997
0.442788452655999976
0.442650062522000010
0.442755816570000016
0.442655986833000004
0.442429602929000021
0.442317800591000010
0.442336859011000005
0.442535296319999993
0.442557240796999984
0.442628869323999974
0.442591270164000017
0.442530822920999989
0.442504804448000000
0.442507541068999977
0.442315704543000010
0.442183676545999993
0.442462398041999994
0.442625302848999980
0.442677281932999989
0.442553051902000005
0.442536908083999980
0.442542665408000024
0.442237720238000009
0.442159673395000008
0.442405675057000014
0.442453277270000001
0.442611409801000000
0.442376485310000012
0.442478794996999991
0.442511325456000026
0.442526138898000021
0.442473906764000002
0.442516101908000004
0.442643758501000018
0.442525396153999995
0.442505015901999976
0.442655352341999986
0.442766756224000024
0.442816708918999991
0.442587815210999991
0.442455920461000018
0.442461555437999976
0.442416541355000026
0.442310207002000022
0.442294021573999996
0.442333323971000003
0.442268003545999988
0.442162638840999989
0.442275971064000017
0.442395480625000004
0.442419335844999984
0.442316646501999977
0.442177465406999981
0.442443272981999980
0.442518314405999980
0.442409015259999983
0.442495505248000021
0.442361965006000002
0.442412363674999976
0.442342931647000004
0.442417350676999999
0.442379710678000027
0.442589942803000014
0.442464473701999983
0.442286375160000023
0.442472774489999998
0.442674521712000002
0.442636494007000003
0.442545415245000018
0.442549260682000012
0.442656193900999972
0.442697340381999982
0.442754508132000013
0.442626243422999999
0.442543312445999981
0.442539124763999980
0.442477621302000024
0.442692501971000019
0.442555313587999988
0.442433290092999976
0.442279554394999996
0.442311097616000015
0.442479316171000003
0.442364505236000016
0.442194090802999984
0.442421575110000020
0.442401886211000017
0.442500867492000016
0.442360108984000022
0.442347394178000008
0.442395974054999974
0.442308506694000014
0.442334693968999992
0.442292904059000014
0.442420502215000011
0.442385501931999991
0.442386885625999982
0.442541994685999973
0.442197599481999992
0.442429120755999994
0.442476121258999988
0.442318907190999977
0.442503060863000008
0.442602117535000006
0.442626662928999992
0.442503065450000010
0.442429956070999997
0.442500775507000010
0.442361057379999978
0.442347457083999973
0.442414901831999996
0.442546843967999981
0.442606115788000021
0.442502271180999995
0.442340832321999999
0.442443316942999987
0.442398376280999983
0.442515110396000000
0.442545391836000002
0.442514711659000026
0.442624933810000010
0.442536018304000023
0.442548840662000009
0.442420204059000011
0.442447924853999974
0.442343066713999977
0.442335779543999996
0.442441181961999996
0.442540751846000002
0.442540052603999978
0.442465057439999976
0.442512088407999993
0.442304719324000006
0.442040591543999994
0.442236424487000013
0.442237833804000002
0.442292821562999983
0.442324874478999985
0.442316845994000007
0.442376858962999997
0.442322245499999989
0.442369862213000009
0.442311436331000007
0.442254397359999996
0.442213974371000018
0.442132485121000007
0.442309118489000008
0.442469851688000015
0.442620939996999974
0.442646987666000025
0.442476258725000016
0.442535618563999977
0.442406979704999981
0.442476952875999974
0.442432692209000000
0.442353959422999987
0.442447476258000016
0.442579663221000008
0.442464145222000005
0.442426725575999991
0.442329803741999983
0.442537209559000000
0.442481101762000006
0.442538593204000019
0.442527676957000016
0.442401814260000026
0.442439641303999986
0.442471604942999974
0.442383685857999975
0.442323871844000016
0.442486319081000001
0.442535669507000018
0.442534965632000010
0.442364353802000010
0.442367325804000011
0.442562916267000006
0.442377919092000027
0.442368545715999983
0.442342747593000019
0.442391625043999981
0.442596903325000013
0.442486034533999983
0.442461598665999989
0.442397678231000013
0.442257172134000009
0.442393190395000024
0.442405634476999987
0.442401673142000018
0.442269304264000018
0.442148515585999990
0.442295317562000023
0.442404134542000005
0.442206145178999976
0.442421243605000014
0.442363320649000025
0.442296477294000012
0.442272170969000011
0.442312058416000020
0.442277473661999987
0.442287641331000014
0.442299552531000006
0.442529805336999982
0.442450432522999981
0.442299405242999988
0.442389570585000003
0.442351187894000020
0.442492399011000015
0.442514446855000021
0.442374998354000015
0.442448313041000019
0.442564027791999992
0.442501574585000002
0.442454813301999983
0.442372902974000004
0.442491982815000018
0.442488739733000014
0.442592586020999990
0.442495488503000023
0.442404745905000008
0.442263209631000020
0.442334198346000018
0.442533832056999976
0.442631595892000018
0.442609299432999981
0.442673021946000000
0.442596403384000026
0.442574633988999988
0.442702983335000022
0.442548016295000013
0.442466721032000021
0.442407976957000015
0.442256410747999984
0.442451964214999993
0.442425409105000000
0.442272978222000013
0.442317995871999992
0.442443136914999979
0.442445342223000027
0.442408516857000000
0.442421040074999994
0.442485780966999975
0.442399945284000007
0.442487410505000012
0.442512590997000022
0.442278405880000003
0.442421829824000024
0.442444867367000005
0.442355206692000014
0.442288915532999982
0.442324893973999989
0.442429106939999983
0.442499516333999976
0.442469280487000016
0.442334660913000000
0.442494916916000014
0.442397574299999985
0.442387072822999994
0.442370587227999990
0.442320950205999985
0.442310627321999994
0.442579274377999987
0.442688921891999987
0.442743860654999988
0.442459698233000021
0.442535521260999987
0.442498771778000011
0.442624022183999988
0.442439651245999988
0.442312687147999983
0.442068879199000009
0.442150668661000001
0.442356903141999991
0.442237401817999976
0.442250005175999994
0.442284693752000024
0.442230635290999985
0.442383026540999980
0.442324890447000019
0.442506911175999995
0.442512030547999979
0.442646745436000022
0.442451720230000012
0.442176772428999998
0.442307340531000015
0.442353888207000001
0.442550242817000006
0.442503762635000020
0.442467476999999998
0.442484671680999975
0.442530645649999999
0.442384027095999999
0.442397888572999998
0.442326072509000023
0.442470381232999976
0.442438315924000014
0.442487054549999981
0.442470625999000000
0.442248713575000008
0.442116271898000013
0.442216864765999973
0.442082572208999991
0.442222686573000012
0.442225737677000019
0.442260153458999994
0.442149928813000026
0.442128257585000017
0.442382161089000026
0.442519830213000009
0.442440387549000003
0.442469782077999974
0.442313301499999978
0.442553931560000002
0.442465432825999982
0.442721488762999993
0.442687785378000020
0.442554297880000003
0.442481291441999991
0.442525934574000024
0.442374702703999978
0.442541263718000011
0.442697469999000004
0.442718486410000001
0.442393822059999997
0.442360665784999996
0.442176229117999975
0.442421348998000008
0.442548508803000007
0.442418639261999980
0.442570812172999983
0.442419300849999975
0.442424108619999978
0.442329841832000026
0.442206728626000023
0.442212671813000002
0.442386208170000017
0.442350812305999985
0.442207987656000001
0.442273672534999995
0.442363814402000011
0.442367235207999976
0.442464480494999979
0.442594383543999992
0.442413217733999997
0.442461564543000008
0.442232023789000006
0.442365373123999983
0.442382489820999980
0.442416308185999974
0.442412231012000001
0.442418037810999976
0.442426613299999993
0.442122845747999982
0.442244751288000004
0.442407812579000026
0.442315360237999999
0.442267516791000015
0.442491500312999997
0.442247979309000006
0.442570825519000011
0.442308931469000022
0.442242402583000016
0.442253875314999989
0.442512574004999992
0.442690748369999998
0.442778674699000008
0.442603062127999991
0.442579088471000026
0.442503525180000024
0.442458793414000018
0.442449785054999989
0.442351863457999983
0.442418340756999984
0.442425880456999987
0.442608032273999974
0.442500436582999979
0.442600687710999974
0.442895142663000008
0.442701756494000009
0.442720349608999975
0.442467066342000004
0.442330582620000023
0.442397479726999998
0.442473738434000008
0.442572388624999979
0.442384866799000021
0.442474098340000010
0.442542100283999984
0.442402520710000025
0.442332207014000001
0.442333265051000013
0.442407874716000016
0.442386542782999992
0.442581481142000022
0.442366590216999978
0.442229427359000005
0.442371157545000004
0.442340838869999975
0.442286339505999992
0.442260411297999978
0.442366427735999990
0.442541583093999991
0.442429276661000015
0.442405023361999994
0.442376682630999996
0.442386908344000018
0.442428965725000012
0.442304480998000016
0.442337814010999975
0.442278130827000016
0.442450881721999978
0.442634654615000012
0.442446095643000026
0.442536829149999977
0.442649820688999995
0.442474200884000024
0.442631160635000021
0.442500342303999983
0.442466834990000002
0.442432642438999990
0.442528355726000022
0.442461953006999975
0.442529030097000009
0.442565260696999974
0.442599437704999987
0.442761232514000014
0.442585695356999986
0.442520390037000000
0.442481080701999985
0.442408830014999976
0.442344972590999974
0.442367441477000023
0.442300722832999982
0.442247402186000005
0.442472491706000004
0.442492852200000009
0.442465874574999973
0.442439130615000009
0.442395485992999993
0.442702729869000000
0.442654044206999997
0.442666472528000010
0.442585817092999989
0.442644171929000019
0.442494311274000018
0.442573272951999996
0.442243052335999975
0.442306393633000006
0.442297177187000012
0.442558782160999975
0.442401137584999993
0.442289625758999994
0.442294585575999988
0.442404715093000001
0.442440554586000012
0.442502810618000009
0.442386823272999996
0.442351876340999983
0.442405692168000020
