0.432882918753999979
0.432756439574000007
0.432766507560999991
0.432888585272000026
0.432926077783999996
0.432958346687000006
0.432796135876000021
0.432599503208999980
0.432808188230000002
0.432967099613999984
0.432977609162000010
0.433092558063000010
0.432690960806999980
0.432828504835000016
0.432761110446999997
0.432825133952999985
0.433040027907000025
0.432918038935000027
0.433051217022000001
0.432784025575000009
0.432880914712999998
0.432942306256999976
0.433097884315999992
0.432926638766999994
0.432927651166999994
0.432875061308000020
0.432980767356999974
0.432914548923000020
0.432880476936999992
0.432756297675000012
0.432732968476999991
0.432808258291000003
0.432778441726999974
0.432783573021999990
0.432835206359000024
0.432972683543000003
0.433078008763999989
0.432873116609999997
0.432900027495999984
0.432879936853000025
0.432768782989000012
0.432857536641000018
0.432933408362999983
0.432857566819999984
0.432842526504000014
0.433020948141999984
0.432985095054999991
0.432696621504000012
0.432900915925999996
0.432862904208999977
0.432797158984000008
0.432946480585999993
0.432919466889999993
0.432834701391999976
0.432788793685999984
0.432796466764000021
0.432944778201000025
0.432645684975999978
0.432665683849999982
0.432795359336999974
0.432883809840000022
0.433022771207000001
0.432881147319000015
0.432692062953999979
0.432742755681999991
0.432843655541999994
0.432718781107999995
0.432693667617999989
0.432735547739000026
0.432625083733000015
0.432609325897999997
0.432690036654999999
0.432742782709000018
0.432633964885000000
0.432741762915999972
0.432949461031999994
0.432824840504999975
0.432869671068000006
0.432826901641000017
0.432827826864000009
0.432801888347999986
0.432788290307000001
0.432818236277000001
0.433204633113000004
0.433036567827000007
0.432892513598999995
0.432715527034000014
0.432744132306999985
0.432916858515000003
0.432859338962000018
0.432650000894999998
0.432736780726000025
0.432830574344999996
0.432811997549999994
0.432686349527000025
0.432880394428000026
0.433005559061000023
0.433213109892999992
0.432962600480000015
0.432773181163999987
0.432644513047000023
0.432889629361000006
0.432772984578000008
0.432776851618999980
0.432910050488000020
0.432840141384999988
0.432632235327999992
0.432658358357000006
0.432836501390999995
0.432774657065999990
0.432718668199000012
0.432947666015000010
0.432802963997000023
0.432860224344000011
0.433002897426999989
0.432851375061000021
0.432984487997999989
0.432984470978000024
0.433051002791999984
0.432822519319000010
0.432976656269000004
0.432825706227000007
0.433088055234000013
0.432848376008000024
0.433089152127999977
0.432784934025999990
0.432926550161999990
0.432759789474000012
0.432794314740999997
0.432853390554999995
0.433027580369999998
0.433126908503000008
0.432916559503999987
0.432956276021000008
0.432942892801999990
0.433029852601999998
0.432979479095999986
0.433009358033999980
0.432846186821000012
0.432998241198000011
0.432811554504999974
0.432937671796000012
0.433064636052000018
0.432971374236999995
0.433112075498000015
0.432896192803999991
0.432909910299999978
0.433174662554999979
0.433124606231999998
0.432988407163000022
0.433075448121000017
0.433232293719999995
0.433069866495000011
0.432864568291000007
0.432951639325000026
0.432935535658000026
0.432700528043999999
0.432779097800000012
0.432785511451000027
0.432977351437000002
0.433055524053000018
0.433045138280000019
0.432795793716999999
0.433001350454999989
0.432904474189000021
0.432871759051999982
0.432857851031999974
0.432659314809999973
0.432702798436999991
0.432741724963000007
0.432954698917000003
0.432776460561999976
0.433071017562000005
0.432958342988000011
0.433086212023999995
0.432999459197999981
0.432940270753000012
0.432811122095999978
0.432668337244000001
0.432580936851000020
0.432658064319000002
0.432907630501000007
0.432917242450000017
0.433073926421999988
0.432973913591999993
0.433056490698000007
0.433088443373999987
0.432818605028000014
0.432897119715000001
0.432927202336999994
0.432911373953000000
0.432908631504999974
0.432852139442000017
0.432871111876000025
0.432874171882999981
0.432908176460000016
0.432972003271999972
0.432830031504999990
0.432626828334999991
0.432745045549000007
0.432906475025000015
0.432894221756000008
0.432796514989000014
0.432975169228999979
0.433027457858999987
0.432747358212000000
0.432921818665000013
0.432917017633000001
0.432867203292999991
0.432728055842000026
0.432909979305000026
0.433029749540999986
0.433052487024999988
0.433140047571999975
0.433098374223000016
0.433022057730000021
0.432982440653999989
0.432922192990000010
0.432950243000999990
0.432878360326000022
0.432849521141999982
0.432956470905000002
0.432747777803999978
0.432822744453999986
0.433014270979000027
0.433141422047999991
0.433176758491000014
0.433106502102000024
0.433076707770000013
0.433093868047999986
0.432803408494999986
0.432994908454000016
0.432983529967000014
0.432914133275999979
0.433037850707000016
0.433094812581000022
0.433052919904000022
0.432884850681000022
0.432831892975000021
0.432689150894999985
0.432937887540999988
0.432910798272000019
0.432903020608000011
0.432818690683999974
0.432892999065999984
0.432834773396999994
0.432819924038000015
0.433070129407999993
0.433105313732999986
0.432816361307000019
0.432833189956000008
0.432989614121999988
0.432628409160000005
0.432933391524000011
0.432965043666000027
0.432952563968000026
0.432926499617000027
0.432892620286000007
0.432845457027999980
0.432947785558999987
0.432967820351999988
0.433074092984999992
0.433038836551999984
0.433090643617999982
0.433114456408999982
0.432911255975999998
0.432818236404000023
0.432936677165999984
0.433058902721000005
0.432929096939999980
0.432988766151000015
0.432965665250000020
0.433113063181000013
0.433125940238999974
0.433142572607999987
0.433059557114000016
0.433083404146999973
0.432885030999999976
0.432748240996999989
0.432814640011000007
0.432970280516000006
0.432864979338000000
0.432591773314999983
0.432618330286999975
0.432765293409999974
0.432943101843000000
0.432802344396000016
0.433002423618999988
0.432781343115999972
0.432802414134000002
0.432969460881000023
0.432848535816000024
0.432694171964000007
0.432925799000999978
0.432743628541000014
0.432938768944000019
0.432862271437000012
0.432870398192000017
0.432585036912999987
0.432793802303999997
0.432811688783000026
0.432849532104000012
0.432869864722000008
0.432994458646000002
0.432991003837000010
0.432961405370999974
0.433086429383999993
0.433173195994999982
0.432931454802999993
0.432907312704000014
0.432845415143000012
0.433017771566000020
0.433129516029999995
0.432962241676999982
0.432833750723000010
0.432795569498000021
0.432867093187999985
0.432964811625999979
0.432821410261999995
0.432827751544999972
0.432875593642999990
0.432604832552999974
0.432750719580999976
0.432672752027999985
0.432873763347999985
0.433048390559999996
0.432911332988999975
0.432960438266999981
0.432872679789000014
0.432919372710000028
0.432890563873000012
0.432786643453999975
0.432866014607000027
0.432847846260000002
0.433005484391000006
0.432972991390000006
0.432901590881999976
0.432810576798000002
0.432669846149000004
0.432590377241000024
0.432694021016999997
0.432984669318000004
0.432847155044999987
0.432841377154000007
0.432814089673000002
0.432604698740999993
0.432547527608000026
0.432744706124000011
0.432912899700999998
0.432662929714999978
0.432800662976999984
0.432725122176999988
0.432821895989000005
0.433000940973000015
0.433201487235000016
0.433094275352999991
0.432919057582000000
0.432957007517999981
0.433012713438999997
0.432983936725999996
0.432882885177000021
0.432781373914999989
0.432861037564999995
0.432948610421000024
0.432854917627000013
0.432887012264000004
0.432758507883999999
0.432757092236999985
0.432781154980000027
0.432657847559999975
0.432759822710000019
0.432817515594000002
0.433035740181999973
0.432962090297999980
0.432854597306000011
0.433040749017999993
0.432917682836999995
0.433159701226000005
0.433109419727000011
0.433028389815000025
0.432806730462000022
0.432764652994000021
0.432661229162999983
0.432734895998000024
0.432761177996000002
0.432974049179999987
0.432933624015999996
0.433061133664999987
0.433003350309000001
0.432848086060000026
0.432865487014999994
0.432821042930000011
0.432900773151999985
0.432989134230999995
0.433210276767000024
0.433039928412999986
0.432834601982000022
0.432730978361999974
0.432642882898999992
0.432572416798000015
0.433016475535000001
0.432979794169999987
0.432992739999000009
0.433105805519000020
0.433041964712999994
0.432801390602000013
0.432876025075999982
0.432971680029999972
0.433034757272000026
0.432868974459000022
0.432839812461999984
0.433057060057000009
0.433069156437000002
0.433224257492999976
0.432967137549999992
0.433046707646000006
0.432956829230000007
0.432983755094000000
0.432977046801000021
0.432943835303000013
0.432969255240000017
0.432955933367999979
0.433048221389000010
0.433024256218999981
0.432872400433000015
0.432799960400000017
0.432748875220999973
0.432803279059999990
0.432952096343000026
0.432861861209999976
0.432957728074000014
0.432938011409999990
0.432942744704000015
0.432915194344999976
0.432889093082000020
0.432925507355000017
0.433075970925999976
0.432913234982000017
0.432920222992999981
0.433005514816000026
0.433047356255000016
0.433063957188999982
0.433180296246000018
0.433132600269000023
0.433037013375000002
0.432943310420000005
0.432914456933000014
0.432731897832999979
0.432885017244000025
0.432752695648999985
0.432817369454999989
0.432699355246999984
0.432817404592000021
0.432701979294000005
0.432669307413000026
0.432871043906000008
0.432795860683000022
0.432795980209999986
0.432940155903000001
0.432939898815000002
0.432964443741999994
0.432999212329999994
0.432908269966999992
0.432955190471999984
0.432837813954999984
0.433006408540999976
0.432875068038999999
0.432909658292000010
0.432863786927999983
0.432854043593000004
0.432994248846999996
0.432961636963999974
0.432812206854999992
0.432854302114999978
0.432765249775000027
0.432912044998000012
0.432865909616000022
0.432969958523999998
0.433014207363000003
0.432836007400999978
0.432951795048999999
0.433009141240999984
0.432926629062000023
0.432921679472999976
0.432865886964000024
0.432971883022999993
0.432966749084000013
0.432855326029999987
0.432833680514000008
0.432955853050999984
0.432679883154000022
0.432775149036999984
0.432958988962000024
0.433033444340000018
0.432960763164999984
0.433184379171999978
0.432909491887000009
0.432770740661999997
0.432791653488000028
0.432863186163999991
0.433111586228000001
0.433004483100999982
0.432991309375000022
0.433011124109000001
0.433002181094000016
0.432909408709000021
0.432878236362999991
0.432852535960999985
0.432860032594999999
0.432771154762000010
0.432814147900000001
0.432825336630999979
0.432672206223000011
0.432726939598999993
0.432754517331000010
0.432544924265999997
0.432810325569000010
0.432830026902999987
0.432986336768000024
0.433037701288999988
0.432969940082999993
0.432812267854000010
0.432941207072999990
0.432870761247000024
0.432727267202999977
0.432648527045000009
0.432838743159000006
0.432930134966000024
0.432757304421000022
0.432944702831999984
0.432912029237000007
0.433052608012000018
0.432869929830999978
0.432731075269999987
0.432961690675000010
0.432984120997000010
0.432906206803999993
0.432792726743999989
0.432866698705999975
0.432845092631000017
0.432848309034000012
0.432672941992999993
0.432728669768999985
0.432894725443999984
0.432939426146999984
0.432938810007000019
0.432892961620999994
0.432703525691000013
0.432924139257000018
0.432865989600000001
0.432953925086000002
0.433049345960999976
0.433191615736000013
0.433084471234000012
0.433037908106000013
0.432987311443999989
0.432811227394999998
0.432795278562000008
0.432899810198999979
0.432853667631000028
0.432764824541000015
0.432666598577999995
0.432648222397999993
0.432852339505999995
0.432952269742000018
0.432962167778999985
0.433068926537000021
0.432997313042999987
0.432970036037000017
0.433027414388000020
0.433122307358000003
0.433204731191999981
0.433114824574000024
0.432818088546000013
0.432742056571999989
0.432639297006999990
0.432648722915000006
0.432678737885999976
0.432678060621000005
0.432538859828999978
0.432814572278999998
0.432863768732999976
0.432965993885999989
0.432942584036999978
0.433120033984999986
0.432945715289999977
0.432823174455999993
0.432963282521000026
0.432885576265999994
0.432929299431000003
0.433071011349000001
0.433068863651999980
0.432822204862999993
0.432952912606999973
0.432701930005000013
0.432859070066999974
0.432884524882000021
0.433085670438999981
0.433062255555999975
0.433050561296000003
0.433002675025999983
0.432926495445999981
0.433019919463000003
0.432847860314999999
0.432959089218000026
0.432964996150999981
0.433005238808000015
0.432995878170000015
0.432999901512000018
0.432859027474999991
0.432747358917000002
0.432808541639000011
0.432721027573999995
0.432686402686000005
0.432586861222999997
0.432635462216000022
0.432637709734999987
0.432706512666999998
0.432651246361999975
0.432562614427000003
0.432555953330999998
0.432695115952999976
0.432651161820999997
0.432640870510999975
0.432906954954000001
0.432715558960000024
0.432805086095000013
0.432569552041999983
0.432719727887000027
0.432735880567999998
0.432817679176999981
0.433041034607999975
0.433011663609999986
0.433021127803999983
0.432977430313000011
0.432844197114999996
0.432962477828000014
0.432923372640000026
0.432892104484999984
0.432875100976999994
0.432925740112000024
0.432948692247999978
0.432867660830999978
0.432932526232000014
0.432993216271000014
0.433066081439999973
0.432908496887000005
0.432636121978999977
0.432878896590999984
0.432816954189000014
0.433002648426999981
0.432899620928999973
0.432659040842000020
0.432762647236999975
0.432872063299000021
0.433006133422999984
0.433007140632999998
0.432702715135000027
0.432783549840999981
0.432840461128000009
0.432953682808999984
0.432983133487000016
0.432825340788999979
0.432926879687999977
0.432880234270999975
0.432944381313000004
0.432715883889000008
0.432919148520999997
0.432800096901999998
0.432827315273000002
0.432866401253999999
0.432800818565000023
0.432682477229999973
0.432717993663000011
0.432700669634000001
0.432806340760999997
0.432986246735000024
0.432846249351000023
0.432743288670000004
0.432792520495999977
0.432774044703999994
0.432936278870000024
0.432905335043999973
0.432787285040000025
0.432755547959000009
0.432914688852000018
0.432765824641999974
0.432813123607000028
0.432714092923000004
0.432749584811000010
0.432770735500999981
0.432984219868999987
0.432931833107999986
0.432981844722000020
0.433079055270999991
0.433136193070999986
0.433105084252999983
0.433050008275999987
0.432971757301000015
0.432896674648000024
0.432979763718000010
0.433122634783999982
0.433025979878999989
0.433058041740999988
0.432861523522000025
0.432824400167000023
0.432897399128999993
0.432822596876999977
0.432726804540000010
0.432728100517000003
0.432874765735000000
0.432780058043000015
0.432871943031000017
0.432869906570999996
0.432907142753000018
0.432881916786999998
0.432846898184000017
0.432809955693999993
0.432820807299000021
0.432798876843000002
0.432769371625000010
0.432898126448999998
0.432809343547999992
0.433017081124000003
0.433039462001999997
0.432873598410000004
0.432723738741000008
0.432926783751000022
0.432796380122000002
0.432775633779000024
0.432790779933000025
0.432835454348000026
0.432922620086999999
0.433005937673999974
0.432783097662000016
0.432617829058999981
0.432681771980999996
0.432706556648000007
0.432660032676000006
0.432689209623999982
0.432680038406000000
0.432750651067999981
0.432888447406999999
0.432838830156999976
0.432968112798999993
0.432888121577000018
0.432868809093000018
0.432790634708999977
0.432836821895000001
0.432836093814000011
0.432894925506000006
0.433050366292999978
0.432952517232000011
0.432760108551999978
0.432839861463000020
0.432924949246999979
0.432707676942000019
0.432722774989000025
0.432729988688000000
0.432684355693000011
0.432866349373000003
0.432829857124999995
0.432806187818999988
0.432821523583000023
0.433005850751000010
0.432968250130000010
0.432921870852999990
0.432948826269999976
0.432859141286000004
0.432757302336999994
0.432696310799000006
0.432682146845000004
0.432839970106999983
0.433000008917000023
0.432798766326999984
0.432711645473999984
0.433007007135000010
0.432983748378000022
0.432879962625999981
0.432887059683999986
0.432941726256000026
0.432909903666999996
0.432824627391000027
0.432642022196000009
0.432852082596999976
0.432856086008999996
0.432873392741999985
0.432902515119000020
0.432881015638000022
0.432820500504000005
0.432816949130999995
0.432819341349000020
0.432829387311000013
0.432689255110000004
0.432666811902999993
0.432882510853000002
0.432876473079000013
0.432862511253999993
0.432874447157000020
0.432932149598000027
0.432869895358000023
0.433033253489999992
0.432933257276999994
0.432806595035999997
0.433056521891000024
0.432914608980999982
0.432789174381000008
0.432680167467999977
0.432851076343999996
0.432736573648999978
0.432781005286999976
0.432853549647999991
0.432692741212000020
0.432765022002999988
0.432947874391999998
0.432969287003000025
0.432711384367999996
0.432784982052999978
0.432798314203000023
0.432987853191000027
0.432958586992000016
0.433052222172999990
0.432887555217000009
0.433073901824999996
0.432950285983999983
0.432856485640999988
0.432700551197999994
0.432885822330999981
0.432821225593999992
0.432928743727000021
0.432939153099999974
0.432918828417000023
0.432856377316000018
0.432819491986000005
0.432740871134999983
0.432710422980999987
0.432784820517000013
0.432743038184999984
0.432828105239000005
0.432924724132000005
0.432755687123999977
0.432887425150999983
0.433138438573999973
0.432970387660999989
0.432956396846999991
0.432827149841999992
0.432784203171000026
0.432717436286999990
0.433013792043999979
0.432835911186999989
0.432845858613000012
0.432678903506000023
0.432837559029999985
0.432771559430000008
0.432875009467000027
0.432831552120000018
0.432924299141000002
0.432917230970000011
0.433055154145999988
0.432937767307999988
0.432899307050999993
0.432940349532999980
0.433253943861000024
0.433124769497999995
0.433069557122000015
0.433065136891999991
0.432818439619000017
0.432918085515999973
0.432930145416000001
0.432824165648000025
0.432780017535000006
0.432740372077000002
0.432850678867999994
0.432976361520000019
0.432895440008000010
0.433012024035999976
0.433073061880999977
0.433028642823000021
0.433106300308000014
0.432975480567000026
0.432877243040000026
0.432650481252000008
0.432814445762000011
0.432918729067000019
0.432812245938999973
0.432794064945000001
0.432592705919000009
0.432870830200999979
0.433002869507000010
0.432895698873999979
0.432929655871000019
0.432797591034999984
0.432844570528000017
0.432921365072000019
0.432760704559999987
0.433049556147000025
0.432771386593000018
0.432910716101000015
0.432868037476999978
0.433053745075999974
0.432993617973999989
0.432902856559999993
0.432978587658000014
0.432835384621999997
0.432915215515999985
0.432884487653000027
0.432925632431999996
0.432962677720000022
0.432904725674999991
0.432992520252000024
0.433084549810999975
0.432958320150000020
0.432984829344000011
0.433013406109000021
0.432985633749999987
0.432798348732999993
0.432754885139000012
0.432743678823000022
0.432677681102999978
0.432719969551999983
0.432697651316000020
0.432835142080000013
0.432929490430000008
0.432801962561999987
0.432700238575000007
0.432693044138000027
0.432568656391000006
0.432782457529000020
0.432875191453999997
0.432740763939999995
0.432912166912999996
0.432806823680000008
0.432853966220999975
0.433084031403999981
0.433084469262999983
0.433077699874000022
0.432977015846000013
0.432767455688999991
0.432918183058000006
0.432738047735000020
0.432765038232000021
0.432984815789999977
0.432930850503999987
0.432720142483000003
0.432776498454999992
0.432990611000000025
0.432883014813999989
0.432814610315000015
0.432838323528999980
0.432743610808000001
0.432783422458999978
0.432837396879000025
0.432722276931000016
0.432688972669000027
0.432845581046999994
0.432950282741000003
0.432814606067999985
0.432707202622000020
0.432795674063000013
0.432695840892000028
0.432767832447999989
0.432756811111999984
0.433027476997999983
0.432902335535999994
0.432980911927999979
0.433131992568999979
0.433034210340000003
0.433079877447999972
0.432910647505000024
0.432891939178000007
0.432728737809000008
0.432673361621999986
0.432766488808000005
0.432578695013000003
0.432589151552000006
0.432520575610999991
0.432774730243000005
0.432895123544000004
0.432836556305000009
0.432776837656999980
0.432887504819999991
0.432939942899999985
0.433016983327000005
0.432944043143000001
0.432822596800999992
0.433043707639000020
0.432929561494000026
0.432809776347999997
0.432983238122000014
0.432837766003999980
0.432862169668999985
0.432836467539000014
0.432835737411000010
0.432710437067999998
0.432928701588000009
0.432992205359000015
0.433163495432999979
0.433049672396000007
0.432906340245000021
0.433099334938999991
0.433277220683000008
0.432904694372000021
0.432904494214999991
0.432874805056999989
0.432916525802999996
0.432663773596999979
0.432765762742999993
0.432757335080000027
0.432804762715999991
0.433034109908999987
0.432837548467999988
0.432708842445999997
0.432645735407999998
0.432933957204999997
0.432856163848999997
0.433035897147000026
0.432796700137999979
0.433059893930999973
0.433073681222999995
0.433178155944999976
0.433115775699000005
0.433096592607000008
0.433003755302000026
0.433002438664000011
0.433115540477999994
0.432843361377000024
0.432812104546999976
0.432889079158999990
0.432906484124999991
0.432777761516999981
0.432942462975999975
0.432942153935999996
0.432821917905000020
0.432964954894999976
0.432894919634999986
0.432909712999999974
0.432856176380999991
0.432779111647999981
0.432652792788000007
0.432638128610999984
0.432606824281999980
0.432766684459000017
0.432891335061000027
0.432790098986000016
0.432814603547000021
0.432845246573999975
0.432856724385999980
0.432768517053000012
0.432946418027999991
0.432824985820999986
0.432989035728000016
0.432927941167000008
0.432981927288999979
0.432968022652999995
0.433042734154000020
0.432719454088000000
0.432766026001999982
0.432791040287999973
0.432675393713999989
0.432971783549000011
0.433054500690000010
0.432849862270999974
0.432834226586000015
0.432944822005999985
0.432837850681999980
0.432812095083000004
0.432795093261000019
0.432969598416000023
0.432909458696000005
0.432885545712999975
0.432884907423999987
0.432889989959999999
0.432850427480000022
0.432663926335999982
0.432645803798999973
0.432811706959000009
0.432897198119999993
0.432907284775000012
0.432845928594999985
0.432950605664000010
0.432992920384999980
0.432892245705000012
0.432797902095999998
0.432945009594999985
0.432976304310000004
0.432852699785999995
0.433108131650000006
0.433141939851000024
0.433048074840000019
0.432911233973999998
0.432856998030999973
0.432660262957999975
0.432735374560999975
0.432954630973000021
0.432776535814999974
0.432838770719999988
0.432793995932999997
0.432902020870000015
0.432924812988000007
0.432885164714000015
0.433102707096000017
0.433155006717000024
0.433015331572999984
0.433047568764000024
0.432917422398000018
0.432959850172000005
0.432918207454000004
0.433017788131000003
0.433185947974999985
0.432955843720999989
0.432866229277000025
0.433051068516000004
0.433047179640000002
0.433137260409000024
0.432905527135000023
0.432916102999000019
0.432767163359000007
0.432783705389000017
0.432739162670000010
0.432913112998000005
0.432620283883000001
0.432771394084999983
0.432787305131000000
0.432863217889000007
0.432883922886000028
0.432982089883999999
0.432997352795999990
0.432962799818000010
0.432867284956999998
0.432938033183999982
0.433080406586000000
0.432933801707000021
0.432707159394999985
0.432598207329000006
0.432596203068000007
0.432840416908000014
0.432744981846000021
0.432835531547999974
0.432909422945999989
0.432928352502000013
0.432786038963999975
0.432915872792999978
0.432889351495000019
0.432717165894999978
0.432772203613999984
0.432927468101000024
0.433112270267999977
0.432971751304000008
0.433012487080999986
0.432987885856999988
0.432864523777000021
0.432939892554000005
0.432732884641000015
0.432790861224999990
0.432790185680999973
0.432692366431999986
0.432744781088999997
0.432830569920000019
0.432599212742000028
0.432765961709999980
0.432779152029000025
0.432681676670999993
0.432982467407000027
0.433157015977000015
0.432921160290999973
0.432795444591999978
0.433027435841000008
0.433008285725999975
0.432917696826000009
0.433004879555999977
0.432861392938000022
0.432841896690999983
0.432786495145999983
0.432914875836000024
0.432926909299999996
0.432863789943000010
0.432750344938000020
0.432754774562000011
0.432921498593999976
0.432793938898999975
0.432738936344000014
0.432928123293000011
0.432901608315999997
0.432914411882000028
0.432891393419999992
0.433090701279999990
0.432955174870999993
0.433106131788999982
0.432988648049000002
0.432969929736999992
0.433024154408000017
0.433096699282000008
0.432989531658000026
0.432756256261000005
0.432791969416000011
0.432828726591000024
0.432920527207000028
0.433046311648000004
0.432887253668999994
0.432897145827000007
0.433013199718999986
0.432906875322000007
0.432839572738000000
0.432955376703999972
0.432951827959999980
0.432793712127000019
0.432886561659000024
0.432734205132000005
0.432638543824000021
0.432615037573999994
0.432700814559999980
0.432756123494000000
0.433070614741999982
0.432970493366999998
0.432913319593000001
0.432881656384000002
0.432845718594999984
0.432909910627000016
0.433100426825999973
0.433039650029000023
0.433074424161999982
0.432940961786999978
0.433090912014999996
0.432884250104000001
0.432770605977000011
0.432903845974000001
0.432962038928000004
0.432756282183999974
0.432960283364999976
0.432893667794999992
0.432924154547000006
0.432830944280000018
0.432672055740000006
0.432982037061000025
0.432906246842999998
0.432830917475999999
0.432946240157999984
0.432940555439999986
0.433163783813000025
0.433187653208000012
0.433149264026000014
0.433031236541999986
0.433145243597999996
0.433012689027000020
0.432981168043999998
0.433176417880999975
0.433101489128000006
0.433118851212000000
0.432993876710000003
0.432964091165000009
0.432777516202999979
0.432809669637999994
0.432732727252999994
0.432890468754999980
0.432796958833000012
0.432752076375999994
0.432730051517999981
0.432871958403000023
0.432859040839000009
0.432914903524000028
0.432647934908000020
0.432693574287000005
0.432684839679000011
0.432891103574999991
0.432808786444000004
0.432983376144999987
0.432959931075000026
0.432784130529000000
0.432694967197000013
0.432986151104000017
0.432788197470000024
0.432993548058000000
0.433058462954000023
0.433139879522999982
0.432940633499000027
0.432790005297000013
0.432706368108999984
0.432713001732999980
0.432704356958000025
0.432683167779999989
0.432840393208999974
0.432664827741999991
0.432603823348000016
0.432564183626999998
0.432788204075999994
0.432483165810999992
0.432744600570000026
0.432934351105999982
0.432899154346000015
0.432896673236000007
0.432829549292000015
0.432735754756999991
0.432858076097000000
0.432772738787000011
0.432680690829000014
0.432679144856000009
0.432762086172999993
0.432799213016999973
0.432997006502999993
0.432757047891000002
0.432709124755999985
0.432877233104999981
0.432870902005999980
0.432843180421999985
0.432822356269999986
0.432958822217999972
0.432993551638999996
0.432880894138000016
0.433045134549000010
0.433082442630000009
0.433020634622000022
0.433107067525999978
0.432960826374000018
0.432869564051000022
0.432622138065999973
0.432567795563000013
0.432656125416999993
0.432721179075999995
0.432871289581999996
0.432979991599000025
0.433004320712000013
0.432985590234000017
0.433005687909000014
0.432806324909999984
0.432926000561000002
0.433036583021999988
0.433020197102000015
0.433238352416999983
0.433053039749999980
0.432992174158000009
0.432841094041000018
0.432793721445999979
0.433025068254000001
0.432950532434999980
0.433114720620000004
0.432978070548000027
0.433060379667000006
0.433100910171999975
0.433047197466999989
0.433022151445999981
0.432994908876000006
0.433096332176000021
0.433032290471000003
0.432992494901000002
0.432981793238999990
0.432895196993999976
0.432872252618999975
0.432876514965999992
0.433119920506000011
0.432979675025999988
0.432947480396999984
0.433083502166000001
0.432893224254999986
0.432896158234000017
0.432986603325999975
0.433053761939000026
0.433007455077000003
0.432973027002000022
0.432972810722999979
0.433104155451999984
0.433011281952999982
0.432996554817000001
0.432899046969999979
0.433243878179999986
0.432932052680999990
0.432848766785000005
0.432823285225999999
0.432971458658000019
0.432878166504999995
0.432902059082000024
0.432856184058000026
0.432874251769999996
0.432704638791999996
0.432779464547000003
0.432758048557000008
0.432862428498999974
0.432907477197000012
0.432966142376000007
0.432955808168000000
0.432860814069999988
0.432789177367999989
0.432963954458000011
0.432763691900000025
0.432807805923000000
0.432730229068000016
0.432850732755000023
0.432822770350999975
0.432950801634999993
0.432866922802999987
0.432791110290000003
0.432888880240999974
0.432856485025000015
0.433061608647999974
0.433031694618000007
0.432971176951000014
0.432894521225999973
0.432927516587000016
0.432994927380000005
0.433086091278000018
0.433180695783000003
0.433145484616999976
0.433056609897000011
0.432974258813000001
0.433023780345999976
0.433065971403000016
0.432993324153999992
0.433043684002999973
0.432873909980000027
0.432796026336999984
0.432716748187000011
0.432918101547999978
0.433019557665999977
0.433043561633000007
0.433061915151000010
0.432923906557000027
0.432942833608999988
0.433002774646000010
0.432857973434999987
0.433107166737999982
0.432979805273999985
0.432926809718000016
0.432894428065000003
0.433025394063999980
0.433030772466000025
0.432967300519000009
0.432910646221000006
0.432996456869000013
0.432838672279000025
0.432900823943999979
0.432975289551999987
0.432825351367000011
0.432696480040999976
0.432756077952999973
0.432782477714000025
0.432811504412000003
0.432891036324999978
0.432889518721000011
0.432844587494000010
0.432740038870999988
0.432674563685999991
0.432845525268999998
0.433106759916999984
0.433051501118999982
0.432828817003000021
0.432648088953999976
0.432683466728999988
0.432806465990999978
0.432818737893000016
0.432978940119999989
0.432838147893000014
0.432976010475000006
0.432911640553000021
0.432779718872000008
0.432898030441000004
0.432885975708000026
0.432983188261999996
0.432892918923000025
0.433015860601000002
0.433132746175000027
0.432777828202000003
0.432710936928999979
0.432696859305000014
0.432695754576999991
0.432788910708999996
0.432725413752000021
0.432794823388000016
0.432910020396999995
0.432680370006000015
0.432707582914000022
0.432753534865000011
0.432911353413000022
0.432832871401000019
0.432735640666000010
0.432725667019000004
0.432613062910999990
0.432626158526999982
0.432629453223000005
0.432832734892000026
0.432772020653000022
0.432996171117999984
0.432951093878000015
0.432731358296000013
0.432910518789999976
0.432912994880999991
0.432977970533000023
0.433033498957999974
0.432816484147000025
0.432665447924000024
0.432782168889000007
0.432820993235000007
0.433116560267999995
0.432878407636999973
0.432980158474999988
0.433069807417000019
0.432873029661999975
0.432708943750999997
0.432760343408999992
0.432677884918000022
0.432989037239000008
0.432769530898999999
0.432756080850000002
0.432878506822999998
0.432958424838999989
0.433025546847000009
0.432900367836999977
0.432825663162999974
0.432956004321000010
0.433085770699000006
0.433008134059999994
0.433042612064000021
0.433020991070000028
0.432891310706000010
0.432920894067000017
0.432877321079999988
0.432845511254000004
0.432908066357999999
0.432806742126999988
0.432841052017999994
0.432810260193000007
0.432977932487999984
0.432894155135000014
0.433030849421000008
0.432900859317999986
0.432852986200000012
0.432735937999999987
0.432880158522000014
0.432783423193999983
0.432832051634999992
0.432806185449000014
0.432598368078999984
0.432664715264000022
0.432812739775000010
0.432944602196999984
0.432934030397999992
0.433063768620000011
0.432889950282999980
0.432830396757000024
0.432940246307000010
0.432895144075999994
0.432829702942999994
0.432747438260999984
0.432773804812999985
0.432875872779000026
0.432814089444999994
0.432779992556000026
0.432683219284999976
0.432969528760000000
0.432997396314000027
0.432863399016999995
0.432979204381999994
0.432894895994999973
0.432895449405000021
0.432789407567999995
0.432819592428999977
0.432814244236000012
0.432839245320999988
0.432816946995999985
0.432837931620000005
0.432479600226999994
0.432471599734000012
0.432587102391000011
0.432679808860999993
0.432626101405999997
0.432884639384999992
0.433057806780999976
0.432879612553999982
0.432831052857999998
0.432791037556999991
0.432801471940999993
0.432746489575000004
0.433007899573999988
0.433078783966000025
0.433160776357999988
0.433056138347999997
0.432985013731000012
0.432947478444000000
0.432956112278999994
0.433080782687000010
0.432874667420000026
0.433034447963999980
0.432998987712999994
0.432923454890000003
0.432939347131000019
0.432924697971000028
0.432898819837999993
0.432722911295999990
0.432846063933999992
0.432878003208000017
0.432706432164000010
0.432850662049000023
0.432746475129999975
0.432695328985000016
0.432715213338000004
0.432789685287999992
0.432702658371000026
0.432752882037000020
0.432884748360000016
0.432829142614000018
0.432820401350999973
0.432980088094999993
0.433005582313999993
0.432867472249000018
0.432907134533000004
0.432987481562999987
0.432849124636000004
0.432774324162000013
0.432970269336000024
0.432864505790999998
0.432773014271999990
0.432865132376999973
0.432846125972999984
0.432498474846999992
0.432684848909999975
0.432566771512999992
0.432606216021000023
0.432860235014000005
0.432716442157000003
0.432829991219000010
0.432727642862999973
0.432835717464000014
0.432788905808999980
0.432771258170999984
0.432671928182000010
0.432938231685000008
0.432808616325999984
0.432891452856999981
0.432724971760000021
0.432840095106000022
0.432865438988999984
0.432974290559999975
0.432875156292999996
0.433043059951999987
0.432925826823000015
0.433044555805000009
0.433047742404999991
0.432980955200000017
0.433153070214999991
0.433023640719000014
0.433027660144000015
0.432962751897999987
0.432961291776999990
0.432712088124000027
0.432867478483000001
0.433069343965999998
0.433176574352000021
0.432966289900000023
0.432952263512000002
0.432788660152999993
0.432770844351999973
0.432828111903000023
0.432831920415000015
0.433174653184000003
0.433023388010999988
0.433080652386999998
0.433031146874999995
0.433028465473000002
0.433023122794999993
0.433094737695999987
0.433038920210999989
0.432958097278999976
0.432921980217999991
0.432845682457000003
0.432834830812000027
0.432759144438999988
0.432849198011000025
0.432776096933000010
0.432721092473999980
0.432995517885000014
0.432845680209999972
0.432612105769999977
0.432908182500000016
0.432928483907000006
0.432818103738000004
0.432674306560999977
0.432661333262000014
0.432748298751999994
0.432750025806000027
0.432808450996999994
0.432998241276000007
0.432836055539000009
0.432751973259000000
0.432816632844999993
0.432829400821999999
0.432798079936000002
0.432926035465000025
0.432967867865000022
0.433086729148000005
0.433170668307999995
0.433086994710000006
0.432941535484999973
0.432995206257999976
0.433167655669999985
0.432943157578999982
0.433086018233000025
0.433101918666000008
0.432938986452000019
0.432817864082999992
0.432844739368999976
0.432720363316000001
0.432749152119000002
0.432904847225000000
0.433085101417000018
0.433166268789999975
0.433166083358999976
0.432984079480999984
0.433058801494999979
0.432964514560000013
0.432834801137999992
0.432749979203000013
0.432791314455000020
0.432869146947000016
0.432840176093999995
0.433030753095999976
0.432948637485999988
0.432960338509000009
0.433037850690999981
0.433017085588999984
0.432890799243999980
0.432778368477000019
0.432883779395000001
0.433026982988999998
0.433132379304999982
0.433096428358999974
0.433025879379999978
0.432928339481000013
0.432775964823999992
0.432830517947000004
0.432805040274999997
0.432994477789999999
0.433068124231999974
0.432903741768999983
0.432842604783999996
0.432795806110000014
0.432878145805999981
0.432941658815999997
0.432849129660999976
0.432824316604000003
0.432732581524000015
0.432720916710999992
0.432705436443000024
0.432709315724000010
0.432596588343000021
0.432764678249000001
0.432774257725000000
0.433019735859999977
0.433121367054000006
0.433113195790999994
0.433002703431000002
0.433104896201000011
0.433265913843999984
0.433126787974000005
0.432982957303999993
0.432901093828000016
0.432843746437999999
0.432693798392000006
0.433038551323999987
0.432859184402999975
0.432642430814999979
0.432803253373000019
0.432894403460000021
0.432885305464999981
0.432807691787000015
0.432770280033999977
0.432797721794999979
0.432779694870000009
0.432762289284000012
0.432865122471000008
0.432741975398000023
0.432942725345000001
0.432757145248000019
0.432768055759000014
0.432808407035000009
0.432985556504000002
0.433077012262000016
0.433180865204000010
0.432974772087000026
0.432919311661000006
0.432945646184999977
0.433163374689000014
0.432766384529000014
0.432571444038000019
0.432615763430000022
0.432817870139000027
0.432888197528999985
0.432879012080000014
0.432931067409000003
0.432930233474999981
0.432940231534000020
0.432981281461999989
0.432899076192999999
0.432860181956999990
0.432679606398000016
0.432688476649999987
0.432656624574000004
0.432793254918000025
0.432942505679999978
0.433011182180999987
0.432748939531999999
0.433022807472999982
0.433061080210999982
0.432856527551999992
0.432716696043000004
0.432891930164999994
0.432793383084000005
0.433018262827999989
0.432834013101000004
0.432756870861000009
0.432900637488999984
0.432814433589000014
0.432755558531000006
0.432909665226999973
0.432898146167000009
0.432733840669999981
0.432784150475000018
0.432872702870999992
0.432799754774000012
0.432767417857999992
0.432804797038000011
0.432688821024000025
0.432754207047999995
0.432825211732999982
0.432977564561000006
0.432691594555999981
0.432750694227000021
0.432962805198000011
0.432877771119999977
0.432800712071999993
0.432986280900000020
0.433060693017000009
0.433046285621000004
0.433076219162000009
0.432829830257999981
0.433091548666000026
0.433004499601000015
0.432901798286999984
0.432990788535000004
0.432970602696999995
0.432763144927000021
0.433006362084000007
0.433032781807000000
0.432664670832999976
0.432764972665000025
0.432722333534000025
0.432860281431000027
0.432954570054000010
0.432848701173000006
0.433116026049000014
0.432744179866999978
0.432970404307999990
0.432968120131999978
0.432883020045000011
0.432799525163999999
0.432660526461000006
0.432549733278999982
0.432519325737000027
0.432734012770999987
0.432889929534000018
0.432688644248000021
0.432701588756000011
0.432846708462000018
0.433064499554999982
0.433138630799000002
0.433026958287999975
0.432771881794999980
0.432891403108999984
0.432971878322999992
0.432927198188000018
0.433060441040000021
0.432932061792000000
0.432694924084999988
0.432903210250000003
0.432640513943000016
0.432641567657999992
0.432782107011999984
0.432885742535000007
0.432860813575999981
0.432880594442999977
0.433079285982000017
0.432969934145999991
0.432885958251000014
0.432837109546000021
0.432803637447000011
0.432889217541000015
0.432626420540000001
0.432785816672000001
0.432692701228999999
0.432681618348000008
0.432810576554000015
0.433078552328000022
0.433081877469000009
0.433034134848999996
0.433085140880999975
0.433058180683999983
0.433045255495000003
0.433078229889000021
0.432846586149999990
0.432621325845000015
0.432779974402000001
0.432815382322999986
0.432787916669999995
0.432820176876999974
0.432961626430000024
0.432940124992999997
0.432928767130000003
0.433042096516000008
0.433174332526000017
0.433224694736999982
0.433020350913999985
0.433106429848000019
0.433203810488999974
0.433228495381000001
0.432936371970000011
0.432835822235999979
0.432938894452000012
0.432814335147999996
0.432769640856000004
0.432860928297000014
0.433023231489999993
0.432962430587999991
0.432893517479999990
0.432725207527000000
0.432868987443999986
0.432958070294000019
0.432937855082000000
0.432936408380000026
0.432869794816999998
0.432805621935999973
0.432877938357999981
0.432899956332999991
0.432894933867999987
0.433026858600000009
0.432897344449000021
0.432938664236000026
0.432769371916000012
0.432819496048999997
0.432907767353999995
0.433012404911000015
0.432936282260000027
0.432938428586000013
0.432890809378000008
0.432709476380999991
0.432656189899000010
0.432692830565000019
0.432788524931999985
0.432947057754999975
0.432855351313999992
0.432943187567000010
0.432812767569999979
0.432792209764000013
0.432994289162000001
0.433018961977000016
0.433059334372000004
0.432873854702000016
0.433072417100999973
0.433074810807999977
0.432972593974000008
0.432920029202999990
0.432789818120999981
0.432805187029000005
0.432865945959000020
0.432920470133999979
0.433031733470999991
0.432806755554999978
0.432913109593999978
0.432743901428000011
0.432745937131000014
0.432919203438000000
0.432766420270999985
0.432775512806999996
0.432893957014000019
0.432729181256000017
0.433053121144000019
0.433033650860999986
0.433031636526000019
0.432963433283999999
0.432906013142000001
0.432729375435000008
0.432769273735999993
0.432770243750000005
0.432749702138000014
0.432712737472999986
0.432862830859000014
0.432869541801999991
0.432864887445000013
0.432831197369999976
0.432837039111999999
0.432748243097999974
0.432813681989999977
0.432835138700000011
0.432694743978000007
0.432686844700000017
0.432661207553000027
0.432755764117000008
0.432801218687000000
0.432752795181999994
0.432665658544000020
0.432846053115000018
0.432877804864999993
0.432759360260999981
0.432839484298999988
0.432939204199000005
0.432826618310000022
0.432730331523000000
0.432767086856999994
0.432817602688000014
0.432648858086999988
0.432774738202000020
0.432744065316000015
0.432858080957999991
0.433176099975999984
0.432953474782000025
0.432862381710000022
0.432865564694999982
0.432950035529000021
0.432798658557000004
0.432808531034999999
0.432766292920999995
0.432878064524000017
0.432771120188000014
0.432923131628000002
0.432846706891999999
0.432811672925999980
0.432844837864000020
0.432939195752000017
0.433008914169000003
0.433057711331000017
0.433077740968999980
0.433111953253999982
0.433056008840999984
0.432994965539000021
0.432794518700000019
0.433033994762999974
0.432866353257999992
0.432922442743999991
0.433057609826999979
0.432722796834999979
0.433073716845000012
0.433092532172999978
0.432878099520000004
0.432922859797000015
0.433214782091000006
0.432874152199999973
0.432896953937999984
0.432970446948000021
0.433018926573999985
0.433069054047000024
0.432906234399999978
0.432926494293000008
0.432879465494000026
0.433028403037999998
0.432940369011000026
0.432994946363000011
0.432846370047999973
0.432820759742000016
0.432910421654999988
0.432944072241999989
0.432842409980000009
0.432921052982999988
0.432857354809999983
0.432732225733000020
0.432776480552999998
0.432766300431999984
0.433059362168999984
0.432959402646000024
0.432836401844999996
0.432884577458000019
0.432908143683000013
0.433001028894999973
0.432937670996000001
0.432812542922999977
0.432930511191000011
0.432829879257999983
0.432907990193000025
0.432788911971999979
0.432996410441000013
0.432880586073999984
0.432931801672000016
0.432976351207999988
0.432914010595999987
0.432728535335999975
0.432518374664999983
0.432831963328000002
0.432811844720000005
