0.443392140036000026
0.443323876958999996
0.443526471937000011
0.443236662203000009
0.443155501813999986
0.443279002172999981
0.443308398857000019
0.443395059930000002
0.443398064473999987
0.443367531807000004
0.443048664997000019
0.443196330894999990
0.443295600313000027
0.443336521107000003
0.443505191384999997
0.443207257005000022
0.443107642447999994
0.443321928525000020
0.443315002108000011
0.443089052272000017
0.443263201504999982
0.443222245871000009
0.443340814527000027
0.443220590417000015
0.443130607308000024
0.443221751820000009
0.443252412027999976
0.443331386353000012
0.443300296717999975
0.443303212140999991
0.443290942932999976
0.443325354793000004
0.443443345764999997
0.443306232101999986
0.443175410150999982
0.443279942385999992
0.443231459823999974
0.443171716443000019
0.443273678933999993
0.443351080655000007
0.443381267749999974
0.443374564565999996
0.443296118625000013
0.443434791862000022
0.443251862498000027
0.443367450316999978
0.443306235142999994
0.443251828279999982
0.443314656940999974
0.443219858628999985
0.443078651963999981
0.443089633225999979
0.442926615626999975
0.443129564403999976
0.443328742436000012
0.443472757042000010
0.443374253488000025
0.443430877363999998
0.443425357590999991
0.443284748263000017
0.443174289248999986
0.443131007459000026
0.443266616087999998
0.443220607290000013
0.443225594549000013
0.443277509914000001
0.443264225243999999
0.443182591869999976
0.443279890195000026
0.443167283485999985
0.443190338474000023
0.443245038249000023
0.443172763442000017
0.443226169916000001
0.443276784435999993
0.443126147532000025
0.443181864995000008
0.443232940916000018
0.443348891432999992
0.443295425716000002
0.443238252117000020
0.443309653292999983
0.443332295950999988
0.443262925734000002
0.443272942398000025
0.443247069117000014
0.443311906729999983
0.443351648323000003
0.443406249912999983
0.443540135735000007
0.443334097177000008
0.443330506407999980
0.443334730979999980
0.443369639678000027
0.443219217449000003
0.443263161316999998
0.443286757639999973
0.443407059582999974
0.443367096354999990
0.443473722987999974
0.443424363368000007
0.443440105844999988
0.443412243282000018
0.443347715071000015
0.443317859944000026
0.443302262466999997
0.443235405332999988
0.443279771112000009
0.443316623641999974
0.443434226687999977
0.443346524977999978
0.443394038145999980
0.443432747893000023
0.443371866732000020
0.443358324502000023
0.443303165002999988
0.443331453903999972
0.443158268593999982
0.443153394435000014
0.443218108062000016
0.443224584614999972
0.443262430574999977
0.443457585646000019
0.443346972062000022
0.443239711252000013
0.443259051203000021
0.443229040261999996
0.443355966426000003
0.443398179055999986
0.443208386349000005
0.443178699397999976
0.443181901401999978
0.443277678690999988
0.443230249660999998
0.443343864305999980
0.443168505634000010
0.443374872312000012
0.443167811829000002
0.443180652577000012
0.443226074992999985
0.443183719064000003
0.443376171932999996
0.443438127896999990
0.443210249634999998
0.443340587919999973
0.443381578433000023
0.443251695737999996
0.443271961993000008
0.443249311553000014
0.443331717572999995
0.443194570163999990
0.443227470708999982
0.443192615376000021
0.443265734385999977
0.443137787966999985
0.442996571923999993
0.442974566181999985
0.443140699269999994
0.443250618212999992
0.443171063970999979
0.443355737560999996
0.443415822108999991
0.443341826910999992
0.443130652387999979
0.443128693888000025
0.443121224526000002
0.443095460592000001
0.443211815092000028
0.443269575133000027
0.443333139684000010
0.443336362711000020
0.443326392143000014
0.443341491932000009
0.443505891062000002
0.443378661077000025
0.443373519243000003
0.443420749798999980
0.443186475209999986
0.443325417130999988
0.443398061893999995
0.443178000336000022
0.443120205212999996
0.443178354546999997
0.443080877656000016
0.443352304407000020
0.443409233687000026
0.443455691544999975
0.443210407931000028
0.443182058631999998
0.443311982637000002
0.443402862234999973
0.443256969577999982
0.443236324956000016
0.443420429022999996
0.443554741272000008
0.443213351877999984
0.443309837767000003
0.443358461393999981
0.443442609214000028
0.443544118388000008
0.443501526520000022
0.443441120834000002
0.443420399547000021
0.443312476424000013
0.443278853798000028
0.443338275820999994
0.443245606181999985
0.443171782306000017
0.443113919068000017
0.443154555206000000
0.443238134035000009
0.443213859982000025
0.443126521842000021
0.443198500010999974
0.443447830614999983
0.443304987992999999
0.443206709388999975
0.443088504742999989
0.443252680815000022
0.443238429950000012
0.443109558941999992
0.443327578260000021
0.443278521415999993
0.443276355760000018
0.443376037557999980
0.443305244255999986
0.443203286533000007
0.443420239323000009
0.443484037737999992
0.443560003651999990
0.443679454126999995
0.443489806079999993
0.443178176038000027
0.443335847108000003
0.443391162981000009
0.443120155723000009
0.443367761314999997
0.443079971472000012
0.443180437772999980
0.443085392781999987
0.443176273921000008
0.443250606356999977
0.443250136294000008
0.443214474839000006
0.443371251409000022
0.443149044217999999
0.443164942540999973
0.443331187949999983
0.443072729825999989
0.443117270620999981
0.443150212333999982
0.443026979541999988
0.443225051905999978
0.443346862931999985
0.443432870604999974
0.443383117518000025
0.443240191235000025
0.443383936570000026
0.443192882833000013
0.443144780211000011
0.443221923891999992
0.443175115110000017
0.443156875509000014
0.443242455556999981
0.443354584990000022
0.443472763149000027
0.443618628550000005
0.443503772334999991
0.443518791887999975
0.443314719392999990
0.443140127995000022
0.443112841403000002
0.443181881584999993
0.443313155853000018
0.443420366072000027
0.443320974312999994
0.443358059829999984
0.443147042647999978
0.443384050871000024
0.443345676337999983
0.443461758847000009
0.443390583788999981
0.443102079619000000
0.443243784636999982
0.443367454804000027
0.443351716251999983
0.443342552622000008
0.443289309342000004
0.443149382350999987
0.443330254255999978
0.443237567531999999
0.443429986873999982
0.443210396201000001
0.443330471825999994
0.443297899684000019
0.443165460311999992
0.443391793317000016
0.443337062542999982
0.443165083781999980
0.443406082385999989
0.443386069002999983
0.443488999971999975
0.443536739522000012
0.443303344232999996
0.443274561023000002
0.443292341511999977
0.443171506832999995
0.443248318086999993
0.443396411800999979
0.443134573995999981
0.443123298810000010
0.443169741815000018
0.443186390275999986
0.443466510217000009
0.443504133587000027
0.443394517262999999
0.443380808377999980
0.443151029249999995
0.443101218530999985
0.443104858302000026
0.443309047617999996
0.443230343048000019
0.443118314841000005
0.443161369781999992
0.443289005773999989
0.443258884364999994
0.443278920279000010
0.443150873526000022
0.443303214305000026
0.443326661306999992
0.443374894299000011
0.443224101403000004
0.443266696725999998
0.443203966329999977
0.443265859814000018
0.443300583655000024
0.443471030923999976
0.443340484822000003
0.443342742125000022
0.443440736597999985
0.443339848872999986
0.443255693321000011
0.443230072902999983
0.443397755580999975
0.443244089735000013
0.443394724558999975
0.443274397897000016
0.443315711614000019
0.443112941169000019
0.443054222782000018
0.443179690198000020
0.443304502849000026
0.443117852252999989
0.442995784632999989
0.442986327765999999
0.443023312820999993
0.443104565765000014
0.443066022497999978
0.443292988715999980
0.443310086629000011
0.443340735972000022
0.443289803009000005
0.443394871259000012
0.443307080517999996
0.443281159842999983
0.443468221444999977
0.443459819077999973
0.443335417489999994
0.443362496175999987
0.443386895304999973
0.443243655135000025
0.443463184974000002
0.443454158689999989
0.443227673054999993
0.443246973606999994
0.443079520524000015
0.443102544938999976
0.443247169996000001
0.443130069474999999
0.443311640991000011
0.443130388928999974
0.443059524476000000
0.443157796396999981
0.443225142821999984
0.443266157667999983
0.443200747113999982
0.443164048629999974
0.443125634187999995
0.443292467801000012
0.443208139993000017
0.443341133709000024
0.443199026115000005
0.443194874487000012
0.443121262650000014
0.443131848265999995
0.443095616013000015
0.443190379937000001
0.442995328061000004
0.442996144408000003
0.442985273545999980
0.443053665252000017
0.443116204223999999
0.443164277380000027
0.443480165596000009
0.443485123847999985
0.443340626296000018
0.443588322694999981
0.443439412304000025
0.443320063508000017
0.443191181182999994
0.443384325329999995
0.443230555591999975
0.443399300883000003
0.443555374700999983
0.443550539327999982
0.443462773280000000
0.443153489931999989
0.443100782034999974
0.443230686137999985
0.443096146144000003
0.443219893468000004
0.443432512875000018
0.443250589799999983
0.443488509596999980
0.443466502919000027
0.443451674670000018
0.443465563414999986
0.443298449867000011
0.443234530121999981
0.443239437893999999
0.443449115655999981
0.443411814324999987
0.443292526808999998
0.443318405507000024
0.443374291673999998
0.443217508054000009
0.443230585881999983
0.443363539437999998
0.443488987634999998
0.443276896157000000
0.443214370216000020
0.443387653441999985
0.443485252100999983
0.443379329940000011
0.443158260696000006
0.443189108265000020
0.443190152823999983
0.443266956280000013
0.443498516434000012
0.443338861633000014
0.443360414631000010
0.443269402189000017
0.443384080695999994
0.443627461152000024
0.443522164118999973
0.443264704660999986
0.443250691267999986
0.443095549004999978
0.443025606442999986
0.443362267706999991
0.443267676845000014
0.443356969892999997
0.443338110110999994
0.443452828094999973
0.443310990292999973
0.443404690955000014
0.443192656653999983
0.443305391990999997
0.443087537877000004
0.443179296798999978
0.443177471461000005
0.443401460801000014
0.443319971082999975
0.443354281801999983
0.443268783170999991
0.443378969399999989
0.443467324355000025
0.443363057542000005
0.443580423913999988
0.443573331745999999
0.443562552255999998
0.443481933699000019
0.443481297697999988
0.443362460678000003
0.443309105915000001
0.443297766573999996
0.443277596233999982
0.443182655518000013
0.443360407155000025
0.443337986874000001
0.443312330756000017
0.443213294711000017
0.443173065443999981
0.443365331967999987
0.443360566988000027
0.443319572429999975
0.443415409046999998
0.443512614064999977
0.443320028290999979
0.443653510189999989
0.443578070380000022
0.443279729106999976
0.443351395649000002
0.443325493708000007
0.443298650750000023
0.443305529656000008
0.443383988540999974
0.443298947133999977
0.443351292517000006
0.443318640478000014
0.443549867955999988
0.443527489112999995
0.443313183898999985
0.443212918858999994
0.443203699713999977
0.443372004754999993
0.443106242360999991
0.443171945790000021
0.443349115224000001
0.443256115296999986
0.443322287066999998
0.443206458931000025
0.443276745330999977
0.443232496008999999
0.443235786636999973
0.443333013853999980
0.443601182779999992
0.443386012807999996
0.443246513720999991
0.443273953260999998
0.443270881735000011
0.443087913022000013
0.443359335475999983
0.443278226421000010
0.443356642941000023
0.443118645498000008
0.443413076372999981
0.443238257869999985
0.442958068132999983
0.443112244960999990
0.443223391455999982
0.443146416330000015
0.443083770528999998
0.443094250851999993
0.443132386917000021
0.443259829922000026
0.443512536080000019
0.443432685621000022
0.443331886028999977
0.443342209129999998
0.443374058896000012
0.443175894391000025
0.443315243021999983
0.443360589267999983
0.443430041411000009
0.443501216216000027
0.443454891317000000
0.443577989531000028
0.443587286281000026
0.443293627202999974
0.442980018214999993
0.443221834009999982
0.443224143677000026
0.443365968145999989
0.443530357021999999
0.443227921206999997
0.443137705222000022
0.443367535372999999
0.443136225158999975
0.443466093782000026
0.443324278698000007
0.443490842137999997
0.443474173364000024
0.443301386075000026
0.443397064502999982
0.443553290888999974
0.443390503308999984
0.443394980002999983
0.443367012273999994
0.443323231496999981
0.443365350248999979
0.443320539382000001
0.443116455347000004
0.443012387268000019
0.443377526099999975
0.443289994028999990
0.443361798596000001
0.443358278662999983
0.443349360774000001
0.443285134453999974
0.443359568967000017
0.443410215521000017
0.443347837435999981
0.443305421049999981
0.443313764800000010
0.443114121493999980
0.443342970655000002
0.443402374456000004
0.443332310853999989
0.443245392387000003
0.443275457014000007
0.443264453408000025
0.443177335602999989
0.443178364070999975
0.443309087905999988
0.443412374431999989
0.443338979121999988
0.443257637124000015
0.443452839925999986
0.443589561326000026
0.443607868430999974
0.443479056224000023
0.443293715628999996
0.443284845036000019
0.443456094294999992
0.443539900747999982
0.443582223102999995
0.443571979775000014
0.443450257229000000
0.443302637632999985
0.443583706537000022
0.443516662414999985
0.443416529158000006
0.443171704775999986
0.443343796896999987
0.443279724933999975
0.443197316790999996
0.443190429496000016
0.443109285028000011
0.443390148403999984
0.443192557277999999
0.443141816264999988
0.443201501577999979
0.443298071986999997
0.443252802622000008
0.443171584381000017
0.443205485687000023
0.443354672025999985
0.443342089077999990
0.443358022668999985
0.443349225485999976
0.443269583919000010
0.443297510944999973
0.443188338421000028
0.443452139879000007
0.443413599872000019
0.443312560088999996
0.443223275319000021
0.443343014009000003
0.443534103658000001
0.443581556953999978
0.443444316956000006
0.443348182490000020
0.443211071878000018
0.443625391591999985
0.443406463507000026
0.443359958072000016
0.443418412711000021
0.443273441804000023
0.443204652530000021
0.443137347931000014
0.443196760422999991
0.443458450956999983
0.443421478855999973
0.443201073235000020
0.443281283922000002
0.443487308520000012
0.443418839637000017
0.443495355764000010
0.443408801640999994
0.443386435154999980
0.443251753924000014
0.443310691619999975
0.443424664181000017
0.443628508826000023
0.443610617955999986
0.443519371697999987
0.443359230471000010
0.443224153135999999
0.443302795019999973
0.443300422947000006
0.443423823850999987
0.443283116058000026
0.443372449966000004
0.443236926538000009
0.443128680112000017
0.443139528278999995
0.443435424415000001
0.443631382108999994
0.443512524246000017
0.443383409760999991
0.443297042056000012
0.443410283216999990
0.443144462208000023
0.443185783559999991
0.443183375955999992
0.443342696633000022
0.443326257697000015
0.443405852541999990
0.443529441924999990
0.443395064629000024
0.443328735530999996
0.443206954972000022
0.443052644117000016
0.443265952809999975
0.443372999622999975
0.443524856312000004
0.443410099521000023
0.443463017316000019
0.443183844290000017
0.443117596087000021
0.443178564905999994
0.443211141844999990
0.442990931560000023
0.443048684244000013
0.443151707821999974
0.443154933522000027
0.443070462709000024
0.442941011050000000
0.443202781147999991
0.443373016728999980
0.443143522123999989
0.443134533946999976
0.443189585328999991
0.443031204811999979
0.442942586846000019
0.443183953525999985
0.443337559325000019
0.443478289673000015
0.443343923804000006
0.443185260954999993
0.443298796646000026
0.443192335689999994
0.443349967133000011
0.443336656050000000
0.443325794132999995
0.443301468335000004
0.443296688880000012
0.443396462265999991
0.443508301672000005
0.443507474598999973
0.443358252826999977
0.443263252067000013
0.443288627150000003
0.443251426539999993
0.443462532377999985
0.443221550073999992
0.443296717534000018
0.443170811888000005
0.443250560081999978
0.443446427982999991
0.443354766311999993
0.443347411031000005
0.443326343196000006
0.443215595475000002
0.443326083967999995
0.443564080247000003
0.443507813452000021
0.443529483426000015
0.443384481483000026
0.443235247205000016
0.443198674854999974
0.443266327507999991
0.443378561313000019
0.443297537111000006
0.443401550337000017
0.443610883878000017
0.443473437046999985
0.443236547119000013
0.443336054076000019
0.443305451090000024
0.443363318813999985
0.443126183294999976
0.443060789075000017
0.443244763684999987
0.443300138625999984
0.443175032801999991
0.443213757895999982
0.443241102506000018
0.443226954155999997
0.443226473156000000
0.443224840941000009
0.443126727005999976
0.443041968336000014
0.443268665745999990
0.443228905682000018
0.443392938507999990
0.443415417691000013
0.443561166363000026
0.443429941900999991
0.443499116244999991
0.443457164269000004
0.443292669676000006
0.443431783666999979
0.443214311641999981
0.443193907059000025
0.443175792908000021
0.443304395788000016
0.443217425025000000
0.443097972454999989
0.443333862603000006
0.443385798476000015
0.443540119600999982
0.443423807835000017
0.443164308755999992
0.443122163454999995
0.443266765376000016
0.443145774709999996
0.443138009820999990
0.443095860831999977
0.443069786159000001
0.443232622094999973
0.443166181829000028
0.442958742633000002
0.443054021445000001
0.443134261633999993
0.443060033537000020
0.443067010732000000
0.443092499066000012
0.443237086266000002
0.443119841795000025
0.443123721269000015
0.443095778682000008
0.443020924297999996
0.443054544941999973
0.443202089382999986
0.443186148246000000
0.443075614171999976
0.443122616442000017
0.443285078787999998
0.443245920575000008
0.443016526487000017
0.443131488613999980
0.443009172680000007
0.443146502502999973
0.443169211311999989
0.443155366536000017
0.443354518651000007
0.443167526162000003
0.443236755538999994
0.443282701542999980
0.443424555762999995
0.443390884180999978
0.443446810520000012
0.443483938507000020
0.443334794914999997
0.443390052320000005
0.443296987711999990
0.443378329962999973
0.443348101868000000
0.443423677979000008
0.443389641044000027
0.443216483092999991
0.443178221844000020
0.443297462285999977
0.443331449840000003
0.443339556352000008
0.443386991281000009
0.443255015016999987
0.443209854012000026
0.443375200227999977
0.443352901668999988
0.443179477361999974
0.442959037569999992
0.442918679721999997
0.443136914611000021
0.443270103964999995
0.443100009327999977
0.443194926179000026
0.443173920825999990
0.443154567060000004
0.443252758881999998
0.443308688429000008
0.443338068227000004
0.443291524388999991
0.443258810208000009
0.443101299311999985
0.442963733874000010
0.443124088954000017
0.443182204066999985
0.443249098175000023
0.443222095702999974
0.443282841460999999
0.443228908277999989
0.443327385465000001
0.443119673539999981
0.443150014056000019
0.443199924768999998
0.443149779733000015
0.443025851513000002
0.443223215446000018
0.443349179988999975
0.443250377377000015
0.443132932405999991
0.442934204657999986
0.443178014033000001
0.443308591852999978
0.443138545381000004
0.443321231077999978
0.443417577098000004
0.443329020927999973
0.443512306472999995
0.443367695831999975
0.443387826790999973
0.443423718743999995
0.443160151331999985
0.443355738938000010
0.443351016240000007
0.443325665485000020
0.443337041403000010
0.443309175988999993
0.443276547621999972
0.443355802608999983
0.443375837178999976
0.443460296041000013
0.443393036701999976
0.443343844461999981
0.443460673851000020
0.443445162660999981
0.443338044272999998
0.443153790852999996
0.443307426976999985
0.443294046521999996
0.443221274147000022
0.443120105237999995
0.443204082230999996
0.443423592338999972
0.443361841234999998
0.443035981149999980
0.443350158506999992
0.443469071316999974
0.443538864043000025
0.443438489544999981
0.443287810735000010
0.443221980758999989
0.443285068755999989
0.443319374627999974
0.443353058871000016
0.443328470636999983
0.443312975835999989
0.443201001483999990
0.443360749835000012
0.443365656423999999
0.443333093841999981
0.443257253570999987
0.443101809750000020
0.443070742663999984
0.443096902761999978
0.443356454441000025
0.443211249502000026
0.443404429885999984
0.443305365983000021
0.443210647946000014
0.443220573572000009
0.443270283180999980
0.443210487769000017
0.443163953762000018
0.443085058056000014
0.443334020657000005
0.443309393551999997
0.443117526578000021
0.443233803162000006
0.443370565127000016
0.443319608159999989
0.443277471984000027
0.443324336240999983
0.443249630180000020
0.443093852141000000
0.443216593011000026
0.443161631203000006
0.443201560571999997
0.443184637004000015
0.443344708997999992
0.443304698097999994
0.443223154324000002
0.443087034870999985
0.443243572714000000
0.443478286409999978
0.443365818661999977
0.443326239193999994
0.443382023768000011
0.443419225091000013
0.443307322531000025
0.443425640138999988
0.443281476600999980
0.443301734389999980
0.443316428653000028
0.443355640408999996
0.443352697527999995
0.443316823234000013
0.443443429138999978
0.443415473143999983
0.443350924011000014
0.443323356853999984
0.443290953047999980
0.443405322855999984
0.443390483930000023
0.443205547220999974
0.443276814444000022
0.443294332264999980
0.443162235775000024
0.443110435764999977
0.443269598697999978
0.443236338321000012
0.443345190562999980
0.443366484304999975
0.443310703154999985
0.443198706689000022
0.443090696835999998
0.443266820710999987
0.443333458790000023
0.443333113451000016
0.443208717924999995
0.443179230975999983
0.443084903099000005
0.443177451561000024
0.443180599196999980
0.443279960392999994
0.443442896473999981
0.443359375893999985
0.443291069082000000
0.443380077401999972
0.443337928962000027
0.443517068976999995
0.443221710568000027
0.443340830580000012
0.443293421174000002
0.443272835362999995
0.443285516996999973
0.443253342436000008
0.443349377870000005
0.443221031051000025
0.443184351900999973
0.443243837257999984
0.443251652940000018
0.443140412666000016
0.443149188628000013
0.443086256058999983
0.443140286137999995
0.443182484528999998
0.443145846125000020
0.443078498298000001
0.443170198143999994
0.443357835699999980
0.443098227918000021
0.443054265865999997
0.443252729999000006
0.443128646843999996
0.443048174420999974
0.443228930101000007
0.443154718005999981
0.443122364438999994
0.443187203669999974
0.443279276364999975
0.443199455146999988
0.443067220985999988
0.443321921627999993
0.443188700042000006
0.443215045686999987
0.443147991445999978
0.443238014891999987
0.443385128387999983
0.443447240588999980
0.443423019488999981
0.443177503330999978
0.443369414826000008
0.443238292224999997
0.443190984567999990
0.443245085985999987
0.443236923067000022
0.443252095871000007
0.443092122107999975
0.443110666428999989
0.443119557208999981
0.443165051869999993
0.443387804215999992
0.443385377952999982
0.443431901906000014
0.443409525395000004
0.443308527941000008
0.443380403121000022
0.443560294420000001
0.443542659238999992
0.443326110182000022
0.443335999445999995
0.443536679865000005
0.443376744140999979
0.443391524594999975
0.443390616871999987
0.443452071228999989
0.443391090499999974
0.443349527751999983
0.443127820163000008
0.442979313069999991
0.443090662635999999
0.443092951228999998
0.443414543177000020
0.443452405338000011
0.443230856130999995
0.443430054465999979
0.443385264213000008
0.443398644246999984
0.443253806387999993
0.443394252659999988
0.443367070497000026
0.443242668057000022
0.443329619243000017
0.443273748759999975
0.443413290778999991
0.443249801614000016
0.443212626659999998
0.443142457918999977
0.443202207367000001
0.443097666301000004
0.443337460354000013
0.443399167518999993
0.443320238538000011
0.443357393860000004
0.443201112833000010
0.443203586663000026
0.443333085251000014
0.443226404610000013
0.443262806855000024
0.443209506036999989
0.443217525926000000
0.443186307707999994
0.443203128808000002
0.443217239337000024
0.443391008693000022
0.443220002926999979
0.443220496470999981
0.443000267926000002
0.443101892153999977
0.443223671001999997
0.443390475620999980
0.443249259918000016
0.443109729128999985
0.443060342075000002
0.443199683319999982
0.443179226606999987
0.443350588212999996
0.443403314606000021
0.443633854119000026
0.443481408487000017
0.443251219304999999
0.443444012948999988
0.443373820819999986
0.443397339609999996
0.443480892884000000
0.443173700893999989
0.443203186796000015
0.443274981891999986
0.443150252739999972
0.443244613349999983
0.443107935673999975
0.443340746966999988
0.443449473478999989
0.443185184053000003
0.443203295306000000
0.443298644931000019
0.443196163300999979
0.442999386559999986
0.443159837305000026
0.443178324996000017
0.443428526263000000
0.443411342744999992
0.443253342197000022
0.443208237008999972
0.443161459260000001
0.443162915039999994
0.443245796192999975
0.443309049078000006
0.443359973799999973
0.443249593270999998
0.443138621462999982
0.443283882949999986
0.443219035252999993
0.443263466446999987
0.443258855690000009
0.443275736420000011
0.443557308154999996
0.443634334314999990
0.443671515188000021
0.443457362457999993
0.443460886541000021
0.443568731453000020
0.443359378319999997
0.443415041476000027
0.443176638986999993
0.443444363585000001
0.443369221816000025
0.443335991810999974
0.443431281060999993
0.443305033524000025
0.443250931829999972
0.443457382146999979
0.443193685030999984
0.443355102321999983
0.443366125787000021
0.443353834559999993
0.443320326199000025
0.443385754276000021
0.443378158781999987
0.443419540850999994
0.443170834143000014
0.443083858827999999
0.443188130565000005
0.443125978601000003
0.443121871790000010
0.443101402334000027
0.443101054895000013
0.443127567541000023
0.443225642071000014
0.443122257683999987
0.443203813758999976
0.443151052160000003
0.443197353573999975
0.443258466588000000
0.443355847414000026
0.443371939719000019
0.443236253866000018
0.443399784803000019
0.443473597544000009
0.443458233609999974
0.443358742676000006
0.443290983179000009
0.443221582461999997
0.443351569738999973
0.443315223736999997
0.443260000571999990
0.443161369814999984
0.443190863208999974
0.443218900152999973
0.443101327714000015
0.443289455180999992
0.443211738597000027
0.443267150062000015
0.443308995553000018
0.443371372096000027
0.443305480031999988
0.443444986147999987
0.443430902715999997
0.443489484029000014
0.443507632122000006
0.443381246743999979
0.443451199532000018
0.443463696307999977
0.443311540891000000
0.443266484730000021
0.443327028015999991
0.443430842205000009
0.443227729322999975
0.443209099160999986
0.443296565147999977
0.443308260396999998
0.443240994865000015
0.443356025636000017
0.443208580470000002
0.443259216454000016
0.443292417689999996
0.443222455103000013
0.443085797825000016
0.443063382730000010
0.443062223580000025
0.443007717437999993
0.443165555328999983
0.443424158750000019
0.443422435657000014
0.443477005285000003
0.443311780573000025
0.443283831429000019
0.443451100067000004
0.443474538300999976
0.443498122129000028
0.443309830359999990
0.443335186167000017
0.443305846328000019
0.443263351841999997
0.443441364068999977
0.443193617797999984
0.443433533335000019
0.443401585107999985
0.443456080084000004
0.443478364996000018
0.443370775803999972
0.443355963613000004
0.443372667077000016
0.443319816764999985
0.443507534905999978
0.443382083767000001
0.443326242342000021
0.443396839110999974
0.443553776843999992
0.443274372819000007
0.443199651533000005
0.443325684892000027
0.443191646878999979
0.443221324270999972
0.443180789859999980
0.443370547168000007
0.443156026862999985
0.442999399929000004
0.443233631923000027
0.443278819573000027
0.443261406049999973
0.443186047781000014
0.443237524009999995
0.443317186987999989
0.443593465618000005
0.443678525004000013
0.443510994232000022
0.443480870661999982
0.443385468650000003
0.443131516286000005
0.443134503387000001
0.443229636463999987
0.443342253379999995
0.443498524981999986
0.443312322844000017
0.443356457446999974
0.443335328184000010
0.443308206721999998
0.443288028908000009
0.443137443156999988
0.443137792551999976
0.443127027755999991
0.443158132531000004
0.443085174879000010
0.443186330043999988
0.443170805148999980
0.443138767852000015
0.443028132813999997
0.443078767782000005
0.443218265441000014
0.443171968653000015
0.443375901444000020
0.443402313351999977
0.443283074433000024
0.443278671961999993
0.443334560722999982
0.443197494954000015
0.443229105246999988
0.443240953323000009
0.443495890017999994
0.443508876689000020
0.443425910355000008
0.443367028441000011
0.443548944742999995
0.443359912437999992
0.443476006960999980
0.443333731000000009
0.443119952882000012
0.443363870363000012
0.443383270411999986
0.443425754790000015
0.443282861921000026
0.443408510319000027
0.443514432745999998
0.443290058837999990
0.443124278428000007
0.443214832695999983
0.443331151443999982
0.443187233765000022
0.443134860846000012
0.443193889846000000
0.443406654170000025
0.443457143361000006
0.443457886887999975
0.443199078557000026
0.443137606166999987
0.443213116367000004
0.443076248165000020
0.442848267615000013
0.442943527211999977
0.443272838482999976
0.443144620270000011
0.443096978197999980
0.443313332063999976
0.443352726222999982
0.443431825797000023
0.443397113911000007
0.443273908539000006
0.443484050886999992
0.443330093754000010
0.443444433716000008
0.443585247849999975
0.443331969657000002
0.443369422203000019
0.443347480239000002
0.443278836745000016
0.443237514591000026
0.443208338889999998
0.443257159274999979
0.443115702108999976
0.443186909532000017
0.443291188112000023
0.443430550959000025
0.443283787923999972
0.443274812148000019
0.443327131415000020
0.443221790504999991
0.443198423226999982
0.443196086330999994
0.443120223036000016
0.443167180316999976
0.443188279151999986
0.443171066073999975
0.443245285845999981
0.443269315228999983
0.443067590778999987
0.443167126450000004
0.443213264720000000
0.443177111281999991
0.443361084906000014
0.443168850901000000
0.443114048993999976
0.443109739700999983
0.443197593695999981
0.443215977278999973
0.443375671367999991
0.443248720375000016
0.443201643874999995
0.443173657002999988
0.443175016244999997
0.443408313393000020
0.443235997938999982
0.443245481953000009
0.443194401386000025
0.443225657095999981
0.442950415983999979
0.443052986200999976
0.442919073735999980
0.442982520805000002
0.443137303137000005
0.443172306618000000
0.443279708792000016
0.443264216458999993
0.443308991952000020
0.443243100807000023
0.443340036549000005
0.443265358323999992
0.443348416961000025
0.443316824542999977
0.443306716089000019
0.443206571848999975
0.443316551936000003
0.443336617509999975
0.443575783102000021
0.443474166005999981
0.443411839623999993
0.443326946344999973
0.443303645076000008
0.443240564988999997
0.443406132276999987
0.443153040459999981
0.443166170596999975
0.443212564698000022
0.443018454512000004
0.443250663370000020
0.443316932411000009
0.443091665294000014
0.443248368685999983
0.443383814877999993
0.443333023960000017
0.443131576249000014
0.443169394784000026
0.443397963131999973
0.443249334210999990
0.443291072592999991
0.443356198912000010
0.443349705052999976
0.443339318230000001
0.443318188512000000
0.443385191480999974
0.443188227283999980
0.443024870412999983
0.443205093240999992
0.443291466560000014
0.443103791247000001
0.443135507061000022
0.443207768760000009
0.443338765455999984
0.443194071221999997
0.443309006816999973
0.443114627167999986
0.443096547454000012
0.443051863355999997
0.443136758121999985
0.443275444138999997
0.443185965081000000
0.443456685276000018
0.443313202462000011
0.443226950441000023
0.443327132615000008
0.443401414872999999
0.443509923784000004
0.443436575406000011
0.443219048424000006
0.443351040581999978
0.443147372195000000
0.443040997017000004
0.443245572141999999
0.443162341899999979
0.443365882420000024
0.443385742703000019
0.443591750587999989
0.443454450193999983
0.443516742181000012
0.443266895504999980
0.443513669549999989
0.443404975987000016
0.443411996417999998
0.443457694322999973
0.443338982305999996
0.443322880606999981
0.443188864916999992
0.443082076998999985
0.443332252117000003
0.443377854090000023
0.443231477958999975
0.443197630329999981
0.443093661979000020
0.443312593041999992
0.443288102994000011
0.443151892258999980
0.443282025385000000
0.443050119242999974
0.443026886939999975
0.443123380439999992
0.442985959633000026
0.443080020349999992
0.443035463382999983
0.442970933999000005
0.443249291019000013
0.443159173211999990
0.443054248686000018
0.443174484427000026
0.443214888758000025
0.443366471054999989
0.443239882586999978
0.443160997687000013
0.443020123378000008
0.443134266271999977
0.443071104458000020
0.443131090102000025
0.443255922299999994
0.443345483533999996
0.443289987657000006
0.443274312559000017
0.443410250032000020
0.443335187485999982
0.443431247935999973
0.443388711712000005
0.443263603850999999
0.443323552552000011
0.443150119063999981
0.443188664662999998
0.443330258290999979
0.443349811802999982
0.443458436329999983
0.443475916322999986
0.443386396449000020
0.443433101948000008
0.443359225390000000
0.443329264303000015
0.443361117598000010
0.443281564449999999
0.443205306046999981
0.443206036325999975
0.443330875482000009
0.443293518142000020
0.443243168297000001
0.443060785811999980
0.442916438610999996
0.443138431326999982
0.443015205871999995
0.443041933255000020
0.443258071671999987
0.443340090552999999
0.443403472753000016
0.443349559840000018
0.443326416054000028
0.443060865598999987
0.443422761559999989
0.443368814000000000
0.443478904386999995
0.443542869612000012
0.443487517506999995
0.443318248309999996
0.443305614967999972
0.443473006707999995
0.443259466822000014
0.443289525442999988
0.443345450550999998
0.443225416210000001
0.443109922860000005
0.443181786899000008
0.443128342449999990
0.443197694171000023
0.443150991724000021
0.443305588824999985
0.443208838315000020
0.443142004907999987
0.443146541954999973
0.443010372348999981
0.442956879254999991
0.443055271257999983
0.443129150683000017
0.443455851038999982
0.443425345008000016
0.443640533858000008
0.443447349559000004
0.443248045357000020
0.443686906059000019
0.443660265531000020
0.443465508476000025
0.443477134373999993
0.443331568627999995
0.443339131218000004
0.443392875786000007
0.443567648995000008
0.443293410449999981
0.443276383310000022
0.443319916581999984
0.443343440425999991
0.443306561325999993
0.443310555075000001
0.443292029127999976
0.443348924674000000
0.443300051912999982
0.443332123926999999
0.443229904068000002
0.443447512883999972
0.443282708645000023
0.443242511524999994
0.443346192053000021
0.443275670085999995
0.443493394962999998
0.443450807316999984
0.443392160809999991
0.443334203586999986
0.443313588613000020
0.443473128740000000
0.443399430741000022
0.443456093659999995
0.443349282608999973
0.443295551374000008
0.443331215220000019
0.443298426841000015
0.443582982858999997
0.443473966273000009
0.443331085163000016
0.443262353541000020
0.443219164386999986
0.443450653014999974
0.443463951237999976
0.443301783324999976
0.443081863793999997
0.443029766050999974
0.443217459365000011
0.443111900122000024
0.443304638779999982
0.443349032560000023
0.443078093148999985
0.443358850977999985
0.443401369504999976
0.443207492909000023
0.443242579929999991
0.443103078473000012
0.443181725512000024
0.443187342854999999
0.443240491821999982
0.443131433043999989
0.443088769647000003
0.443202077987999987
0.443242159522000023
0.443217845315000025
0.443265308043000017
0.443374627967999979
0.443160663027000024
0.443060439668999995
0.443091744908999996
0.443195254310999986
0.443297901429999974
0.443328584347000010
0.443300961950000016
0.443342045612000024
0.443192076940999991
0.443068959190999978
0.443034132791000013
0.443330782299000026
0.443464758224999978
0.443527075064999998
0.443393102804999995
0.443486139684000025
0.443504907195000020
0.443403183039000004
0.443308743339999978
0.443398160998999979
0.443466263066999988
0.443480851560000000
0.443329951193999983
0.443385793252999982
0.443347526574999984
0.443508861852999980
0.443429534863999997
0.443542464272000003
0.443616538629000023
0.443641600791999990
0.443355443635000013
0.443326304713999975
0.443234618452999996
0.443288589685999990
0.443444625081999999
0.443610565090999998
0.443726138800000003
0.443692163021999986
0.443235083899999993
0.443181798261999993
0.443361257279999976
0.443204270404999989
0.443225219233999990
0.443253972589999989
0.443349761514999996
0.443502920193000028
0.443144650330999978
0.443140756497000021
0.443317670343000014
0.443190261116000017
0.443276466855999973
0.443358898644000021
0.443337919437999994
0.443010487223000016
0.442867418012000025
0.443215443616999993
0.443288954547999992
0.443531982248000001
0.443411532080999982
0.443484301370000000
0.443423047605000009
0.443595732264999987
0.443373997460000002
0.443565594923000017
0.443561949741999972
0.443380953703000014
0.443346592834000020
0.443500536044000027
0.443499529482999977
0.443497547780000001
0.443389555308000005
0.443260309515999984
0.443250021155000007
0.443395345750999981
0.443322191684000000
0.443355632207000028
0.443225838864000021
0.443362222660000027
0.443386763035999998
0.443319248704000024
0.443316604218999988
0.443101915515999978
0.443181976329000027
0.443240200721999988
0.443203319157999986
0.443099621167000024
0.442902458886999972
0.442919264036000015
0.442835343466000009
0.442952081132999997
0.443297227873000022
0.443310736049000009
0.443197061903999989
0.443176677701999977
0.443008866793000000
0.443117413665999993
0.443018286809000017
0.442936098579000015
0.443112210549000018
0.443340879179999980
0.443331402691000021
0.443386429337000010
0.443380754807999988
0.443451735396000024
0.443375288776000021
0.443362078320999997
0.443265470775000003
0.443262380923000021
0.443489885457999999
0.443329138585999982
0.443371359457000014
0.443453754636999986
0.443337870497000019
0.443405187576000004
0.443214763018000002
0.443209673992000008
0.443349201385999980
0.443231482971000013
0.443232465139999976
0.443181566628000012
0.443331518024999982
0.443260624586000018
0.443392380947000009
0.443301819004999986
0.443346830164000005
0.443359644323999991
0.443407828349999977
0.443495682865999996
0.443679424501000008
0.443273124083000014
0.443337762874999985
0.443212549296000013
0.443391142294000007
0.443336608623999984
0.443220398815000027
0.443170352308999982
0.443352429459999975
0.443285282306000006
0.443352825459000011
0.443508567211999993
0.443541409017999988
0.443587995705999993
0.443573553906000007
0.443410944352999992
0.443591877071000007
0.443239384201000008
0.443307043409000012
0.443335707646999977
0.443064466391000000
0.443281695078000026
0.443348073454999991
0.443202217490999972
0.443393406348999986
0.443213310365000002
0.443294272639000009
0.443240684238000004
0.443245068738000014
0.443254040439999997
0.443167011818000001
0.443252925550999988
0.443176224765999993
0.443250970377999987
0.443316432905000002
0.443241350977000015
0.443280685678999975
0.443028538816000017
0.443086436939999995
0.443240631571999999
0.443259947509999974
0.443322473248000004
0.443364404373999987
0.443359414752000025
0.443098666098000027
0.443206659522000002
0.443104867884999976
0.443349879168000005
0.443183445547999988
0.443158484839999978
0.443042756820999972
0.442943778436000024
0.443127189890999973
0.443505248600999991
0.443433339061000020
0.443649854984999981
0.443549672969999975
0.443570242542000004
0.443520300358999975
0.443303917983000006
0.443383121345999998
0.443319360877000024
0.443287337911999979
0.443326140568000016
0.443531766654000015
0.443637983800000024
0.443541903974000007
0.443369716844000006
0.443178628475999981
0.443124364287000028
0.443279798225000021
0.443310974816000014
0.443474077944999989
0.443313281718999974
0.443207441952999992
0.443095025219999994
0.443216212137999999
0.442909871753000006
0.443225591149999987
0.443241427480999983
0.443280981545999986
0.443338817842999999
0.443402101695999973
0.443314290158999980
0.443314200345999998
0.443173340583999986
0.443239525485000008
0.443156931636999984
0.443175833317000001
0.443273218969000016
0.443187305360000006
0.443263819883999988
0.443203867058000023
0.443193532364999976
0.443202772304999992
0.443199061913000014
0.443051312352999993
0.443160770897000011
0.443106227056000002
0.443305251344999984
0.443070658359999980
0.443272658159999999
0.443276458510000027
0.443425911424999986
0.443138237933000001
0.443320445552000009
0.443118247309000013
0.443220790591000002
0.443333332675000025
0.443289451885999997
0.443162954760999983
0.443393520084000015
0.443530663980000017
0.443398830957000001
0.443397790040999995
0.443312201194000000
0.443299694114999976
0.443312090173999973
0.443281076258000006
0.443393122149000007
0.443349463270999999
0.443381691096999986
0.443318223620000007
0.443225578625000005
0.443266916130000022
0.443300070037999983
0.443176055519000023
0.443182083122000026
0.443083170877999977
0.443082724378000004
0.443110446514000000
0.443223568888000019
0.443275505002000025
0.443404399424999984
0.443434979170000021
0.443355614047000024
0.443209254584999990
0.443403257203000001
0.443407845309999993
0.443144715211999995
0.443087836710999994
0.443004755355000002
0.443169243135000002
0.443156157730000000
0.443214553565000002
0.443321302033999998
0.443351129687000023
0.443170279655999977
0.443388228476999990
0.443311231989999999
0.443248666289999982
0.443396692987999996
0.443163989525000024
0.443469965452000014
0.443469648571000019
0.443287834639000011
0.443232637335000013
0.443207335378000000
0.443259344238000008
0.443162012729000021
0.443190431532999973
0.443241040857000002
0.443325826932999989
0.443272618870000024
0.443358408884000021
0.443388191001000020
0.443488151757999993
0.443462206643999990
0.443436442884000026
0.443417567030999993
0.443403756272000016
0.443199752107000022
0.443142281161999996
0.443074814894000024
0.443143039864999977
0.443153995701999981
0.443172795562000010
0.443209496782000001
0.443353876490000021
0.443284746981000011
0.443097922252999987
0.443123030189000011
0.443391841032000023
0.443452700164999991
0.443388988385999994
0.443536725021000000
0.443423435709999980
0.443495369698000019
0.443509272778999986
0.443362349365999997
0.443391861787000019
0.443351777253000012
0.443345322879000026
0.443301575989999974
0.443394669893000026
0.443456265422999985
0.443423263176999982
0.443392064397000019
0.443486992648000011
0.443359604327000001
0.443274637528000004
0.443256724039999994
0.443323072350000014
0.443311061457999978
0.443139474802000000
0.443200383284000021
0.443212937982999988
0.443084108533999987
0.442960269178999999
0.443070988886999972
0.443241850165000006
0.443259049314000009
0.443259656991000006
0.443113999631999989
0.442973643004999973
0.443086764229999985
0.443120654659000024
0.442931135643000018
0.443185025211999983
0.443196054093000003
0.443268632991000000
0.443197717100999977
0.443331357227000011
0.443168143394000014
0.443266366314000015
0.443251674072999979
0.443248430171000019
0.443442958218000005
0.443390285409999974
0.443296318982000004
0.443183874950000001
0.443420482930000026
0.443325423331999979
0.443213703331000020
0.443365977904000008
0.443431826074000002
0.443335938410999997
0.443145986313000007
0.443272561042000024
0.443333930418000011
0.443071964731000023
0.443222984832999989
0.443252563125999977
0.443285917716000011
0.443126675901000022
0.442966133084999991
0.443178133495999993
0.443333429960000025
0.443372751888000016
0.443110721526000007
0.443003862495999989
0.443033949925000003
0.443099444010999988
0.443104866405999998
0.443128473103999998
0.443292099837000020
0.443226446247000028
0.443105640545999990
0.443078465029000002
0.443188344780000021
0.443050684949999996
0.443254273026999990
0.443267826031000012
0.443291567281999976
0.443245848236999973
0.443008568117000012
0.443177207248000027
0.443335554153000022
0.443322688342000004
0.443370594750999991
0.443397114322000019
0.443193437011000002
0.443155526440000003
0.443195586756000015
0.443300700443000018
0.443424253255999989
0.443387447197000018
0.443388052894999996
0.443287687864000024
0.443305749897000001
0.443477632815000022
0.443371858597000013
0.443305762468999998
0.443137243045999996
0.443339010907999986
0.443387603211000014
0.443181011803000013
0.443270893235000019
0.443063399778000022
0.443058627317999998
0.442805263898999990
0.443035494814000008
0.443321873857000004
0.443135141038000002
0.443277338046000002
0.443209193434000004
0.443354412049999980
0.443378342119000013
0.443290312324999991
0.443400384904000022
0.443294025174000017
0.443054549565999989
0.443246757421000004
0.443305350443000012
0.443220245499999999
0.443136855637000004
0.443057661413999992
0.443224365078000004
0.442978006919000022
0.443192958839000006
0.443031350032000004
0.443037713657999987
0.442901760149000012
0.442831516591999985
0.442862499264999987
0.443011055549999977
0.443280981445000000
0.443240573395999982
0.443299826454999990
0.443456465023000013
0.443449291359999997
0.443357477472999972
0.443373291155999993
0.443328927907000014
0.443351542483000016
0.443215762936999991
0.443251178417000014
0.443319851769999995
0.443276577256999982
0.443051582825000012
0.443029166804999985
0.443145501316999979
0.443154944506000015
0.443084880178999996
